0.000000	-4.553332
0.000000	-0.870594
0.000000	0.125163
1.000000	-0.048497
0.000000	0.673226
0.000000	0.398299
0.000000	-0.154047
0.000000	-0.454266
0.000000	0.638486
0.000000	-0.407293
0.000000	-0.655408
1.000000	0.267513
1.000000	-0.529920
0.000000	-0.159875
1.000000	-0.095574
0.000000	-0.733705
0.000000	-0.205913
0.000000	-0.376053
0.000000	0.214586
1.000000	0.331920
1.000000	-0.342268
1.000000	1.110799
0.000000	-0.361160
0.000000	-0.588462
1.000000	0.806635
0.000000	1.092807
1.000000	0.352352
0.000000	-0.404173
1.000000	0.205700
0.000000	-0.087297
0.000000	-0.942976
0.000000	0.009694
0.000000	-0.516272
1.000000	0.953290
1.000000	0.474684
1.000000	0.626313
0.000000	0.643913
1.000000	1.013337
0.000000	-0.280965
1.000000	-0.388879
1.000000	-0.088504
0.000000	-0.108549
0.000000	-0.140225
0.000000	0.356711
0.000000	0.559723
1.000000	-0.184943
0.000000	0.338201
0.000000	-0.124770
0.000000	0.932912
0.000000	-0.273428
0.000000	-0.228866
0.000000	0.273514
0.000000	0.639436
0.000000	-0.088930
1.000000	0.492058
1.000000	1.498611
0.000000	0.672785
1.000000	0.967960
1.000000	0.162322
0.000000	0.265680
0.000000	-0.237666
1.000000	-5.562801
0.000000	0.381547
0.000000	0.920142
0.000000	0.769071
0.000000	0.409787
1.000000	0.588975
0.000000	-0.632561
1.000000	-0.162702
0.000000	0.775805
0.000000	0.897757
0.000000	0.274978
1.000000	0.365747
0.000000	-1.047313
1.000000	1.241707
0.000000	-0.335311
0.000000	-0.730930
0.000000	-0.045936
1.000000	1.175948
1.000000	1.708993
0.000000	0.354336
1.000000	-0.314973
0.000000	-0.378502
0.000000	-1.122403
0.000000	-0.347028
0.000000	-0.071703
1.000000	0.650284
0.000000	-0.342714
0.000000	0.274968
0.000000	-0.211845
0.000000	-0.734931
1.000000	1.508231
1.000000	-1.024080
1.000000	0.708718
1.000000	0.048875
1.000000	0.854980
0.000000	0.022398
0.000000	-0.237269
1.000000	0.620908
0.000000	0.706319
0.000000	0.156008
0.000000	-0.188484
0.000000	0.152573
0.000000	-0.884224
1.000000	0.561917
1.000000	1.245392
1.000000	0.479275
1.000000	-0.603121
0.000000	-0.506700
1.000000	1.394022
1.000000	0.271736
0.000000	-0.468061
1.000000	1.215905
0.000000	1.231883
0.000000	1.336567
0.000000	-0.559806
0.000000	1.366702
1.000000	-1.311686
1.000000	0.638320
0.000000	0.439218
1.000000	0.528289
1.000000	0.242927
1.000000	-2.296368
0.000000	0.568330
0.000000	-0.089681
1.000000	-0.121570
0.000000	-0.990865
0.000000	0.376804
0.000000	0.613039
1.000000	0.095622
0.000000	0.615111
0.000000	0.814581
1.000000	0.345055
1.000000	0.420272
0.000000	0.083712
1.000000	0.666891
1.000000	0.771730
0.000000	0.000322
1.000000	-0.071463
0.000000	-0.772348
0.000000	-0.210410
1.000000	0.322677
1.000000	1.167947
0.000000	0.233747
0.000000	-0.077447
1.000000	-0.917182
1.000000	0.328854
1.000000	1.548634
0.000000	-0.144385
1.000000	-0.776106
1.000000	0.054382
0.000000	-1.098659
1.000000	0.583691
0.000000	-0.242263
1.000000	0.627018
0.000000	-0.331842
0.000000	-0.738915
0.000000	-0.752181
0.000000	-0.068251
0.000000	-0.221253
1.000000	0.477232
1.000000	1.088202
1.000000	0.083462
0.000000	-0.275742
1.000000	0.537706
0.000000	-0.590961
1.000000	0.717990
1.000000	0.092285
0.000000	-0.269857
0.000000	-0.354819
1.000000	0.751060
1.000000	0.105644
0.000000	0.549726
1.000000	0.898165
0.000000	0.485512
0.000000	-0.294444
1.000000	1.441456
0.000000	-0.231864
0.000000	-0.367629
1.000000	0.193590
1.000000	0.688474
1.000000	0.722129
1.000000	0.584928
1.000000	-0.798097
1.000000	0.846469
1.000000	0.474198
0.000000	0.030999
0.000000	-0.165113
1.000000	2.278037
1.000000	1.130347
0.000000	0.112387
1.000000	0.757253
1.000000	1.338573
0.000000	0.305925
1.000000	0.616988
0.000000	0.297297
0.000000	0.028005
1.000000	0.158891
0.000000	0.951964
0.000000	0.459863
0.000000	0.376999
0.000000	0.539899
0.000000	0.148486
0.000000	0.022489
0.000000	-0.498731
0.000000	1.508272
0.000000	-0.148054
0.000000	0.936052
1.000000	0.203831
0.000000	0.349398
0.000000	1.189322
1.000000	0.677531
1.000000	1.715570
0.000000	-0.363917
0.000000	0.820469
1.000000	0.911208
1.000000	0.629845
0.000000	-0.003149
1.000000	0.836435
0.000000	0.454119
0.000000	0.228076
0.000000	0.885425
0.000000	0.460686
1.000000	1.498917
0.000000	0.759593
0.000000	0.422204
1.000000	1.198103
1.000000	1.226351
0.000000	0.822082
0.000000	0.660462
0.000000	0.483429
0.000000	0.224406
1.000000	0.776523
1.000000	0.634299
0.000000	0.545802
1.000000	0.346104
1.000000	0.491496
0.000000	0.656927
0.000000	0.619525
0.000000	0.367589
0.000000	0.159638
0.000000	0.387405
0.000000	0.500288
0.000000	-1.002150
1.000000	-1.096585
1.000000	0.494261
1.000000	0.540583
0.000000	-0.182543
0.000000	-0.805791
0.000000	0.117318
1.000000	0.340205
0.000000	0.342072
0.000000	-0.289970
1.000000	-0.078470
0.000000	0.075387
1.000000	0.253192
0.000000	-0.209730
1.000000	-0.298358
1.000000	0.024809
1.000000	0.284248
0.000000	-0.486324
0.000000	-0.156372
1.000000	0.753886
0.000000	0.148289
1.000000	0.679779
1.000000	0.811833
0.000000	0.078207
0.000000	0.946983
0.000000	-0.268953
1.000000	0.396599
0.000000	0.362875
0.000000	-0.001306
1.000000	0.874369
0.000000	0.724468
1.000000	0.692660
0.000000	0.754113
0.000000	1.295519
0.000000	-0.084476
0.000000	-0.627453
0.000000	-0.460774
0.000000	-1.431243
1.000000	0.128405
0.000000	-0.421653
1.000000	0.700674
0.000000	0.007276
0.000000	0.654567
1.000000	0.537168
1.000000	0.196756
1.000000	0.883810
1.000000	0.219284
1.000000	0.350731
1.000000	0.007711
1.000000	1.001725
0.000000	0.213837
0.000000	0.685556
0.000000	-0.101740
0.000000	0.097818
1.000000	-0.153466
0.000000	0.087438
0.000000	-0.487881
0.000000	0.504399
1.000000	1.172069
1.000000	-0.642820
0.000000	1.353289
0.000000	0.561972
1.000000	-6.443244
0.000000	-0.326291
0.000000	1.196786
1.000000	-0.798117
0.000000	-0.992732
0.000000	-0.795773
0.000000	-2.610071
1.000000	-0.650587
0.000000	-1.439110
1.000000	1.221278
1.000000	0.931001
1.000000	-0.159648
1.000000	1.410279
1.000000	-2.067197
1.000000	1.083124
1.000000	0.190134
0.000000	-0.926669
1.000000	-0.042492
0.000000	-2.321185
0.000000	0.507590
1.000000	-0.725972
0.000000	-0.936844
0.000000	-1.635777
0.000000	1.062016
0.000000	-0.744592
0.000000	1.240997
0.000000	0.142047
0.000000	0.733804
0.000000	-1.467444
0.000000	-0.137881
0.000000	0.210791
0.000000	-3.283838
0.000000	-1.159130
0.000000	-0.962673
1.000000	-0.394476
0.000000	-1.336530
0.000000	0.363169
1.000000	1.759720
1.000000	-0.986229
0.000000	1.032679
1.000000	0.893426
0.000000	0.115037
1.000000	0.745528
0.000000	-2.228814
0.000000	-0.338261
0.000000	-0.685068
1.000000	1.089233
1.000000	-0.676210
0.000000	-0.809753
1.000000	0.902595
1.000000	-0.614660
0.000000	0.484650
0.000000	1.354159
1.000000	1.118647
1.000000	0.455897
0.000000	-0.272799
1.000000	-0.040129
0.000000	-1.738694
0.000000	-0.224186
0.000000	0.754141
0.000000	0.248221
1.000000	-4.594817
0.000000	0.239913
0.000000	-1.198391
1.000000	-0.072339
1.000000	1.013855
1.000000	1.111184
0.000000	0.214383
0.000000	0.948285
0.000000	-0.159333
1.000000	0.567292
1.000000	-0.334668
1.000000	0.777147
0.000000	-0.952611
1.000000	1.415178
1.000000	0.119455
0.000000	0.122538
0.000000	0.710698
0.000000	0.594622
1.000000	0.231212
0.000000	0.470957
1.000000	-0.038042
1.000000	1.064940
1.000000	0.399228
1.000000	-0.613327
0.000000	1.654294
0.000000	-0.635483
0.000000	0.646329
1.000000	-0.245966
0.000000	-0.900522
0.000000	-0.602578
1.000000	0.609000
1.000000	-0.210512
0.000000	-0.090924
0.000000	-1.555845
1.000000	0.928056
1.000000	0.609262
1.000000	-0.093836
0.000000	0.474218
1.000000	0.786114
1.000000	0.394738
0.000000	-0.152584
1.000000	0.116305
1.000000	-0.284095
1.000000	0.548436
0.000000	0.752056
0.000000	0.010618
0.000000	-0.254225
0.000000	0.835857
0.000000	1.074966
0.000000	0.385025
1.000000	0.821940
1.000000	0.672848
1.000000	-0.400823
1.000000	0.374465
1.000000	0.098268
0.000000	0.258552
0.000000	0.476773
0.000000	-1.772871
0.000000	-0.416551
1.000000	0.909490
0.000000	0.083609
0.000000	-5.611827
1.000000	0.332050
1.000000	1.184668
0.000000	-0.204277
0.000000	0.440430
0.000000	0.365221
1.000000	1.673389
1.000000	0.396076
0.000000	-0.294928
0.000000	0.477329
1.000000	-0.334222
0.000000	0.416040
1.000000	1.681200
0.000000	-0.119552
1.000000	2.050503
0.000000	-0.109551
0.000000	-0.147563
0.000000	-0.118356
0.000000	1.172146
0.000000	0.078652
1.000000	0.756054
0.000000	-0.253713
0.000000	0.204389
0.000000	0.947646
0.000000	0.856485
1.000000	2.058679
0.000000	0.505287
0.000000	-0.055208
0.000000	-0.386000
0.000000	0.107453
0.000000	0.632470
1.000000	-0.320237
1.000000	0.438463
0.000000	0.832548
0.000000	-0.746386
0.000000	-0.178068
0.000000	1.632774
0.000000	-0.317555
0.000000	-0.147815
0.000000	-0.663292
0.000000	-1.706744
0.000000	0.998095
1.000000	1.762575
0.000000	0.548118
0.000000	0.224521
0.000000	0.842562
0.000000	-0.225283
0.000000	0.747150
1.000000	-0.323097
1.000000	-0.808591
0.000000	1.555766
0.000000	-0.055708
0.000000	0.047764
0.000000	0.667636
0.000000	0.085430
1.000000	0.308783
1.000000	-0.661066
0.000000	0.552306
1.000000	0.136720
0.000000	-0.789544
0.000000	0.170836
1.000000	0.754355
0.000000	-0.008518
0.000000	0.317216
0.000000	0.426456
0.000000	0.147317
0.000000	0.277954
0.000000	-0.258472
1.000000	0.125771
1.000000	0.013133
0.000000	-0.167907
0.000000	0.004205
0.000000	0.131990
1.000000	0.160184
0.000000	-0.384315
0.000000	-0.059069
0.000000	0.040403
0.000000	-0.095383
0.000000	-0.196223
1.000000	0.090759
1.000000	-0.159571
1.000000	0.362897
0.000000	-0.425651
1.000000	0.588790
0.000000	0.423811
1.000000	0.833602
0.000000	-0.097741
1.000000	1.056838
0.000000	-0.335953
0.000000	0.578198
0.000000	0.081651
0.000000	-0.068906
0.000000	-0.216912
0.000000	-0.017481
1.000000	0.542323
0.000000	-0.317527
0.000000	0.248318
1.000000	0.194811
0.000000	-0.255494
0.000000	-0.115657
0.000000	-0.306868
0.000000	0.033316
0.000000	0.061495
0.000000	-0.214825
0.000000	-0.160211
1.000000	0.658094
0.000000	0.178668
1.000000	0.659430
0.000000	-0.473259
0.000000	-0.578144
0.000000	0.694373
0.000000	-0.158277
1.000000	0.362669
0.000000	-0.205808
0.000000	0.238698
0.000000	-0.289381
0.000000	0.589567
0.000000	0.198720
0.000000	-0.062872
0.000000	0.090298
1.000000	0.606717
1.000000	0.367425
0.000000	-4.171311
0.000000	0.237549
1.000000	1.180806
0.000000	0.708084
0.000000	-0.481919
1.000000	0.068491
1.000000	0.389773
0.000000	-0.057246
0.000000	0.060733
0.000000	0.349670
0.000000	-0.162653
0.000000	0.037874
0.000000	-0.696758
1.000000	0.300398
1.000000	-0.298591
0.000000	0.296975
0.000000	-0.234013
0.000000	-0.399455
1.000000	0.384662
0.000000	-0.345523
0.000000	0.161418
1.000000	2.268787
0.000000	-0.643458
0.000000	0.628069
1.000000	0.269423
0.000000	-0.869555
0.000000	-0.097426
1.000000	1.759398
1.000000	0.599041
1.000000	0.552872
1.000000	0.518756
0.000000	1.090230
1.000000	1.393403
0.000000	-0.114049
0.000000	-1.317999
1.000000	1.235705
1.000000	0.392568
0.000000	0.424390
1.000000	0.849379
1.000000	0.461374
0.000000	0.235616
1.000000	0.445844
0.000000	-0.578110
1.000000	0.822951
0.000000	0.118895
0.000000	1.561194
0.000000	1.117879
0.000000	0.202694
1.000000	0.336317
0.000000	-0.071797
0.000000	-0.083936
1.000000	0.541208
1.000000	0.290082
1.000000	0.941075
0.000000	-0.410954
1.000000	0.807574
0.000000	-0.269797
0.000000	-0.293105
0.000000	-0.154633
0.000000	0.546941
1.000000	0.738553
1.000000	-1.270708
0.000000	-0.533732
0.000000	-0.462855
1.000000	0.966896
0.000000	-0.148494
1.000000	0.744721
1.000000	-0.105393
1.000000	0.209689
1.000000	-0.541658
1.000000	1.291585
0.000000	0.308911
0.000000	-0.214049
1.000000	0.547926
1.000000	2.106588
0.000000	0.124208
0.000000	1.024376
0.000000	-0.116578
1.000000	0.662281
0.000000	-0.293889
0.000000	-0.906531
0.000000	0.959640
1.000000	0.544090
0.000000	0.396075
0.000000	-0.581250
1.000000	0.705650
0.000000	-0.523089
1.000000	-0.452888
1.000000	0.740268
0.000000	0.182612
0.000000	-1.252859
0.000000	-0.137222
1.000000	0.484696
0.000000	0.848583
0.000000	-0.823924
0.000000	-0.151863
1.000000	0.699264
1.000000	0.305244
0.000000	0.161441
0.000000	-0.046224
1.000000	0.273027
0.000000	0.171451
0.000000	-0.068431
0.000000	-0.133688
1.000000	0.288219
0.000000	-1.163968
1.000000	0.711434
0.000000	0.076027
0.000000	1.498370
1.000000	0.177765
0.000000	0.035721
0.000000	0.896339
0.000000	-0.089356
0.000000	0.420869
0.000000	1.028645
1.000000	0.665895
0.000000	-0.074634
0.000000	0.238368
1.000000	0.478982
0.000000	-1.008314
0.000000	0.288675
1.000000	1.049630
0.000000	0.061088
0.000000	0.686161
1.000000	0.787656
1.000000	0.591473
1.000000	0.974457
1.000000	-0.252409
0.000000	0.197239
1.000000	1.036442
0.000000	0.471813
0.000000	-0.000043
0.000000	-0.151422
0.000000	-0.484414
1.000000	-0.094381
0.000000	0.161194
0.000000	0.092880
1.000000	-0.432683
1.000000	0.549438
0.000000	0.232954
0.000000	0.119301
0.000000	0.255722
1.000000	0.519741
0.000000	0.110168
0.000000	0.256535
0.000000	0.200839
0.000000	-0.108964
0.000000	-0.122939
0.000000	-0.185283
0.000000	0.331416
1.000000	0.973955
1.000000	0.529531
0.000000	-0.295295
1.000000	0.393442
1.000000	0.403331
0.000000	-0.543320
1.000000	0.300154
1.000000	0.833901
1.000000	0.852490
0.000000	-0.089603
0.000000	-0.417167
1.000000	-0.153414
1.000000	0.203049
1.000000	0.463981
0.000000	0.318440
0.000000	0.647144
0.000000	-1.155743
0.000000	0.132771
0.000000	-0.887894
1.000000	0.478199
0.000000	-0.062248
1.000000	0.474734
1.000000	0.871681
1.000000	1.369492
1.000000	-1.416014
1.000000	1.039084
1.000000	0.432043
1.000000	0.078453
1.000000	0.330498
1.000000	1.070018
1.000000	1.189648
0.000000	0.798655
0.000000	0.365386
1.000000	-4.477114
1.000000	-0.183298
0.000000	-0.598798
0.000000	-0.280972
1.000000	0.449374
1.000000	0.705849
0.000000	-0.285183
0.000000	0.168330
0.000000	0.466996
1.000000	0.812776
0.000000	-0.568902
1.000000	0.092018
1.000000	0.284894
0.000000	0.489699
1.000000	0.444187
0.000000	-0.459088
1.000000	-0.361402
0.000000	0.018013
0.000000	-1.104142
1.000000	0.593600
0.000000	-0.799814
0.000000	0.507460
0.000000	-0.181532
0.000000	-0.751831
1.000000	0.421055
0.000000	0.778688
0.000000	0.631072
1.000000	0.515276
0.000000	1.610195
1.000000	-0.155681
1.000000	0.112936
0.000000	0.336271
0.000000	-0.704704
1.000000	0.318153
0.000000	-0.497286
1.000000	0.072361
1.000000	-0.768256
0.000000	-0.517023
0.000000	0.359460
1.000000	-0.129953
0.000000	-0.572754
1.000000	1.012845
0.000000	-1.180804
0.000000	0.958601
1.000000	-0.381483
0.000000	1.850959
1.000000	0.260935
1.000000	1.083425
0.000000	-0.504177
1.000000	-0.336083
1.000000	0.920892
0.000000	-0.189608
1.000000	0.475631
0.000000	0.017966
1.000000	0.326747
0.000000	-0.354548
0.000000	0.196743
1.000000	0.698337
0.000000	-0.732289
0.000000	-0.405173
0.000000	-0.265902
1.000000	-1.990080
1.000000	0.045740
0.000000	-0.493642
0.000000	0.279878
1.000000	0.526854
1.000000	-0.044860
0.000000	-0.026270
1.000000	0.268323
0.000000	0.182988
0.000000	-0.810931
0.000000	-0.362683
1.000000	0.173809
0.000000	0.078809
1.000000	0.055812
1.000000	-0.433159
0.000000	-0.247978
0.000000	0.031922
1.000000	-1.077559
1.000000	0.629348
0.000000	-0.381793
0.000000	-0.845646
1.000000	0.206521
1.000000	0.440995
0.000000	-0.742635
0.000000	0.288489
0.000000	0.032954
0.000000	-0.044926
0.000000	0.067037
0.000000	-0.335503
1.000000	0.479871
1.000000	0.635917
0.000000	0.074756
0.000000	-0.174788
0.000000	0.067265
1.000000	-0.048672
1.000000	-0.147565
0.000000	-0.097817
0.000000	-0.054450
1.000000	-0.271697
0.000000	-0.218098
0.000000	-0.347409
1.000000	0.413354
0.000000	-0.593728
0.000000	-0.008841
1.000000	0.090350
0.000000	0.155372
0.000000	0.336761
1.000000	-0.054354
0.000000	1.354635
1.000000	1.390434
0.000000	-1.855905
1.000000	0.695118
1.000000	0.961880
0.000000	0.925947
0.000000	0.413082
1.000000	0.333324
0.000000	-0.054287
0.000000	-1.220347
1.000000	0.519981
0.000000	-0.475197
0.000000	-0.876393
1.000000	-6.076975
1.000000	1.039173
0.000000	1.351762
0.000000	0.272118
1.000000	-1.409525
1.000000	0.017799
0.000000	-0.312671
0.000000	2.076630
0.000000	-0.473932
1.000000	1.944723
0.000000	0.099368
1.000000	1.793918
0.000000	1.242635
0.000000	1.946068
0.000000	0.377135
1.000000	1.907980
0.000000	-1.178465
1.000000	1.191758
1.000000	0.472855
1.000000	0.945599
0.000000	0.554804
0.000000	0.239283
0.000000	1.669705
1.000000	0.572413
1.000000	-0.188177
0.000000	0.339520
0.000000	1.489996
1.000000	1.401161
1.000000	0.469133
1.000000	1.888044
0.000000	0.060885
0.000000	-0.609786
1.000000	-0.783635
0.000000	-0.134857
1.000000	-0.189741
0.000000	-0.248673
1.000000	1.135062
0.000000	1.544958
0.000000	0.434195
0.000000	-0.754256
0.000000	1.116766
0.000000	-0.798684
0.000000	0.109590
0.000000	1.952050
0.000000	-0.687059
0.000000	1.197524
1.000000	0.569724
1.000000	-0.682022
0.000000	-0.241422
1.000000	0.048247
0.000000	0.057267
1.000000	0.175115
0.000000	0.715803
1.000000	0.236664
1.000000	0.748663
0.000000	-0.054256
0.000000	0.057754
0.000000	0.069496
0.000000	-0.009748
1.000000	0.225382
0.000000	0.287372
0.000000	-2.549070
0.000000	0.506915
0.000000	-0.733571
0.000000	0.931796
0.000000	-0.894414
0.000000	0.236733
1.000000	0.568507
0.000000	0.066676
0.000000	-0.261222
1.000000	0.209786
0.000000	0.078917
1.000000	0.449608
0.000000	-1.016729
1.000000	0.013369
0.000000	-0.690675
0.000000	-0.471180
1.000000	-0.020595
0.000000	-0.330600
0.000000	-0.210030
0.000000	0.814919
0.000000	-0.046715
0.000000	-0.514589
0.000000	0.145463
0.000000	0.505937
0.000000	0.470675
1.000000	0.265260
1.000000	-0.247416
1.000000	0.856276
1.000000	-0.027565
0.000000	-0.062165
0.000000	0.130938
1.000000	0.042814
1.000000	-0.239850
1.000000	0.765882
0.000000	0.077464
0.000000	-0.492030
1.000000	-0.244632
0.000000	0.286216
0.000000	-0.273040
1.000000	0.057161
1.000000	0.683039
1.000000	0.464704
1.000000	0.000702
1.000000	0.998806
0.000000	0.366805
0.000000	0.561547
0.000000	-0.403544
0.000000	0.377728
0.000000	1.394894
1.000000	0.749020
1.000000	0.066841
0.000000	-0.246513
0.000000	0.113518
1.000000	0.683840
0.000000	-0.447638
0.000000	-0.332107
0.000000	-0.005816
0.000000	-0.569308
0.000000	0.161724
0.000000	0.655921
0.000000	0.447083
0.000000	-3.976685
0.000000	-0.046380
0.000000	0.863800
0.000000	0.967756
0.000000	-0.254696
0.000000	0.407275
0.000000	0.335059
0.000000	-1.129729
0.000000	0.384930
0.000000	1.284285
1.000000	0.404079
1.000000	0.799441
1.000000	0.688526
0.000000	0.653635
0.000000	0.843621
0.000000	-0.625656
1.000000	0.587666
0.000000	0.091046
1.000000	0.135303
0.000000	-0.390419
0.000000	0.386952
0.000000	-0.786058
1.000000	0.735789
0.000000	-0.141134
1.000000	1.025174
0.000000	-0.423168
0.000000	-0.486479
0.000000	-0.422883
0.000000	0.393448
0.000000	0.143843
0.000000	0.991369
0.000000	0.958860
0.000000	-1.482431
0.000000	-0.406380
1.000000	0.354145
1.000000	0.715101
1.000000	0.122640
1.000000	0.214948
0.000000	1.200377
0.000000	0.837121
0.000000	-0.015863
0.000000	0.109842
0.000000	0.301067
0.000000	-0.799740
0.000000	1.020340
1.000000	0.233750
0.000000	1.293547
0.000000	-1.155133
1.000000	0.825340
1.000000	1.754289
1.000000	2.608324
0.000000	1.034170
0.000000	1.452717
0.000000	0.888432
0.000000	1.029616
1.000000	2.890337
1.000000	1.072475
1.000000	1.763386
0.000000	0.725226
0.000000	-0.121977
0.000000	0.625314
0.000000	-6.805143
0.000000	3.293503
0.000000	0.281032
0.000000	1.234907
0.000000	1.462179
1.000000	1.295166
1.000000	-0.236754
0.000000	0.227642
0.000000	1.423536
1.000000	2.725061
0.000000	0.965757
0.000000	0.629814
0.000000	0.656374
0.000000	1.700287
0.000000	2.002920
0.000000	2.644868
1.000000	3.290859
0.000000	2.134308
1.000000	1.702138
0.000000	1.277200
0.000000	0.801599
0.000000	1.204490
1.000000	2.819349
1.000000	1.188796
0.000000	1.351302
0.000000	1.555006
0.000000	0.969003
0.000000	-0.359469
1.000000	1.931720
0.000000	1.378872
1.000000	2.647138
0.000000	1.984738
1.000000	0.957929
0.000000	0.725363
0.000000	1.314519
0.000000	3.788803
0.000000	1.485943
0.000000	1.141692
0.000000	1.720885
1.000000	1.835063
0.000000	1.616566
1.000000	1.666922
0.000000	-0.099984
1.000000	0.741779
0.000000	-0.146072
1.000000	0.155155
1.000000	-0.074258
0.000000	0.104544
0.000000	0.151824
0.000000	0.317069
0.000000	0.478537
0.000000	0.081121
0.000000	1.197689
0.000000	-0.072039
1.000000	-0.147710
0.000000	-0.477889
0.000000	-0.084472
0.000000	-0.356987
1.000000	0.554207
0.000000	0.045577
1.000000	0.454650
0.000000	-0.412856
0.000000	0.216162
1.000000	0.647866
1.000000	0.653066
1.000000	-0.566837
0.000000	0.169800
1.000000	0.286462
1.000000	0.794354
1.000000	0.191314
0.000000	0.513965
1.000000	0.435440
0.000000	0.119250
0.000000	-2.178833
1.000000	0.891413
1.000000	-0.289816
0.000000	0.199042
1.000000	0.015605
1.000000	0.507783
0.000000	-0.039333
0.000000	-0.145474
1.000000	0.400847
1.000000	0.836084
0.000000	1.081649
0.000000	-0.090206
1.000000	1.066757
1.000000	1.142499
0.000000	0.355126
0.000000	0.856248
0.000000	-0.051512
1.000000	0.285626
0.000000	0.154763
0.000000	-0.129670
0.000000	0.216299
0.000000	-0.067683
0.000000	0.879899
0.000000	0.236638
1.000000	0.921531
0.000000	-0.953907
0.000000	0.007523
1.000000	1.338495
0.000000	0.105336
0.000000	0.268832
0.000000	0.574728
1.000000	0.606596
0.000000	-0.521422
0.000000	0.977656
0.000000	-0.049119
1.000000	0.081415
0.000000	0.329669
1.000000	0.951464
1.000000	0.444431
1.000000	0.519911
1.000000	1.377478
1.000000	1.018089
0.000000	0.252642
1.000000	0.277977
1.000000	-0.248131
0.000000	-0.782930
1.000000	0.644678
1.000000	0.012219
0.000000	-0.639853
1.000000	-3.445438
0.000000	-0.256125
0.000000	0.157787
1.000000	-0.005933
0.000000	-0.820279
1.000000	0.603151
1.000000	0.712712
0.000000	-0.486292
1.000000	0.712985
1.000000	0.169547
1.000000	0.008490
1.000000	-1.722909
1.000000	0.573662
0.000000	-0.134808
0.000000	-0.422283
0.000000	0.312492
0.000000	0.385483
0.000000	-0.459119
0.000000	-0.412640
0.000000	-0.011168
1.000000	1.058445
0.000000	0.142599
1.000000	0.368526
1.000000	1.138986
1.000000	0.617638
0.000000	0.843696
0.000000	0.519928
0.000000	-0.168067
0.000000	-0.261869
1.000000	0.903609
1.000000	0.700213
0.000000	0.668809
0.000000	-0.267974
0.000000	-0.299617
0.000000	-0.456896
0.000000	0.009158
0.000000	0.406171
1.000000	0.456894
1.000000	0.479197
1.000000	0.431935
0.000000	-0.212793
0.000000	-0.280758
1.000000	0.865755
0.000000	0.386539
1.000000	0.145744
0.000000	-0.832388
0.000000	-0.140301
1.000000	0.580135
0.000000	0.181209
0.000000	-0.793644
1.000000	0.423944
0.000000	-0.583545
0.000000	-1.009701
1.000000	0.742666
0.000000	-1.275806
0.000000	-0.747349
1.000000	0.294501
0.000000	-0.033467
1.000000	0.427827
0.000000	-0.330812
0.000000	1.370727
0.000000	-4.743979
0.000000	-0.114609
0.000000	-0.731263
0.000000	-0.293795
0.000000	0.569003
0.000000	0.358290
0.000000	0.294340
1.000000	1.717897
1.000000	0.735008
0.000000	0.785504
1.000000	-0.073880
1.000000	0.246262
0.000000	0.041439
1.000000	0.595419
0.000000	0.232888
0.000000	0.239023
0.000000	-0.074003
1.000000	0.480901
1.000000	-0.259869
0.000000	0.396673
1.000000	0.953215
0.000000	-0.039614
0.000000	-1.112823
1.000000	0.711078
0.000000	-0.277544
0.000000	0.276597
1.000000	0.874543
1.000000	0.079745
1.000000	0.417498
0.000000	-0.643143
0.000000	-0.209478
0.000000	-0.091191
0.000000	1.465524
0.000000	-1.135653
1.000000	0.405087
1.000000	0.154519
0.000000	0.295476
0.000000	-0.163119
1.000000	0.408788
1.000000	0.477778
0.000000	1.181185
0.000000	-0.191987
1.000000	0.275854
0.000000	0.112023
0.000000	-0.333612
0.000000	-0.409262
0.000000	0.288260
0.000000	0.468086
0.000000	-0.404836
0.000000	-0.576773
1.000000	0.807665
0.000000	0.278728
1.000000	0.706282
1.000000	0.122453
1.000000	0.357833
1.000000	0.812799
1.000000	-0.088537
0.000000	-0.601067
0.000000	-0.244790
0.000000	0.076920
1.000000	0.541817
1.000000	-2.339805
1.000000	0.523260
1.000000	-0.429268
0.000000	-0.168855
0.000000	-0.302900
0.000000	-0.333413
0.000000	0.582007
1.000000	0.352417
0.000000	0.183625
0.000000	0.881510
0.000000	0.728555
0.000000	0.549954
0.000000	0.084141
0.000000	0.159449
1.000000	0.969661
0.000000	1.057023
1.000000	0.611919
0.000000	-0.318347
0.000000	0.597384
1.000000	-0.365431
1.000000	0.897129
0.000000	0.677522
0.000000	-0.514098
0.000000	0.004051
0.000000	0.214832
0.000000	-0.137904
0.000000	0.754972
0.000000	-0.344081
1.000000	0.333774
1.000000	0.059276
0.000000	-0.589896
0.000000	0.673483
0.000000	0.009129
1.000000	0.007935
1.000000	0.824770
0.000000	0.304973
1.000000	0.187870
1.000000	0.200455
1.000000	0.050121
0.000000	-0.918132
0.000000	-0.500781
1.000000	1.115269
1.000000	-2.121406
0.000000	0.632316
0.000000	-0.150976
0.000000	0.441999
1.000000	-0.073761
1.000000	1.215747
0.000000	-0.349992
1.000000	-0.638057
0.000000	-1.450990
0.000000	-0.592658
0.000000	-1.226168
1.000000	-0.368324
1.000000	0.086714
1.000000	0.112157
1.000000	0.223161
1.000000	1.415930
0.000000	-0.436446
0.000000	0.306496
1.000000	0.980704
0.000000	-5.136234
0.000000	-0.895219
0.000000	-0.294211
1.000000	0.249531
0.000000	-0.362184
1.000000	0.376361
0.000000	0.090826
1.000000	1.106361
0.000000	-1.843213
1.000000	1.424144
0.000000	-0.538804
0.000000	-0.634171
0.000000	0.568663
0.000000	0.110451
0.000000	0.328905
0.000000	0.240463
0.000000	-0.200431
0.000000	0.735218
1.000000	0.959953
0.000000	0.263583
0.000000	-0.298060
0.000000	-0.006584
1.000000	0.496874
1.000000	0.513267
0.000000	-0.199297
0.000000	-0.156235
0.000000	-1.153596
0.000000	-0.464665
1.000000	0.479651
1.000000	0.156466
0.000000	-0.812608
0.000000	0.046224
1.000000	1.488082
0.000000	-1.660345
0.000000	0.270908
1.000000	1.405040
1.000000	0.230321
1.000000	1.204953
0.000000	0.267656
1.000000	0.960537
1.000000	0.728872
0.000000	0.409976
0.000000	0.355844
0.000000	0.127819
0.000000	0.552032
0.000000	0.093182
0.000000	0.833051
1.000000	1.221364
1.000000	0.876648
0.000000	0.060563
0.000000	-0.192790
1.000000	0.618979
0.000000	-0.087398
0.000000	0.110293
0.000000	-0.025591
0.000000	-0.225863
0.000000	-0.063269
0.000000	0.007593
0.000000	-0.039825
1.000000	1.356924
0.000000	-0.261978
1.000000	-0.780315
1.000000	0.930964
1.000000	1.362202
0.000000	0.053713
0.000000	-0.109078
0.000000	-0.246824
1.000000	0.762671
1.000000	0.244369
0.000000	0.343219
0.000000	0.499579
0.000000	0.735680
0.000000	0.240745
1.000000	0.689512
0.000000	0.302591
0.000000	0.083236
1.000000	0.710058
1.000000	0.920824
1.000000	0.525456
0.000000	0.010939
0.000000	0.148300
1.000000	1.542391
0.000000	0.478341
1.000000	1.290102
0.000000	0.123522
1.000000	0.565081
1.000000	0.784064
0.000000	-0.079142
0.000000	0.445554
1.000000	0.921787
1.000000	1.098698
0.000000	0.560171
0.000000	0.540454
1.000000	0.599257
1.000000	1.289378
1.000000	-0.583632
1.000000	0.798176
1.000000	0.549091
1.000000	0.899275
0.000000	-0.977604
0.000000	0.019306
1.000000	-0.504737
0.000000	-1.562573
1.000000	0.566885
0.000000	1.388105
1.000000	-0.220859
1.000000	0.089728
1.000000	1.131697
0.000000	1.878064
1.000000	-0.012510
1.000000	1.919396
1.000000	-0.587993
0.000000	0.335048
0.000000	1.385116
0.000000	0.474542
0.000000	-0.068429
0.000000	0.220249
0.000000	0.380465
1.000000	0.455774
0.000000	-0.196093
0.000000	0.152366
0.000000	-0.456317
0.000000	-6.388997
0.000000	-3.348491
0.000000	1.230999
0.000000	-0.276862
0.000000	0.047011
0.000000	0.600319
1.000000	1.115832
1.000000	1.763398
0.000000	0.301601
1.000000	-0.168661
0.000000	0.688574
1.000000	0.162602
0.000000	0.126982
1.000000	-1.032454
1.000000	1.091507
1.000000	0.658268
1.000000	0.685778
0.000000	1.347358
0.000000	-1.301555
1.000000	0.637176
1.000000	0.149407
0.000000	0.083561
0.000000	0.012465
0.000000	0.799652
0.000000	0.465258
1.000000	1.102507
0.000000	-0.152916
0.000000	0.779693
0.000000	-1.121475
0.000000	0.425808
0.000000	0.023590
1.000000	1.927040
0.000000	-0.231962
0.000000	0.857911
0.000000	-1.787463
0.000000	0.158096
0.000000	-0.238369
0.000000	-0.171925
0.000000	0.019333
0.000000	-0.048649
0.000000	-0.784743
0.000000	0.148967
1.000000	0.816529
0.000000	0.067795
0.000000	0.281462
0.000000	0.215785
0.000000	0.798134
1.000000	0.055867
0.000000	-0.731858
0.000000	-0.768282
0.000000	-0.091390
0.000000	-0.090172
1.000000	0.896080
0.000000	0.052119
0.000000	-0.050273
1.000000	0.088736
1.000000	0.073987
0.000000	0.338308
0.000000	-0.165307
0.000000	0.313764
0.000000	-0.502577
1.000000	-0.671136
0.000000	0.332091
0.000000	-0.054760
0.000000	-0.394135
0.000000	0.716217
0.000000	-0.219634
1.000000	0.480791
0.000000	-0.186530
0.000000	0.339687
0.000000	-0.223763
1.000000	0.353177
1.000000	0.851525
0.000000	0.292119
0.000000	0.082183
1.000000	0.212463
0.000000	-0.187510
1.000000	0.537190
0.000000	0.373104
0.000000	0.230704
0.000000	0.448768
0.000000	-0.013247
1.000000	0.591543
0.000000	-0.154617
1.000000	0.097057
1.000000	-0.079166
0.000000	-0.021997
1.000000	0.236889
1.000000	-0.161026
1.000000	0.481939
1.000000	-0.856223
1.000000	1.096887
1.000000	1.064214
1.000000	0.208336
0.000000	0.045832
1.000000	0.499085
0.000000	1.296115
0.000000	2.010857
0.000000	0.530478
0.000000	0.873698
1.000000	1.905003
0.000000	-0.470649
0.000000	-0.872849
0.000000	0.413463
1.000000	2.385081
0.000000	0.144794
1.000000	2.452735
0.000000	-0.077686
1.000000	1.719103
0.000000	2.011456
0.000000	1.055888
1.000000	1.761731
1.000000	1.120408
1.000000	1.719860
0.000000	-1.920720
0.000000	-0.792147
1.000000	1.382321
0.000000	0.795651
0.000000	0.341946
0.000000	1.962081
1.000000	1.152914
1.000000	2.591907
0.000000	-6.129435
1.000000	1.710285
1.000000	1.235301
0.000000	0.615055
0.000000	-0.459096
0.000000	-0.480359
0.000000	0.706204
0.000000	0.236602
0.000000	0.419363
0.000000	0.200637
0.000000	1.127465
0.000000	0.951130
1.000000	-0.044269
1.000000	1.159776
0.000000	1.254871
1.000000	1.305663
1.000000	2.058769
1.000000	1.237353
0.000000	0.672421
1.000000	0.415084
0.000000	1.243708
1.000000	1.441508
1.000000	1.014946
0.000000	0.716350
0.000000	1.135320
0.000000	0.899709
1.000000	0.389725
0.000000	0.302642
1.000000	0.959305
0.000000	-0.710180
1.000000	-0.325612
0.000000	-1.459372
1.000000	-0.291992
1.000000	0.927288
1.000000	1.128643
0.000000	-0.112261
0.000000	-0.069983
0.000000	-0.322657
0.000000	1.196423
0.000000	-0.253056
0.000000	-0.973792
0.000000	0.945600
0.000000	0.612653
0.000000	0.048714
0.000000	0.836962
1.000000	1.595046
0.000000	0.056160
0.000000	1.138160
0.000000	0.009387
0.000000	0.564020
0.000000	-0.221443
0.000000	0.620041
0.000000	0.202442
0.000000	0.588236
1.000000	1.630862
0.000000	-0.539685
0.000000	-0.595031
0.000000	0.163543
1.000000	0.774992
0.000000	-0.006470
0.000000	-0.103630
0.000000	2.084072
0.000000	-0.294147
1.000000	2.065693
1.000000	1.031654
1.000000	0.262592
0.000000	-0.368820
0.000000	-0.531623
0.000000	-0.116353
1.000000	0.081177
1.000000	0.978232
0.000000	0.009033
1.000000	1.451927
0.000000	1.334003
1.000000	1.257464
0.000000	0.553220
0.000000	0.418203
0.000000	-0.532662
1.000000	0.560262
0.000000	-0.730748
0.000000	0.494288
1.000000	0.863268
0.000000	-0.974846
0.000000	-0.368871
0.000000	-0.494011
0.000000	0.245685
0.000000	0.075085
1.000000	0.835140
0.000000	0.085101
0.000000	0.402579
1.000000	0.850634
1.000000	0.224835
1.000000	1.029392
1.000000	0.511935
1.000000	-0.429692
1.000000	0.266813
0.000000	1.204989
0.000000	1.871336
0.000000	0.579236
1.000000	1.375763
0.000000	0.694116
0.000000	-0.448381
1.000000	-0.066192
0.000000	0.367090
1.000000	-0.036722
0.000000	1.929232
0.000000	-1.367201
1.000000	1.426642
0.000000	0.679379
0.000000	-0.425911
0.000000	1.459093
0.000000	0.511357
0.000000	0.959100
1.000000	-1.761443
1.000000	2.883946
0.000000	0.064908
0.000000	1.541798
0.000000	-0.835353
0.000000	0.570313
0.000000	0.128966
1.000000	1.622471
0.000000	-0.948591
0.000000	-6.943067
0.000000	0.481317
0.000000	2.283575
0.000000	-0.034030
0.000000	0.544965
0.000000	-0.479007
1.000000	0.325159
0.000000	0.664111
0.000000	-0.857418
0.000000	0.849512
1.000000	3.017697
1.000000	-0.266822
1.000000	-0.223925
1.000000	2.648634
0.000000	1.496754
1.000000	-0.287813
1.000000	-0.751476
1.000000	0.668910
0.000000	-0.390792
1.000000	-0.145631
1.000000	2.947502
0.000000	1.034647
0.000000	0.455608
1.000000	0.834042
1.000000	0.187495
1.000000	1.733237
1.000000	-1.319223
1.000000	1.813712
0.000000	1.674205
0.000000	0.424168
0.000000	0.432477
1.000000	1.058305
1.000000	1.345919
0.000000	0.371368
0.000000	0.001165
0.000000	-0.277353
1.000000	0.444889
1.000000	0.107011
1.000000	-0.029478
0.000000	-0.478320
1.000000	0.379401
0.000000	0.335462
0.000000	-0.650313
1.000000	0.093150
1.000000	-0.256802
1.000000	1.103784
0.000000	0.056471
0.000000	0.108410
1.000000	0.525251
1.000000	0.285363
0.000000	0.711353
0.000000	0.076987
1.000000	0.954720
0.000000	-0.493332
0.000000	0.102198
0.000000	0.580284
1.000000	0.230996
1.000000	0.477675
1.000000	-0.110719
1.000000	-0.251425
0.000000	-0.034324
0.000000	-3.889401
0.000000	-0.552020
0.000000	0.316622
0.000000	-0.644197
0.000000	-0.538957
0.000000	-0.295588
0.000000	-0.500379
0.000000	-1.093946
0.000000	0.378555
1.000000	0.084562
0.000000	-0.679821
1.000000	-0.439088
0.000000	-0.508230
0.000000	0.050696
0.000000	-0.528994
0.000000	-0.147648
1.000000	0.629437
0.000000	-0.986051
0.000000	-0.703764
1.000000	0.115823
0.000000	-0.032656
0.000000	0.108191
0.000000	-0.211057
1.000000	0.968175
1.000000	0.596208
1.000000	-0.097918
1.000000	-0.070540
0.000000	-1.110110
0.000000	-0.229490
0.000000	-0.071982
0.000000	0.129936
0.000000	-0.044981
1.000000	0.227517
0.000000	0.835729
1.000000	0.464201
1.000000	1.668351
0.000000	-0.354844
1.000000	0.860274
1.000000	1.231584
1.000000	1.124896
0.000000	0.824384
0.000000	-0.796957
0.000000	-0.731771
1.000000	-0.831860
1.000000	0.782286
0.000000	-0.053156
0.000000	-0.553671
1.000000	1.987757
1.000000	0.348295
1.000000	1.912692
0.000000	-1.651385
1.000000	1.433357
1.000000	1.729474
1.000000	-0.320306
0.000000	1.249680
1.000000	0.246578
0.000000	1.824773
0.000000	0.030198
1.000000	-0.791617
0.000000	-0.464571
0.000000	0.572864
0.000000	-1.123820
0.000000	-0.486755
0.000000	-0.898052
1.000000	-0.335749
1.000000	1.491634
1.000000	1.036506
0.000000	-1.367900
0.000000	0.453502
1.000000	1.365821
1.000000	1.223272
0.000000	-1.287373
1.000000	0.060477
0.000000	1.127998
1.000000	0.371393
1.000000	-0.216793
0.000000	0.804405
1.000000	0.115898
1.000000	1.571048
0.000000	1.515640
1.000000	-0.321194
0.000000	0.237378
0.000000	-0.047530
0.000000	0.871779
1.000000	1.151427
0.000000	-2.266036
0.000000	-0.934195
0.000000	1.462688
0.000000	1.228066
0.000000	0.661338
1.000000	1.256807
1.000000	-0.119125
1.000000	1.349482
0.000000	-0.661548
0.000000	-1.638896
1.000000	-0.930392
0.000000	-0.015024
1.000000	-0.181627
0.000000	-0.364716
1.000000	0.843587
0.000000	-0.384194
0.000000	0.641931
0.000000	0.329543
1.000000	0.914573
0.000000	1.099107
1.000000	0.758451
0.000000	-0.252512
1.000000	0.134574
1.000000	0.766502
0.000000	-0.104915
1.000000	0.459633
0.000000	-0.405140
0.000000	-0.159824
1.000000	1.345082
1.000000	0.421894
1.000000	0.377018
0.000000	0.317743
0.000000	-0.683249
0.000000	-0.207526
0.000000	0.042879
1.000000	-0.074768
0.000000	1.045188
1.000000	-4.469526
1.000000	1.397226
0.000000	0.932947
0.000000	0.460187
0.000000	0.260293
0.000000	0.852230
1.000000	0.343877
1.000000	-0.131250
1.000000	-0.502344
1.000000	-1.316382
0.000000	-0.669538
0.000000	-0.581335
0.000000	-0.071795
1.000000	0.922823
1.000000	-0.330331
0.000000	0.301712
0.000000	0.029676
0.000000	0.862235
0.000000	-0.351325
0.000000	-0.702271
0.000000	-0.781938
0.000000	-0.924657
1.000000	0.755431
0.000000	-1.457498
1.000000	0.361009
0.000000	0.061715
0.000000	-1.555513
1.000000	0.070565
0.000000	-0.785350
0.000000	-0.250210
0.000000	-0.315137
0.000000	0.648860
0.000000	0.866543
0.000000	0.294060
0.000000	-0.103038
0.000000	0.662936
0.000000	0.611905
1.000000	1.329869
0.000000	0.290951
0.000000	0.548436
0.000000	0.159835
0.000000	-0.813060
0.000000	0.110302
0.000000	-0.191173
1.000000	-0.016765
1.000000	0.829204
1.000000	0.736602
0.000000	0.147400
0.000000	0.829902
0.000000	0.247260
0.000000	0.041803
1.000000	0.227021
0.000000	0.240977
1.000000	0.245909
1.000000	-0.136188
0.000000	-0.120123
0.000000	-0.363039
0.000000	-0.158963
1.000000	1.772792
0.000000	-1.148122
0.000000	0.347722
0.000000	-2.807223
0.000000	0.380791
1.000000	0.714817
0.000000	-0.093494
0.000000	0.242053
0.000000	0.502873
0.000000	0.493347
1.000000	0.127699
0.000000	0.057166
0.000000	-0.155859
1.000000	-0.120329
0.000000	0.848280
0.000000	-0.424442
0.000000	0.238372
1.000000	-0.174330
0.000000	-0.207601
1.000000	1.250824
0.000000	-0.642524
0.000000	-0.071370
0.000000	-0.071137
0.000000	0.422494
1.000000	0.583322
0.000000	-0.696950
0.000000	1.180061
0.000000	0.683919
1.000000	0.003174
0.000000	-0.786179
0.000000	0.576584
0.000000	-0.460751
1.000000	0.253346
1.000000	-0.183257
0.000000	-0.405224
1.000000	0.847890
0.000000	-0.915898
1.000000	-0.406376
0.000000	0.392803
0.000000	-1.297293
1.000000	0.326075
0.000000	-2.299716
0.000000	0.479837
1.000000	0.521645
0.000000	-0.690905
1.000000	0.164423
1.000000	-0.002825
0.000000	-0.452141
0.000000	0.037188
0.000000	0.245655
0.000000	-0.713103
0.000000	-0.099659
1.000000	-0.398172
1.000000	0.524444
1.000000	0.845281
1.000000	0.385246
1.000000	-0.330812
1.000000	0.364876
1.000000	-0.290562
0.000000	-0.098459
0.000000	-1.839849
0.000000	-1.007397
0.000000	0.745033
0.000000	0.247014
0.000000	-5.223969
1.000000	0.166171
0.000000	0.082848
1.000000	-1.594830
0.000000	-0.325537
1.000000	0.466338
1.000000	0.101589
0.000000	-0.349360
1.000000	0.258910
0.000000	0.429425
1.000000	-0.443647
1.000000	0.844517
0.000000	-0.772384
1.000000	0.359855
1.000000	0.513059
1.000000	0.019595
1.000000	0.654528
1.000000	0.077086
1.000000	0.296995
1.000000	-0.011016
1.000000	-0.195943
1.000000	0.100885
0.000000	-1.322391
0.000000	-0.954775
1.000000	1.558087
0.000000	0.772194
0.000000	-0.354730
0.000000	0.235431
0.000000	0.147598
0.000000	-1.074199
1.000000	1.554849
0.000000	0.349777
0.000000	-0.234590
1.000000	-0.045318
1.000000	0.468380
0.000000	-0.175169
0.000000	-1.155547
1.000000	0.324822
0.000000	-0.200260
1.000000	0.184416
0.000000	-0.846898
0.000000	0.263447
1.000000	0.661452
1.000000	-0.018609
0.000000	0.243005
1.000000	-0.351092
0.000000	-0.416531
0.000000	0.005737
0.000000	-0.235631
0.000000	-0.070808
0.000000	-1.279391
1.000000	0.756657
0.000000	-0.327587
0.000000	-0.501950
0.000000	0.027480
0.000000	0.032613
0.000000	0.641909
0.000000	0.491777
1.000000	0.288134
0.000000	0.156166
0.000000	0.197059
0.000000	-4.060361
1.000000	0.275397
0.000000	-1.012451
0.000000	-0.336220
0.000000	-0.188258
1.000000	0.668784
0.000000	0.016534
0.000000	-0.418841
1.000000	0.714725
0.000000	-0.640428
0.000000	0.464871
1.000000	0.668502
0.000000	-0.334432
0.000000	-0.476805
1.000000	-0.606725
1.000000	0.657013
1.000000	0.422138
1.000000	0.103513
1.000000	-0.953149
0.000000	-0.790715
1.000000	-0.107302
1.000000	0.030395
0.000000	-0.127444
0.000000	-0.619988
0.000000	0.300139
0.000000	-0.703548
0.000000	1.031193
1.000000	0.222362
0.000000	-0.133579
0.000000	-0.679635
1.000000	1.841101
0.000000	-0.186460
0.000000	-1.060075
0.000000	0.080455
0.000000	0.580843
0.000000	-0.140391
0.000000	0.318342
0.000000	-0.498138
0.000000	0.561062
1.000000	1.109233
1.000000	0.533153
0.000000	0.059631
1.000000	-0.280327
1.000000	-0.143836
0.000000	0.140968
0.000000	0.463076
1.000000	0.239880
0.000000	-0.466059
1.000000	0.284444
0.000000	0.948274
0.000000	0.135055
0.000000	-0.176396
0.000000	-0.673284
0.000000	0.099455
1.000000	0.517800
0.000000	-0.137133
1.000000	0.459549
0.000000	-0.001717
0.000000	-0.214258
0.000000	-0.643843
1.000000	0.093244
0.000000	-3.897831
1.000000	-0.457101
0.000000	-0.439245
1.000000	1.275088
0.000000	0.177728
1.000000	0.744978
1.000000	-0.380727
0.000000	-0.477002
0.000000	-0.756090
0.000000	-0.083266
0.000000	-1.166475
1.000000	0.368506
1.000000	0.593202
0.000000	0.036141
1.000000	-0.454660
0.000000	-0.888375
0.000000	-0.041027
1.000000	0.431452
0.000000	-0.563611
0.000000	-0.739130
0.000000	0.848862
0.000000	-2.539632
1.000000	-0.594889
1.000000	0.278794
0.000000	0.189706
0.000000	1.148082
1.000000	0.676099
1.000000	1.741314
0.000000	1.961441
0.000000	-0.896203
0.000000	-0.106189
1.000000	1.353584
0.000000	0.263195
1.000000	1.943804
0.000000	1.040957
0.000000	1.216799
0.000000	-1.143148
0.000000	0.598656
0.000000	-0.183790
1.000000	1.415915
0.000000	1.044025
1.000000	1.320117
0.000000	0.109869
0.000000	0.233816
1.000000	1.788219
1.000000	0.774780
0.000000	0.055972
0.000000	-0.078108
1.000000	1.004858
0.000000	-0.587485
0.000000	-0.627538
0.000000	-0.197264
0.000000	0.182455
0.000000	0.067170
1.000000	1.362267
0.000000	-0.199292
1.000000	0.605800
0.000000	0.182345
0.000000	0.660482
1.000000	0.783272
0.000000	0.438426
1.000000	-1.834378
1.000000	0.238436
0.000000	0.533208
1.000000	2.119004
0.000000	-0.345819
0.000000	0.279917
0.000000	0.891159
0.000000	0.867802
0.000000	0.006558
0.000000	-0.011004
1.000000	0.526000
1.000000	1.384343
0.000000	1.046290
0.000000	-0.777386
0.000000	-0.258306
0.000000	0.136476
0.000000	-0.314257
0.000000	0.639418
0.000000	1.122709
1.000000	1.770047
1.000000	-0.195245
0.000000	0.798079
0.000000	0.360771
1.000000	0.638628
1.000000	1.427049
0.000000	-0.012965
0.000000	-1.094295
1.000000	2.367123
1.000000	0.301803
0.000000	-0.822336
0.000000	-0.458504
1.000000	0.818673
0.000000	-1.473848
0.000000	0.010832
0.000000	-0.311772
1.000000	0.202405
0.000000	0.419750
0.000000	0.603935
0.000000	-0.023607
1.000000	-0.024443
0.000000	-1.296137
0.000000	0.064572
0.000000	-0.325425
1.000000	0.143360
0.000000	-0.063131
1.000000	0.442767
1.000000	0.723577
0.000000	-1.321199
0.000000	-0.602934
0.000000	-1.264558
1.000000	0.449641
0.000000	-0.238249
1.000000	0.055731
1.000000	1.135727
0.000000	0.356703
0.000000	-0.510291
0.000000	-0.211708
0.000000	-0.253353
0.000000	-0.985212
0.000000	-0.833142
0.000000	-0.776299
0.000000	-4.149416
1.000000	1.099706
0.000000	0.058106
0.000000	0.815668
1.000000	0.011354
0.000000	-0.172399
1.000000	0.118775
1.000000	1.237384
0.000000	0.194943
0.000000	-0.531351
1.000000	0.331023
1.000000	-0.892380
0.000000	-0.530238
1.000000	0.510709
1.000000	0.716648
0.000000	-1.444245
0.000000	-0.353756
0.000000	0.945305
1.000000	-0.112155
0.000000	-2.019455
1.000000	-0.563185
0.000000	-0.281924
0.000000	-1.146480
0.000000	-0.230879
1.000000	0.168100
0.000000	0.038598
0.000000	-0.487736
1.000000	-0.982872
1.000000	0.170321
0.000000	-0.229230
0.000000	-0.099979
1.000000	-0.931366
0.000000	-0.560567
0.000000	0.360782
1.000000	0.163809
0.000000	0.004807
1.000000	-0.970906
0.000000	-0.209664
1.000000	0.792168
0.000000	-0.076467
0.000000	-0.112013
0.000000	-1.445485
0.000000	-0.952409
1.000000	-0.177747
0.000000	0.199090
1.000000	0.451374
0.000000	0.938246
1.000000	0.333985
0.000000	0.321592
1.000000	0.053225
1.000000	0.840690
1.000000	0.479724
1.000000	0.428929
1.000000	-0.043391
0.000000	-0.041116
0.000000	0.635777
1.000000	1.095687
0.000000	0.344965
1.000000	1.400359
1.000000	1.131291
0.000000	0.634586
0.000000	-4.279675
1.000000	-0.716080
1.000000	-0.432808
1.000000	0.556781
0.000000	-0.426530
1.000000	0.676220
0.000000	-0.338814
0.000000	-0.403713
1.000000	0.829625
1.000000	-0.073242
1.000000	-0.351242
1.000000	0.543612
0.000000	0.427060
0.000000	-0.351227
0.000000	0.311045
0.000000	-0.549628
1.000000	0.284636
1.000000	-0.036935
0.000000	1.535289
0.000000	-0.459201
0.000000	-0.549739
0.000000	-0.558293
0.000000	-0.183301
0.000000	-0.112838
0.000000	0.215509
0.000000	0.612341
0.000000	0.198718
0.000000	0.182834
0.000000	-0.960663
0.000000	-0.278764
0.000000	0.169992
0.000000	0.149999
0.000000	0.453716
0.000000	0.265749
1.000000	0.232927
0.000000	0.034565
1.000000	0.290205
1.000000	0.190460
0.000000	-0.264677
0.000000	-0.015703
1.000000	1.014295
0.000000	0.630591
1.000000	0.328215
1.000000	0.370969
1.000000	0.460679
1.000000	0.997502
0.000000	0.280314
0.000000	0.011946
0.000000	-0.175850
0.000000	-0.365775
1.000000	0.115468
0.000000	-1.177157
0.000000	0.718613
0.000000	-0.309270
0.000000	-0.376283
1.000000	0.394401
1.000000	0.325870
1.000000	-0.334814
0.000000	0.719064
0.000000	-0.018935
1.000000	0.783858
0.000000	-1.475099
1.000000	-0.065089
0.000000	-0.344814
1.000000	0.513604
0.000000	-0.404680
0.000000	-0.015562
0.000000	0.241924
0.000000	-0.039652
0.000000	0.036533
0.000000	-0.439983
1.000000	0.106140
1.000000	0.578047
1.000000	0.209431
0.000000	0.071685
1.000000	0.589750
0.000000	0.503518
0.000000	0.522756
0.000000	0.072214
0.000000	-0.252110
0.000000	-0.335197
1.000000	0.152487
1.000000	1.077072
0.000000	-0.029499
1.000000	0.514361
0.000000	-0.754844
0.000000	-0.789478
1.000000	0.177461
1.000000	0.859634
1.000000	0.953476
1.000000	1.302702
1.000000	0.729461
0.000000	0.521988
0.000000	-0.678546
1.000000	1.331915
0.000000	0.307784
1.000000	0.444508
0.000000	0.347381
1.000000	0.619481
1.000000	-0.020498
0.000000	-0.072832
0.000000	-0.522156
1.000000	0.474892
0.000000	-0.063758
1.000000	0.390675
0.000000	0.634636
0.000000	-0.340181
0.000000	0.168314
1.000000	0.267962
0.000000	0.129703
1.000000	0.204508
1.000000	1.347011
1.000000	0.053350
0.000000	-0.180837
1.000000	0.505366
0.000000	0.050442
0.000000	0.429407
0.000000	0.785609
0.000000	0.639619
1.000000	0.608766
1.000000	0.365132
1.000000	0.735980
0.000000	-1.551311
1.000000	0.164754
0.000000	1.068871
0.000000	0.177856
0.000000	0.609633
1.000000	0.991674
1.000000	0.848127
1.000000	0.978494
1.000000	1.425324
0.000000	0.021162
0.000000	-0.473299
0.000000	-0.146256
1.000000	0.346175
0.000000	-0.099826
0.000000	-0.483749
1.000000	0.679755
0.000000	1.100503
0.000000	0.390115
1.000000	0.880612
0.000000	-0.197952
0.000000	0.315417
0.000000	-0.363135
0.000000	-0.274029
0.000000	1.280239
0.000000	0.130395
1.000000	0.484092
1.000000	0.433419
0.000000	-0.389633
0.000000	-0.312021
0.000000	0.537577
1.000000	1.087869
1.000000	0.526552
0.000000	0.424316
0.000000	-0.012055
0.000000	0.465475
0.000000	-0.769662
1.000000	0.036483
0.000000	0.158738
0.000000	1.249152
0.000000	0.218831
1.000000	0.016114
0.000000	0.200240
1.000000	0.472273
0.000000	0.205010
1.000000	0.752557
0.000000	0.319098
0.000000	0.271163
0.000000	-0.129059
0.000000	0.343224
0.000000	-0.482272
0.000000	-0.051246
1.000000	0.513166
0.000000	-0.759682
1.000000	0.576957
0.000000	-0.994220
0.000000	0.262650
0.000000	-0.440109
0.000000	0.102064
0.000000	-0.329949
1.000000	0.329333
1.000000	-0.266130
1.000000	-2.884728
0.000000	-0.465142
1.000000	0.501271
1.000000	-0.368984
0.000000	0.025554
1.000000	0.503320
1.000000	-0.433591
0.000000	-0.110959
0.000000	0.292684
1.000000	-0.284493
1.000000	0.388787
0.000000	0.016562
0.000000	-0.082432
1.000000	0.371720
0.000000	-0.477410
0.000000	-0.588207
0.000000	-1.933992
0.000000	0.659281
0.000000	-0.548567
0.000000	-0.711445
1.000000	0.778951
1.000000	0.407854
0.000000	-0.369286
0.000000	0.077484
1.000000	0.821914
0.000000	-0.658644
0.000000	0.092380
0.000000	-0.337626
0.000000	0.029858
1.000000	1.327287
0.000000	0.493300
0.000000	0.226677
0.000000	0.552636
0.000000	-0.406216
1.000000	0.119559
1.000000	0.133828
1.000000	0.224894
0.000000	0.521279
1.000000	0.714953
0.000000	-0.754737
0.000000	0.324902
0.000000	-0.499321
0.000000	0.141310
0.000000	-0.436874
1.000000	0.401748
0.000000	-0.012236
0.000000	0.198380
0.000000	0.153114
0.000000	-0.057926
0.000000	0.759384
0.000000	0.075528
1.000000	0.275749
1.000000	0.422848
1.000000	0.997563
1.000000	0.313334
0.000000	0.926317
0.000000	0.007059
0.000000	0.086767
1.000000	0.432012
1.000000	-0.094331
0.000000	0.105836
0.000000	-2.668322
1.000000	1.189025
0.000000	0.421618
1.000000	0.698980
1.000000	0.664695
0.000000	-0.475585
0.000000	0.485967
0.000000	-0.623663
1.000000	0.533536
0.000000	0.217716
0.000000	0.098930
0.000000	0.746650
0.000000	1.184053
0.000000	0.360234
1.000000	-0.449178
0.000000	-0.029192
0.000000	-0.367230
0.000000	0.203316
0.000000	0.208075
0.000000	-0.551676
0.000000	0.196700
1.000000	0.683575
1.000000	0.790036
1.000000	0.085326
1.000000	0.077024
0.000000	0.177904
0.000000	0.053683
0.000000	-0.562297
0.000000	0.143511
0.000000	0.565580
1.000000	0.658721
1.000000	1.100483
1.000000	0.829128
1.000000	0.871897
0.000000	-0.599466
0.000000	-0.318362
1.000000	2.022663
0.000000	0.125471
0.000000	0.368998
1.000000	-0.306312
0.000000	0.483111
1.000000	1.797389
0.000000	0.335778
0.000000	0.215474
0.000000	0.071816
0.000000	0.624672
1.000000	-0.139498
1.000000	-0.268157
1.000000	1.549549
0.000000	0.187633
1.000000	0.465053
0.000000	-0.357867
0.000000	-0.144695
0.000000	-0.011303
1.000000	0.764289
0.000000	1.165720
0.000000	0.466542
0.000000	-0.340460
0.000000	-0.032641
1.000000	0.449293
0.000000	0.993088
0.000000	-3.593011
1.000000	0.689106
0.000000	0.543962
1.000000	1.360940
0.000000	0.243798
0.000000	-0.155952
1.000000	0.055611
1.000000	0.475836
1.000000	-0.131621
1.000000	-0.260968
1.000000	0.413938
0.000000	-0.212826
0.000000	0.813392
0.000000	1.461344
0.000000	0.484590
0.000000	1.219023
0.000000	-0.049559
1.000000	0.716619
0.000000	0.248356
1.000000	1.136232
0.000000	-1.151878
0.000000	0.521734
1.000000	0.875142
1.000000	0.385913
0.000000	-0.859016
0.000000	-0.118528
1.000000	1.446032
0.000000	0.605385
1.000000	0.252053
0.000000	-0.760785
0.000000	-0.028590
1.000000	0.027505
1.000000	-0.081815
0.000000	0.451802
0.000000	-0.370191
1.000000	-0.144591
1.000000	0.541934
0.000000	-0.062910
0.000000	-0.032832
1.000000	0.696931
0.000000	0.607710
0.000000	-0.043237
0.000000	0.670963
1.000000	-0.124431
0.000000	1.961410
0.000000	-0.088657
0.000000	-0.613307
0.000000	0.402836
1.000000	0.822259
1.000000	-0.326078
0.000000	0.598236
0.000000	0.068074
0.000000	-0.154143
0.000000	0.958680
1.000000	0.781765
0.000000	-0.177947
0.000000	-0.245512
1.000000	0.686024
1.000000	-0.449748
0.000000	-0.443045
0.000000	0.758091
0.000000	-3.515655
1.000000	-0.043877
0.000000	-1.132144
0.000000	-0.052617
1.000000	0.487169
1.000000	0.274319
0.000000	0.260714
0.000000	0.180691
0.000000	0.955345
1.000000	-0.419556
0.000000	-0.504572
0.000000	-0.126155
0.000000	-0.820772
1.000000	-0.212741
0.000000	-0.348990
0.000000	0.015390
1.000000	-0.004073
0.000000	0.035585
0.000000	0.479705
0.000000	-0.740435
0.000000	-0.445148
1.000000	0.119872
0.000000	0.505342
1.000000	-0.128877
1.000000	0.225935
0.000000	0.346869
1.000000	0.836034
0.000000	0.130914
0.000000	0.233905
0.000000	-1.131489
0.000000	-0.690566
0.000000	0.175951
0.000000	0.277873
0.000000	-0.189178
0.000000	0.428969
1.000000	0.059851
1.000000	0.162011
1.000000	0.924111
0.000000	-0.259282
0.000000	-0.110377
0.000000	-0.184143
1.000000	-1.055173
0.000000	0.256906
0.000000	-0.664236
1.000000	-0.268255
0.000000	-0.217347
1.000000	-0.360762
1.000000	0.369515
1.000000	0.222133
0.000000	-0.380046
1.000000	0.852869
1.000000	-0.267893
0.000000	-0.301377
0.000000	0.115671
0.000000	-0.456130
1.000000	0.560993
0.000000	0.938567
1.000000	0.164594
1.000000	-0.127403
1.000000	0.192281
0.000000	-0.604177
1.000000	-2.340653
1.000000	1.018800
0.000000	0.709120
1.000000	-0.188389
0.000000	-0.487139
0.000000	-0.466966
1.000000	0.747262
1.000000	0.372581
1.000000	0.028253
1.000000	0.148765
0.000000	-0.004740
1.000000	-0.523443
0.000000	-0.932035
1.000000	0.473233
1.000000	0.656375
0.000000	-0.391955
0.000000	-0.092489
0.000000	0.193487
1.000000	0.434981
1.000000	0.828466
0.000000	-0.199829
1.000000	0.327846
0.000000	-0.134624
0.000000	0.189874
0.000000	0.322563
1.000000	-0.345468
0.000000	0.090322
0.000000	-1.136218
1.000000	0.314803
1.000000	-0.415788
0.000000	-0.897655
0.000000	0.316908
0.000000	-0.648621
1.000000	-0.163308
1.000000	0.243360
0.000000	0.316254
0.000000	-0.283882
1.000000	-0.254123
0.000000	-0.870195
1.000000	0.345136
1.000000	0.516707
1.000000	0.652634
0.000000	-0.211517
1.000000	-0.119799
0.000000	-0.115426
0.000000	-0.277046
0.000000	0.219435
0.000000	-0.206739
1.000000	0.862292
0.000000	-0.076532
1.000000	0.978962
0.000000	-0.635869
0.000000	-0.030163
0.000000	0.418574
0.000000	-0.389659
1.000000	0.208655
0.000000	-0.463336
0.000000	0.125592
0.000000	0.575185
0.000000	-0.585077
1.000000	0.951049
0.000000	-2.047234
0.000000	-0.505715
1.000000	-0.016341
1.000000	0.696169
0.000000	0.264105
0.000000	-0.637228
0.000000	-0.006727
0.000000	0.226390
1.000000	0.351086
0.000000	-0.480641
1.000000	-0.000781
0.000000	0.282113
1.000000	0.184127
0.000000	0.070400
0.000000	-0.859956
1.000000	0.425174
0.000000	-0.141974
1.000000	-0.371788
0.000000	-0.380509
1.000000	0.299238
1.000000	0.288561
0.000000	-1.033432
0.000000	-0.296987
0.000000	0.056161
0.000000	0.873289
1.000000	0.932064
0.000000	0.324036
0.000000	-0.120195
1.000000	-0.075687
1.000000	-0.665736
1.000000	1.385999
0.000000	-0.185277
0.000000	0.002562
1.000000	-0.067549
1.000000	0.451121
1.000000	1.003029
0.000000	-0.578632
1.000000	-0.662811
0.000000	-0.422404
0.000000	-0.397262
0.000000	-0.131555
0.000000	-0.250223
0.000000	-0.003057
0.000000	-0.567457
1.000000	0.178914
0.000000	0.451166
0.000000	-0.480027
1.000000	0.689450
1.000000	0.724567
1.000000	0.877394
0.000000	0.178618
1.000000	0.690023
0.000000	-0.466992
0.000000	-0.225494
0.000000	-0.208881
0.000000	-0.156005
0.000000	-0.040744
1.000000	0.908080
0.000000	-0.125117
1.000000	0.419609
0.000000	-1.252729
1.000000	-2.019261
1.000000	0.682725
1.000000	0.734754
1.000000	0.900095
0.000000	-0.340640
0.000000	-0.370723
1.000000	0.590477
0.000000	-0.485317
0.000000	-0.541681
1.000000	0.402290
0.000000	-0.266365
0.000000	-0.545206
1.000000	0.446793
0.000000	0.856872
1.000000	-0.058674
1.000000	0.590656
0.000000	-0.130414
1.000000	0.055229
1.000000	0.323194
0.000000	-0.189208
0.000000	-0.134343
0.000000	-0.264476
1.000000	1.088482
0.000000	0.841241
1.000000	0.243880
0.000000	-0.890266
1.000000	0.594577
0.000000	-0.208194
1.000000	0.418825
0.000000	-0.330861
1.000000	0.222939
0.000000	0.441598
0.000000	0.083422
0.000000	0.142101
1.000000	0.211498
1.000000	-0.189140
0.000000	0.113957
0.000000	0.005250
0.000000	-0.392850
0.000000	0.149226
1.000000	0.768318
0.000000	-0.101993
0.000000	0.615462
1.000000	0.541122
0.000000	0.309604
0.000000	-0.253196
0.000000	0.413127
0.000000	-0.320148
1.000000	0.337187
1.000000	0.881342
1.000000	0.862468
1.000000	-0.295558
0.000000	0.079851
0.000000	0.310194
0.000000	-0.419791
0.000000	0.527324
0.000000	-0.168724
0.000000	-0.612141
0.000000	0.290619
0.000000	0.431128
0.000000	0.286700
0.000000	-0.346709
0.000000	-0.023613
0.000000	-0.130606
1.000000	0.184833
0.000000	0.319909
0.000000	0.290320
1.000000	0.122746
0.000000	0.165140
0.000000	0.604917
0.000000	0.361854
0.000000	0.139081
0.000000	0.326976
0.000000	-0.359125
0.000000	0.774190
0.000000	-0.636826
0.000000	1.060265
0.000000	0.484534
0.000000	0.221122
0.000000	0.201262
1.000000	1.860087
0.000000	1.623911
0.000000	0.556271
0.000000	0.177023
1.000000	-0.500444
0.000000	-0.810356
0.000000	-0.098412
0.000000	-0.142655
0.000000	0.973949
0.000000	0.504819
1.000000	0.509817
0.000000	1.412882
0.000000	1.249117
0.000000	0.105972
1.000000	0.467848
1.000000	-0.081699
1.000000	0.478352
1.000000	0.374384
1.000000	-0.996056
1.000000	0.260878
0.000000	-0.836120
1.000000	0.590512
0.000000	1.080521
0.000000	-0.708329
1.000000	-1.113891
0.000000	-1.156166
0.000000	-0.073153
1.000000	0.888615
0.000000	-0.031117
0.000000	-0.026403
0.000000	-0.174644
0.000000	0.419422
0.000000	0.571501
0.000000	0.275098
1.000000	0.441914
0.000000	-1.376270
0.000000	-0.367507
0.000000	-0.060034
0.000000	-0.550907
1.000000	1.712542
0.000000	1.152020
0.000000	0.832217
1.000000	-5.389724
1.000000	0.618925
0.000000	0.356119
1.000000	0.222462
1.000000	0.518299
0.000000	-0.182351
0.000000	0.826037
0.000000	-0.774240
0.000000	0.441930
0.000000	0.360243
0.000000	0.239907
-1.000000	-1.293706
0.000000	-0.345177
0.000000	0.389800
-1.000000	0.947214
0.000000	-0.006231
0.000000	-0.511388
0.000000	0.365236
0.000000	0.192978
-1.000000	-0.858282
0.000000	0.382321
0.000000	-0.308374
-1.000000	-1.729151
-1.000000	-0.615928
0.000000	1.621299
0.000000	0.611641
-1.000000	-1.498454
-1.000000	-2.232619
0.000000	0.481846
-1.000000	-0.593081
0.000000	0.617763
0.000000	-0.879896
-1.000000	-1.457978
0.000000	0.005431
-1.000000	-0.287714
0.000000	0.264438
0.000000	0.088666
0.000000	0.550842
-1.000000	-3.924311
0.000000	0.248504
0.000000	1.578534
-1.000000	-1.067619
0.000000	-0.437503
0.000000	-1.482571
0.000000	-0.120049
0.000000	-0.962922
-1.000000	-3.017590
0.000000	0.832090
0.000000	-0.159305
0.000000	0.535617
-1.000000	-1.090883
-1.000000	-2.033927
-1.000000	-3.344291
0.000000	0.592451
0.000000	0.208495
0.000000	-0.266769
-1.000000	-3.061072
0.000000	0.779266
-1.000000	-0.103024
-1.000000	-0.799173
0.000000	0.495114
-1.000000	-6.197191
0.000000	0.180041
-1.000000	-0.582338
-1.000000	-2.933927
-1.000000	-2.456023
-1.000000	-0.129344
-1.000000	-0.499688
0.000000	-0.712046
-1.000000	-1.084204
-1.000000	-1.156766
0.000000	-0.097270
-1.000000	-2.600865
-1.000000	-2.317244
-1.000000	0.276174
-1.000000	-2.368740
0.000000	0.522421
0.000000	-0.118835
0.000000	0.012803
-1.000000	0.911180
0.000000	-0.965375
-1.000000	-3.410290
-1.000000	-0.550702
0.000000	0.017043
-1.000000	-1.915732
0.000000	0.745698
-1.000000	-2.938891
0.000000	0.076212
0.000000	0.153565
-1.000000	-1.321162
0.000000	-0.768419
-1.000000	-0.984971
-1.000000	-4.578322
-1.000000	-1.239949
0.000000	-0.461958
0.000000	0.736723
0.000000	-0.557015
0.000000	0.528095
-1.000000	0.519472
0.000000	0.755998
0.000000	-1.278921
-1.000000	-0.303243
-1.000000	-2.156591
0.000000	-0.372755
0.000000	-0.162616
-1.000000	-1.473524
0.000000	0.441365
-1.000000	-1.015408
0.000000	1.030762
0.000000	-0.360694
0.000000	0.541648
0.000000	-0.677281
0.000000	-0.444613
0.000000	0.635833
-1.000000	-2.885231
0.000000	0.432950
0.000000	1.212125
-1.000000	-3.058795
-1.000000	-3.021042
-1.000000	-1.720767
0.000000	0.763871
0.000000	0.346687
0.000000	-6.079070
-1.000000	-1.987805
0.000000	0.981128
-1.000000	-2.308690
0.000000	-0.936308
0.000000	1.875302
0.000000	0.582346
0.000000	0.751626
0.000000	-0.080840
-1.000000	-2.288357
0.000000	0.688484
-1.000000	-4.198947
-1.000000	2.414213
-1.000000	-2.539531
-1.000000	-1.641329
-1.000000	-2.333773
0.000000	1.011330
-1.000000	-2.097206
-1.000000	-3.521749
0.000000	-0.638139
-1.000000	-0.991661
0.000000	0.382391
0.000000	0.931741
0.000000	0.546829
0.000000	0.394897
-1.000000	-3.092895
0.000000	0.644644
-1.000000	-2.137603
-1.000000	-2.068032
0.000000	-0.518796
0.000000	-0.801895
0.000000	1.101827
-1.000000	-1.973949
-1.000000	-1.167417
-1.000000	-0.902914
0.000000	0.335854
0.000000	1.536032
0.000000	0.519531
0.000000	0.307475
-1.000000	1.732111
0.000000	-1.910404
0.000000	1.041177
0.000000	-0.066801
-1.000000	-3.432591
0.000000	0.003344
0.000000	1.527020
-1.000000	-4.449675
0.000000	-0.290338
-1.000000	-2.359082
-1.000000	-2.208940
0.000000	-0.197617
0.000000	-0.033013
0.000000	-0.513169
0.000000	1.763044
0.000000	0.180288
-1.000000	-2.033426
0.000000	0.250715
-1.000000	-2.408533
0.000000	0.472088
0.000000	-0.180651
0.000000	-0.173220
-1.000000	-3.051398
0.000000	-0.638906
0.000000	1.025778
-1.000000	-1.106206
0.000000	0.831196
0.000000	0.826546
-1.000000	-2.198560
-1.000000	-3.463246
-1.000000	-2.645686
0.000000	0.947593
-1.000000	-2.045073
0.000000	0.991246
0.000000	-0.113903
0.000000	-0.472725
0.000000	-0.388391
0.000000	0.185413
-1.000000	-1.051250
0.000000	-0.347465
-1.000000	-2.021601
-1.000000	-2.990714
0.000000	1.356759
-1.000000	-1.243815
0.000000	-0.326365
0.000000	-0.261415
0.000000	0.169722
0.000000	0.530002
0.000000	-1.390550
0.000000	-0.460638
-1.000000	-3.121277
0.000000	-0.123116
0.000000	-0.129507
-1.000000	-1.093668
0.000000	-0.169308
-1.000000	-1.778896
0.000000	-0.323018
0.000000	-0.115111
0.000000	0.520373
-1.000000	-1.362214
0.000000	-1.156615
0.000000	-0.268122
0.000000	-0.459819
-1.000000	-1.976650
-1.000000	-2.441623
-1.000000	-2.493374
0.000000	-0.983747
0.000000	-0.505419
0.000000	-0.634687
0.000000	-0.209032
-1.000000	-1.275849
0.000000	-0.683729
-1.000000	-1.979341
0.000000	-0.182923
-1.000000	-1.735436
-1.000000	-3.880213
0.000000	0.507664
0.000000	0.640869
0.000000	0.633708
-1.000000	-1.497807
-1.000000	-2.882142
0.000000	0.865455
-1.000000	-0.904992
0.000000	-3.408129
-1.000000	-1.718265
0.000000	0.486186
0.000000	-0.988910
0.000000	-0.529864
0.000000	-0.004085
0.000000	-0.251641
0.000000	0.799448
0.000000	0.406850
0.000000	0.678878
0.000000	0.577399
-1.000000	-1.364985
0.000000	0.278552
0.000000	-0.495294
0.000000	0.420458
-1.000000	-1.627896
-1.000000	-2.114699
0.000000	0.142846
0.000000	-0.246474
0.000000	0.030214
-1.000000	-1.903983
-1.000000	-1.788108
0.000000	0.189290
-1.000000	-1.012022
0.000000	0.508846
-1.000000	-1.488212
-1.000000	-1.761403
0.000000	-0.618773
0.000000	0.284234
0.000000	0.511147
0.000000	1.316042
0.000000	-0.120341
-1.000000	-0.455556
0.000000	-0.318966
0.000000	-0.001464
0.000000	0.128279
-1.000000	-2.065129
0.000000	-0.487426
0.000000	-0.724257
0.000000	-0.370162
0.000000	0.071849
0.000000	-0.473302
0.000000	-0.435891
0.000000	1.125601
0.000000	0.240894
-1.000000	-2.426942
-1.000000	-2.686085
-1.000000	-1.205460
0.000000	0.678241
0.000000	-0.567890
-1.000000	-1.367367
0.000000	-0.578275
-1.000000	-1.334825
-1.000000	-1.196168
0.000000	0.078051
-1.000000	-1.464541
0.000000	0.411905
0.000000	-0.191145
0.000000	0.194519
0.000000	0.120587
-1.000000	-1.958684
0.000000	1.504650
0.000000	0.988595
0.000000	0.806386
-1.000000	-1.029274
-1.000000	-1.718563
0.000000	0.155078
0.000000	-0.599267
0.000000	0.173019
0.000000	0.000120
-1.000000	0.132273
0.000000	0.353480
-1.000000	-0.524172
0.000000	-0.057642
0.000000	0.096645
-1.000000	-0.635003
0.000000	1.032853
0.000000	-1.154563
-1.000000	-2.815594
0.000000	-1.371442
-1.000000	-1.237152
0.000000	0.091751
-1.000000	-2.433774
0.000000	1.036088
0.000000	0.639263
-1.000000	0.181766
0.000000	0.628625
0.000000	0.673726
-1.000000	-1.933128
-1.000000	-2.789560
-1.000000	-0.120423
0.000000	0.559253
-1.000000	-2.329527
0.000000	-0.140699
-1.000000	-1.265065
-1.000000	-1.116865
0.000000	-0.084311
0.000000	-0.142145
0.000000	-0.354360
-1.000000	-2.449027
0.000000	-0.359183
0.000000	0.051848
-1.000000	-1.074673
-1.000000	-0.699075
0.000000	0.329235
0.000000	0.349761
-1.000000	-1.648331
-1.000000	-1.249572
0.000000	-0.560682
-1.000000	-1.894041
0.000000	-0.268595
-1.000000	-3.062130
0.000000	-0.132396
-1.000000	-3.117921
-1.000000	-2.356114
-1.000000	-1.280332
-1.000000	-2.611953
0.000000	0.053444
-1.000000	-2.027379
-1.000000	-1.809291
0.000000	0.063214
0.000000	-1.653814
-1.000000	-2.885410
-1.000000	-1.867826
-1.000000	-1.791510
0.000000	-0.357083
0.000000	0.339074
0.000000	-0.475220
0.000000	0.771933
0.000000	0.761421
0.000000	0.674522
-1.000000	-2.447624
0.000000	1.025691
0.000000	1.107170
-1.000000	-2.707340
-1.000000	-0.513626
0.000000	0.135142
0.000000	-0.035506
0.000000	0.177999
0.000000	0.491659
0.000000	0.301447
0.000000	0.015455
-1.000000	-2.967467
0.000000	0.637453
0.000000	0.464954
0.000000	0.663028
-1.000000	-2.107108
-1.000000	-1.529444
0.000000	0.407228
-1.000000	-1.970239
-1.000000	-0.143487
0.000000	0.791428
0.000000	0.073373
-1.000000	-0.962377
0.000000	1.361358
-1.000000	-0.909040
0.000000	0.099284
0.000000	-1.086188
0.000000	0.267330
-1.000000	-2.089864
0.000000	0.116148
0.000000	0.111237
0.000000	0.157406
-1.000000	0.789804
-1.000000	-0.626959
0.000000	-0.641983
-1.000000	-0.753762
0.000000	0.715128
-1.000000	-1.993540
0.000000	-0.490562
-1.000000	-0.480868
-1.000000	-2.502153
0.000000	-0.336677
0.000000	-1.571832
-1.000000	-2.997384
0.000000	1.406698
0.000000	1.066253
0.000000	0.233867
-1.000000	-1.356850
0.000000	-0.269355
-1.000000	-2.329386
-1.000000	-0.197183
0.000000	-1.496105
0.000000	-0.659565
0.000000	-0.341303
-1.000000	-1.016522
0.000000	-0.036854
0.000000	0.681609
0.000000	-0.383758
0.000000	-0.356076
0.000000	0.533937
0.000000	0.280523
-1.000000	-0.091575
-1.000000	-2.104110
-1.000000	-1.611259
-1.000000	-1.273462
0.000000	0.209457
0.000000	1.158360
-1.000000	-0.812773
-1.000000	-1.000742
-1.000000	-1.546816
0.000000	0.190483
-1.000000	-2.192153
0.000000	0.051172
0.000000	0.320264
0.000000	0.063299
0.000000	0.787512
0.000000	-0.670100
0.000000	-0.023691
0.000000	0.222098
-1.000000	-0.522813
0.000000	0.494776
-1.000000	-1.738634
0.000000	0.131529
-1.000000	-0.633619
0.000000	0.429350
0.000000	-0.851847
0.000000	0.683168
0.000000	-0.707924
-1.000000	-0.461020
0.000000	0.374508
0.000000	-0.721666
-1.000000	-2.837087
-1.000000	-1.084804
0.000000	-0.133777
0.000000	-0.002649
0.000000	-0.502822
0.000000	0.798582
-1.000000	-2.068894
-1.000000	-1.563349
0.000000	0.172434
0.000000	-0.187734
-1.000000	-1.853632
0.000000	-0.834804
0.000000	-1.052695
-1.000000	-1.774502
0.000000	0.068775
0.000000	-0.055656
-1.000000	-1.363537
-1.000000	-1.753150
0.000000	0.188688
-1.000000	-1.259847
0.000000	0.090224
0.000000	-1.654025
-1.000000	-2.523569
0.000000	0.660433
0.000000	0.141579
0.000000	-0.516887
-1.000000	-0.557452
0.000000	-0.331615
-1.000000	0.052265
0.000000	0.157088
0.000000	0.922099
-1.000000	-1.550595
0.000000	0.068589
-1.000000	-0.413732
-1.000000	-1.054269
-1.000000	0.065575
0.000000	1.343003
-1.000000	-1.564188
0.000000	0.059484
-1.000000	-1.931480
0.000000	1.275102
-1.000000	0.518728
0.000000	0.736382
0.000000	-1.118778
-1.000000	-0.419988
0.000000	0.007171
0.000000	0.529871
0.000000	0.579951
-1.000000	1.697272
-1.000000	-2.412204
0.000000	-0.540159
-1.000000	-1.345070
-1.000000	-0.264451
0.000000	0.327665
0.000000	0.564377
-1.000000	-0.512526
0.000000	-0.228830
-1.000000	-2.715372
0.000000	0.683117
0.000000	0.319381
0.000000	-0.779500
-1.000000	2.136663
0.000000	-0.594240
-1.000000	-1.117718
-1.000000	-1.639141
-1.000000	0.465552
0.000000	0.195816
-1.000000	-3.442296
0.000000	1.959134
-1.000000	-2.732116
-1.000000	-1.816872
-1.000000	-1.518227
-1.000000	-1.152006
0.000000	0.249196
-1.000000	-1.433902
-1.000000	-0.624701
0.000000	1.045290
0.000000	0.985107
0.000000	0.696698
0.000000	1.239443
-1.000000	0.320922
-1.000000	-0.977266
-1.000000	-1.064759
-1.000000	-5.442582
0.000000	0.823267
0.000000	0.872989
0.000000	1.169440
0.000000	-0.317034
0.000000	0.832994
-1.000000	-2.964432
0.000000	0.399401
0.000000	0.700874
0.000000	0.501945
0.000000	-2.464680
0.000000	-0.591766
0.000000	-1.324908
0.000000	-0.130473
0.000000	2.424007
0.000000	2.188508
0.000000	1.224673
0.000000	1.304708
0.000000	-2.328644
-1.000000	-0.259808
0.000000	0.769883
-1.000000	-1.439246
0.000000	0.087157
0.000000	-0.795114
0.000000	1.717968
0.000000	3.170213
0.000000	0.503992
-1.000000	-0.497443
0.000000	0.190846
0.000000	1.805743
0.000000	0.944909
-1.000000	-1.013054
-1.000000	0.634908
-1.000000	-2.309528
0.000000	1.144619
-1.000000	-1.297054
0.000000	-0.757304
0.000000	1.456623
0.000000	1.330611
-1.000000	-2.283037
-1.000000	-2.603364
-1.000000	-2.239839
-1.000000	-3.673872
-1.000000	-2.468779
0.000000	-0.234053
-1.000000	-1.657454
0.000000	1.734547
0.000000	-0.179194
0.000000	0.937061
0.000000	0.629099
-1.000000	-0.301587
0.000000	0.837126
0.000000	-0.400290
0.000000	-0.182233
0.000000	-1.557673
-1.000000	-2.765610
-1.000000	-0.873176
-1.000000	-2.933210
-1.000000	-2.362180
-1.000000	-1.912786
0.000000	0.649524
0.000000	-5.481103
