-4.354020	0.000000
-0.902907	0.000000
0.352361	0.000000
0.657524	0.000000
0.557889	0.000000
0.383512	0.000000
-0.137407	0.000000
-0.606650	0.000000
0.000343	0.000000
-0.627204	0.000000
-1.066723	0.000000
0.645342	0.000000
-0.603079	0.000000
-0.425334	0.000000
0.090616	0.000000
-0.656959	0.000000
-0.422559	0.000000
-0.476729	0.000000
0.291132	0.000000
0.509898	0.000000
-0.255581	0.000000
1.108448	0.000000
-0.572646	0.000000
-0.266848	0.000000
0.652112	0.000000
1.517434	0.000000
0.422881	0.000000
-0.570300	0.000000
0.147280	0.000000
0.092355	0.000000
-1.029179	0.000000
0.329812	0.000000
-0.613198	0.000000
1.022653	0.000000
0.467951	0.000000
0.844303	0.000000
1.149148	0.000000
1.085537	0.000000
-0.351322	0.000000
-0.552679	0.000000
-0.620091	0.000000
-0.430627	0.000000
-0.091197	0.000000
-0.212703	0.000000
0.343573	0.000000
-0.374188	0.000000
0.157229	0.000000
0.155041	0.000000
0.436673	0.000000
-0.191240	0.000000
-0.190499	0.000000
0.322867	0.000000
0.493723	0.000000
0.063152	0.000000
0.993777	0.000000
1.354317	0.000000
0.485591	0.000000
1.142144	0.000000
0.438702	0.000000
0.186965	0.000000
-0.783516	0.000000
-5.267767	0.000000
0.070532	0.000000
1.534086	0.000000
0.669461	0.000000
0.520454	0.000000
0.183228	0.000000
-0.793444	0.000000
-0.175157	0.000000
0.392219	0.000000
0.304980	0.000000
0.322784	0.000000
0.000099	0.000000
-1.064072	0.000000
1.146584	0.000000
-0.656959	0.000000
-0.845151	0.000000
-0.178711	0.000000
0.727823	0.000000
1.359046	0.000000
0.153541	0.000000
-0.073880	0.000000
-0.572727	0.000000
-0.801306	0.000000
-0.326025	0.000000
0.126728	0.000000
0.453084	0.000000
-0.570331	0.000000
0.168351	0.000000
-0.460244	0.000000
-1.234645	0.000000
1.263997	0.000000
-1.226631	0.000000
0.738683	0.000000
0.267549	0.000000
0.904628	0.000000
-0.573839	0.000000
-0.206721	0.000000
0.409888	0.000000
0.631699	0.000000
-0.309948	0.000000
-0.376806	0.000000
0.365782	0.000000
-0.993108	0.000000
0.000209	0.000000
1.048402	0.000000
0.078760	0.000000
-0.309419	0.000000
-0.873066	0.000000
1.243722	0.000000
0.381179	0.000000
-0.394443	0.000000
1.604477	0.000000
1.073224	0.000000
0.993738	0.000000
0.123120	0.000000
1.455864	0.000000
-0.634166	0.000000
0.526335	0.000000
0.373869	0.000000
0.174203	0.000000
-0.200589	0.000000
-2.817422	0.000000
0.000553	0.000000
-0.445779	0.000000
-0.082089	0.000000
-0.824349	0.000000
0.326814	0.000000
1.403547	0.000000
0.313805	0.000000
0.457516	0.000000
0.430314	0.000000
-0.060122	0.000000
0.319289	0.000000
0.090570	0.000000
0.365223	0.000000
0.739545	0.000000
-0.089349	0.000000
0.145684	0.000000
-1.698756	0.000000
-0.920117	0.000000
0.074007	0.000000
1.189603	0.000000
0.400951	0.000000
0.232927	0.000000
-1.264132	0.000000
0.151056	0.000000
0.571263	0.000000
-0.105147	0.000000
-1.012878	0.000000
-0.205223	0.000000
-0.879140	0.000000
0.263089	0.000000
-0.113554	0.000000
0.668538	0.000000
-0.482252	0.000000
-0.573930	0.000000
-0.827047	0.000000
0.175823	0.000000
0.079083	0.000000
0.620584	0.000000
0.861725	0.000000
0.365919	0.000000
-0.638389	0.000000
0.343390	0.000000
-0.898301	0.000000
0.471314	0.000000
-0.851220	0.000000
0.000173	0.000000
-0.382605	0.000000
0.857480	0.000000
-0.430318	0.000000
0.617238	0.000000
0.820784	0.000000
0.142205	0.000000
0.246616	0.000000
0.970959	0.000000
-0.380400	0.000000
-0.526206	0.000000
0.311503	0.000000
0.957978	0.000000
0.652317	0.000000
0.211513	0.000000
-1.095473	0.000000
1.338369	0.000000
0.273936	0.000000
0.045923	0.000000
0.046714	0.000000
1.227768	0.000000
1.019483	0.000000
0.152953	0.000000
0.752689	0.000000
1.568171	0.000000
0.319431	0.000000
0.724154	0.000000
0.438177	0.000000
0.000049	0.000000
0.298051	0.000000
0.436528	0.000000
0.000164	0.000000
0.102342	0.000000
0.147889	0.000000
-0.132060	0.000000
-0.400438	0.000000
-0.512289	0.000000
1.138298	0.000000
-0.271824	0.000000
0.000628	0.000000
0.357679	0.000000
0.552812	0.000000
1.440921	0.000000
0.110065	0.000000
1.927934	0.000000
-0.283995	0.000000
0.534689	0.000000
0.482451	0.000000
0.574593	0.000000
-0.258342	0.000000
1.053975	0.000000
0.394923	0.000000
0.516984	0.000000
0.538636	0.000000
0.823144	0.000000
1.773642	0.000000
0.429357	0.000000
0.524227	0.000000
0.942434	0.000000
1.161250	0.000000
0.764225	0.000000
0.621839	0.000000
0.476427	0.000000
-0.035860	0.000000
0.740636	0.000000
0.315682	0.000000
0.425937	0.000000
0.123508	0.000000
0.647004	0.000000
0.253891	0.000000
0.526305	0.000000
0.467264	0.000000
0.087255	0.000000
0.451691	0.000000
0.352418	0.000000
-1.095473	0.000000
-1.449615	0.000000
0.520437	0.000000
0.503958	0.000000
-0.326597	0.000000
-0.175158	0.000000
-0.156804	0.000000
0.457669	0.000000
0.430306	0.000000
-0.482358	0.000000
-0.531820	0.000000
0.120736	0.000000
0.219140	0.000000
-0.316895	0.000000
-0.297934	0.000000
0.145894	0.000000
0.000017	0.000000
-0.715761	0.000000
0.000152	0.000000
0.793163	0.000000
0.935031	0.000000
0.931547	0.000000
0.126464	0.000000
0.060466	0.000000
1.713597	0.000000
-0.315523	0.000000
0.092325	0.000000
-0.616880	0.000000
0.110033	0.000000
0.964016	0.000000
0.681777	0.000000
0.668448	0.000000
0.723712	0.000000
0.574725	0.000000
0.000069	0.000000
-0.761074	0.000000
-0.552524	0.000000
-1.550649	0.000000
-0.215330	0.000000
-0.365424	0.000000
0.425814	0.000000
-0.514980	0.000000
0.673914	0.000000
0.628456	0.000000
0.232283	0.000000
0.982499	0.000000
0.191479	0.000000
0.428770	0.000000
0.071837	0.000000
0.863967	0.000000
0.189406	0.000000
0.851539	0.000000
-0.861407	0.000000
0.000187	0.000000
-0.380387	0.000000
-0.043855	0.000000
-0.373701	0.000000
0.696911	0.000000
1.605456	0.000000
-0.845076	0.000000
0.438760	0.000000
0.334770	0.000000
-6.408914	0.000000
-0.641167	0.000000
1.447127	0.000000
-0.525981	0.000000
-0.940668	0.000000
-0.304416	0.000000
-2.042841	0.000000
-0.663325	0.000000
-1.276759	0.000000
1.297442	0.000000
1.022163	0.000000
-0.316820	0.000000
1.490021	0.000000
-2.181987	0.000000
0.849512	0.000000
0.409151	0.000000
-1.034412	0.000000
-0.132118	0.000000
-1.201877	0.000000
0.628795	0.000000
-0.631894	0.000000
-1.117496	0.000000
-2.284223	0.000000
0.988859	0.000000
-1.197102	0.000000
0.823357	0.000000
-0.219681	0.000000
0.876533	0.000000
-1.533923	0.000000
-0.200399	0.000000
0.241366	0.000000
-2.582659	0.000000
-1.292182	0.000000
-0.761036	0.000000
0.631914	0.000000
-1.964224	0.000000
0.161672	0.000000
1.828844	0.000000
-1.418702	0.000000
0.944362	0.000000
0.524305	0.000000
0.628454	0.000000
0.232257	0.000000
-2.073903	0.000000
-0.430350	0.000000
-0.952614	0.000000
0.896762	0.000000
-1.357383	0.000000
-0.757537	0.000000
0.567655	0.000000
-0.615388	0.000000
0.000057	0.000000
1.649522	0.000000
1.359686	0.000000
0.249297	0.000000
-0.261149	0.000000
-0.100308	0.000000
-1.549612	0.000000
-0.437507	0.000000
0.669410	0.000000
0.000021	0.000000
-4.717684	0.000000
0.420137	0.000000
-1.052133	0.000000
-0.391887	0.000000
0.762535	0.000000
1.075273	0.000000
0.000087	0.000000
0.957790	0.000000
-0.060319	0.000000
0.292114	0.000000
-0.422519	0.000000
1.102679	0.000000
-1.599830	0.000000
1.699032	0.000000
0.306904	0.000000
0.369500	0.000000
0.660993	0.000000
0.534444	0.000000
0.442484	0.000000
1.011720	0.000000
-0.120732	0.000000
1.143008	0.000000
0.273567	0.000000
-0.920884	0.000000
1.852886	0.000000
-0.494458	0.000000
0.964054	0.000000
-0.113440	0.000000
-1.202980	0.000000
-0.602833	0.000000
1.435595	0.000000
-0.155006	0.000000
0.175667	0.000000
-1.657928	0.000000
1.137553	0.000000
0.700186	0.000000
0.548794	0.000000
0.638591	0.000000
0.171915	0.000000
0.599106	0.000000
-0.392414	0.000000
0.387253	0.000000
-0.545695	0.000000
0.669729	0.000000
0.905082	0.000000
0.287001	0.000000
-0.493411	0.000000
0.631340	0.000000
1.135345	0.000000
0.862099	0.000000
0.647296	0.000000
1.142103	0.000000
-0.263032	0.000000
0.529640	0.000000
-0.261145	0.000000
0.100490	0.000000
0.845395	0.000000
-1.313985	0.000000
-0.780598	0.000000
1.205105	0.000000
-0.091482	0.000000
-5.647892	0.000000
-0.525950	0.000000
1.254767	0.000000
-1.219187	0.000000
1.398059	0.000000
0.482501	0.000000
1.170648	0.000000
0.150954	0.000000
-0.510809	0.000000
-0.052811	0.000000
-0.566124	0.000000
-0.145427	0.000000
1.868782	0.000000
0.153523	0.000000
2.217037	0.000000
-0.396494	0.000000
0.801434	0.000000
0.046627	0.000000
1.138082	0.000000
-0.090593	0.000000
0.571480	0.000000
-0.084094	0.000000
0.000083	0.000000
0.000078	0.000000
1.099096	0.000000
2.103196	0.000000
0.454580	0.000000
0.200512	0.000000
-0.844062	0.000000
-0.286532	0.000000
0.775532	0.000000
-0.234148	0.000000
0.158108	0.000000
0.310502	0.000000
-0.969088	0.000000
-0.274054	0.000000
1.631766	0.000000
-0.085591	0.000000
-0.149733	0.000000
0.000189	0.000000
-1.238466	0.000000
0.327518	0.000000
2.104711	0.000000
0.571708	0.000000
0.251148	0.000000
1.111028	0.000000
-0.252520	0.000000
0.709718	0.000000
-0.738284	0.000000
-0.970456	0.000000
1.395726	0.000000
-0.043836	0.000000
0.218067	0.000000
0.609791	0.000000
0.050328	0.000000
0.493099	0.000000
-1.095010	0.000000
0.892346	0.000000
0.109622	0.000000
-0.503706	0.000000
-0.046595	0.000000
0.000012	0.000000
0.000257	0.000000
0.000045	0.000000
0.107867	0.000000
0.060350	0.000000
0.213026	0.000000
-0.271464	0.000000
0.292238	0.000000
0.000148	0.000000
-0.208547	0.000000
-0.436107	0.000000
0.339827	0.000000
0.000051	0.000000
-0.591064	0.000000
-0.132083	0.000000
-0.133489	0.000000
-0.419108	0.000000
0.126610	0.000000
0.181318	0.000000
-0.570447	0.000000
0.294586	0.000000
-0.368298	0.000000
0.617950	0.000000
0.439703	0.000000
1.051701	0.000000
-0.056781	0.000000
0.802044	0.000000
-0.663218	0.000000
0.287114	0.000000
-0.051619	0.000000
0.000082	0.000000
-0.394783	0.000000
-0.206662	0.000000
0.646286	0.000000
-0.639839	0.000000
0.354873	0.000000
0.257723	0.000000
-0.074872	0.000000
-0.156993	0.000000
-0.077152	0.000000
0.436977	0.000000
0.191340	0.000000
-0.476286	0.000000
-0.179271	0.000000
0.863954	0.000000
0.063202	0.000000
0.284104	0.000000
-0.615533	0.000000
-0.646839	0.000000
0.507922	0.000000
0.000085	0.000000
0.405040	0.000000
-0.435268	0.000000
0.351348	0.000000
0.000003	0.000000
-0.218923	0.000000
0.334597	0.000000
0.000003	0.000000
0.000118	0.000000
0.466910	0.000000
0.000435	0.000000
-4.390689	0.000000
-0.152244	0.000000
0.752708	0.000000
0.784111	0.000000
-0.638396	0.000000
-0.120677	0.000000
0.584208	0.000000
0.158509	0.000000
0.029835	0.000000
0.291344	0.000000
-0.084852	0.000000
0.153415	0.000000
-0.443216	0.000000
0.132215	0.000000
-0.534082	0.000000
0.093165	0.000000
-0.632073	0.000000
-0.241633	0.000000
0.572000	0.000000
-0.357652	0.000000
0.092140	0.000000
2.264240	0.000000
-0.439467	0.000000
0.788751	0.000000
0.284145	0.000000
-1.336645	0.000000
0.120712	0.000000
2.584337	0.000000
0.672050	0.000000
0.234371	0.000000
0.315865	0.000000
1.137510	0.000000
1.292477	0.000000
-0.548334	0.000000
-0.922270	0.000000
0.772528	0.000000
0.599088	0.000000
0.706763	0.000000
1.083899	0.000000
0.655321	0.000000
0.287137	0.000000
0.666971	0.000000
-0.394474	0.000000
0.246951	0.000000
0.126421	0.000000
1.419372	0.000000
0.862152	0.000000
0.485380	0.000000
0.507616	0.000000
-0.043750	0.000000
0.000071	0.000000
0.261324	0.000000
0.150536	0.000000
0.845421	0.000000
0.000475	0.000000
1.115595	0.000000
-0.328589	0.000000
-0.595359	0.000000
-0.326587	0.000000
-0.174811	0.000000
0.392068	0.000000
-1.524514	0.000000
-0.537321	0.000000
-0.723680	0.000000
0.957757	0.000000
-0.301699	0.000000
0.730050	0.000000
0.052916	0.000000
0.149071	0.000000
-0.290819	0.000000
1.444237	0.000000
0.255732	0.000000
-0.147695	0.000000
0.705050	0.000000
1.870327	0.000000
-0.093083	0.000000
0.632296	0.000000
0.241735	0.000000
0.572039	0.000000
-0.504932	0.000000
-1.565507	0.000000
0.617709	0.000000
0.604641	0.000000
0.438287	0.000000
-0.965808	0.000000
0.601696	0.000000
-0.663262	0.000000
0.000430	0.000000
0.878857	0.000000
-0.058442	0.000000
-1.342283	0.000000
0.000202	0.000000
0.807855	0.000000
0.914518	0.000000
-1.134932	0.000000
-0.514786	0.000000
0.898711	0.000000
0.471338	0.000000
0.000217	0.000000
-0.327395	0.000000
0.382755	0.000000
0.238231	0.000000
-0.179263	0.000000
-0.369954	0.000000
0.505244	0.000000
-1.418799	0.000000
0.862021	0.000000
0.000163	0.000000
1.395717	0.000000
0.394751	0.000000
0.031200	0.000000
1.132283	0.000000
0.200683	0.000000
0.422770	0.000000
0.657466	0.000000
0.780735	0.000000
-0.219029	0.000000
0.229049	0.000000
0.420143	0.000000
-1.402507	0.000000
0.156871	0.000000
0.609885	0.000000
-0.430028	0.000000
0.784194	0.000000
0.532264	0.000000
0.663826	0.000000
1.022167	0.000000
-0.052749	0.000000
0.059666	0.000000
0.727592	0.000000
0.849419	0.000000
-0.102189	0.000000
-0.073710	0.000000
-0.660771	0.000000
-0.534203	0.000000
0.069874	0.000000
0.126776	0.000000
-0.211356	0.000000
0.000043	0.000000
0.252523	0.000000
0.092327	0.000000
0.206339	0.000000
0.384830	0.000000
0.263104	0.000000
0.227301	0.000000
0.066987	0.000000
-0.060202	0.000000
-0.286178	0.000000
-0.258403	0.000000
0.058685	0.000000
0.631697	0.000000
0.413767	0.000000
-0.323008	0.000000
0.457329	0.000000
0.496623	0.000000
-0.343212	0.000000
0.299716	0.000000
0.785515	0.000000
1.006299	0.000000
-0.108843	0.000000
-0.669600	0.000000
-0.381013	0.000000
0.179412	0.000000
0.247016	0.000000
0.000026	0.000000
0.283994	0.000000
-0.984879	0.000000
-0.484769	0.000000
-1.014758	0.000000
0.438601	0.000000
-0.280254	0.000000
0.087181	0.000000
0.602095	0.000000
1.197584	0.000000
-1.095384	0.000000
0.892505	0.000000
0.356065	0.000000
-0.091509	0.000000
0.326834	0.000000
1.052705	0.000000
0.941024	0.000000
0.609942	0.000000
0.430347	0.000000
-4.040853	0.000000
0.000254	0.000000
-0.663741	0.000000
-0.364944	0.000000
0.422628	0.000000
0.834441	0.000000
-0.436376	0.000000
0.085102	0.000000
0.664800	0.000000
0.665262	0.000000
-0.440506	0.000000
0.133972	0.000000
0.256215	0.000000
0.505914	0.000000
0.302092	0.000000
0.000072	0.000000
-0.378669	0.000000
0.000044	0.000000
-0.617233	0.000000
0.384767	0.000000
-0.700832	0.000000
0.340998	0.000000
-0.133532	0.000000
-0.663228	0.000000
0.287091	0.000000
0.568743	0.000000
0.527091	0.000000
0.157975	0.000000
1.344311	0.000000
-0.323074	0.000000
-0.091133	0.000000
0.213011	0.000000
-0.772493	0.000000
0.224676	0.000000
-0.706675	0.000000
-0.154626	0.000000
-0.654732	0.000000
-0.430464	0.000000
0.476352	0.000000
-0.179308	0.000000
-0.740435	0.000000
0.883872	0.000000
-1.135221	0.000000
0.984942	0.000000
-0.646774	0.000000
1.395972	0.000000
0.087810	0.000000
0.934491	0.000000
-0.609545	0.000000
-0.351142	0.000000
0.986286	0.000000
-0.438105	0.000000
0.446472	0.000000
0.027470	0.000000
0.366455	0.000000
-0.466645	0.000000
-0.701359	0.000000
0.627399	0.000000
-0.762008	0.000000
-0.322308	0.000000
-0.120572	0.000000
-2.128018	0.000000
0.030255	0.000000
-0.583778	0.000000
0.211300	0.000000
0.387430	0.000000
-0.290623	0.000000
0.170066	0.000000
0.153437	0.000000
0.147995	0.000000
-0.925162	0.000000
-0.133291	0.000000
0.163084	0.000000
0.506053	0.000000
0.120883	0.000000
-0.285431	0.000000
-0.252414	0.000000
0.092254	0.000000
-1.028569	0.000000
0.274816	0.000000
-0.437916	0.000000
-0.511175	0.000000
-0.066685	0.000000
0.482441	0.000000
-0.573928	0.000000
0.310162	0.000000
-0.292695	0.000000
-0.394743	0.000000
-0.206617	0.000000
-0.592236	0.000000
0.274571	0.000000
0.354781	0.000000
-0.343251	0.000000
-0.374246	0.000000
0.000153	0.000000
0.309637	0.000000
-0.327188	0.000000
0.000008	0.000000
-0.190526	0.000000
-0.035867	0.000000
-0.246720	0.000000
-0.631150	0.000000
0.425749	0.000000
-0.738506	0.000000
-0.161313	0.000000
0.127276	0.000000
0.175537	0.000000
0.218126	0.000000
0.261296	0.000000
1.053630	0.000000
1.127044	0.000000
-1.752553	0.000000
0.111876	0.000000
0.931275	0.000000
0.961938	0.000000
-0.046539	0.000000
-0.701418	0.000000
-0.235171	0.000000
-1.524157	0.000000
0.967795	0.000000
-0.663331	0.000000
-0.531748	0.000000
-5.974123	0.000000
0.949032	0.000000
1.584799	0.000000
0.476883	0.000000
-1.308847	0.000000
-0.254800	0.000000
-0.357839	0.000000
1.847424	0.000000
-0.132143	0.000000
2.270651	0.000000
0.000008	0.000000
1.264875	0.000000
0.875987	0.000000
1.428446	0.000000
0.210408	0.000000
1.934340	0.000000
-1.234886	0.000000
0.879287	0.000000
-0.087505	0.000000
0.738713	0.000000
-0.066822	0.000000
0.060435	0.000000
0.574780	0.000000
0.775394	0.000000
-0.351273	0.000000
0.552867	0.000000
1.344400	0.000000
1.884757	0.000000
-0.274136	0.000000
1.560842	0.000000
0.944264	0.000000
-0.449096	0.000000
-0.078440	0.000000
-0.309393	0.000000
0.109195	0.000000
0.143627	0.000000
0.952745	0.000000
1.829307	0.000000
0.247134	0.000000
-0.441799	0.000000
0.568080	0.000000
-0.984806	0.000000
0.323977	0.000000
1.776417	0.000000
-0.833175	0.000000
0.996839	0.000000
0.783837	0.000000
-0.752541	0.000000
-0.211123	0.000000
-0.218836	0.000000
-0.111252	0.000000
0.136959	0.000000
0.229163	0.000000
0.093430	0.000000
0.701918	0.000000
-0.156752	0.000000
0.457409	0.000000
0.107605	0.000000
-0.120465	0.000000
-0.106239	0.000000
0.331951	0.000000
-2.554881	0.000000
0.581185	0.000000
-0.655504	0.000000
0.436677	0.000000
-0.594564	0.000000
0.306867	0.000000
0.369576	0.000000
-0.044016	0.000000
-0.400297	0.000000
0.163027	0.000000
0.126546	0.000000
0.060414	0.000000
-1.712657	0.000000
0.042121	0.000000
-0.552317	0.000000
-0.205460	0.000000
0.110081	0.000000
-0.525718	0.000000
-0.170370	0.000000
0.735367	0.000000
-0.301310	0.000000
-0.860597	0.000000
0.103495	0.000000
0.351491	0.000000
0.394884	0.000000
0.517089	0.000000
-0.107569	0.000000
0.457140	0.000000
-0.070853	0.000000
-0.343318	0.000000
0.000199	0.000000
0.000029	0.000000
-0.464243	0.000000
0.546107	0.000000
-0.095509	0.000000
-0.476237	0.000000
-0.143389	0.000000
0.370237	0.000000
-0.378779	0.000000
-0.283404	0.000000
0.738984	0.000000
0.324020	0.000000
-0.126797	0.000000
0.657960	0.000000
0.436137	0.000000
0.609770	0.000000
-0.451416	0.000000
0.704600	0.000000
0.876573	0.000000
1.338617	0.000000
0.054816	0.000000
-0.595432	0.000000
-0.093217	0.000000
1.052556	0.000000
-0.313405	0.000000
-0.304448	0.000000
0.107606	0.000000
-0.060227	0.000000
0.532091	0.000000
0.784508	0.000000
0.365089	0.000000
-4.172897	0.000000
0.178876	0.000000
0.291134	0.000000
1.104378	0.000000
0.255799	0.000000
0.443390	0.000000
0.220324	0.000000
-1.335497	0.000000
0.256200	0.000000
1.264770	0.000000
0.362548	0.000000
0.571745	0.000000
0.736429	0.000000
0.460528	0.000000
1.029293	0.000000
-1.044090	0.000000
0.876479	0.000000
0.284122	0.000000
0.601700	0.000000
-0.422021	0.000000
0.287802	0.000000
-0.878686	0.000000
1.112526	0.000000
-0.394722	0.000000
0.930540	0.000000
-0.484547	0.000000
0.000151	0.000000
-0.070758	0.000000
0.085903	0.000000
0.374413	0.000000
0.392754	0.000000
1.315934	0.000000
-2.073874	0.000000
-0.478316	0.000000
0.381179	0.000000
0.573955	0.000000
-0.246731	0.000000
0.568305	0.000000
1.703000	0.000000
0.985099	0.000000
0.323661	0.000000
0.507756	0.000000
0.219350	0.000000
-0.591761	0.000000
0.870978	0.000000
0.200829	0.000000
1.549730	0.000000
-0.875982	0.000000
0.334642	0.000000
1.862469	0.000000
2.427745	0.000000
0.560181	0.000000
1.754146	0.000000
0.392091	0.000000
0.762650	0.000000
1.613096	0.000000
1.266675	0.000000
0.957994	0.000000
0.995749	0.000000
0.073214	0.000000
0.792384	0.000000
-6.645282	0.000000
3.491845	0.000000
0.594720	0.000000
0.664727	0.000000
1.478126	0.000000
1.453998	0.000000
-0.801231	0.000000
-0.069836	0.000000
0.506028	0.000000
2.597704	0.000000
0.571917	0.000000
0.357722	0.000000
0.184473	0.000000
0.206504	0.000000
2.637747	0.000000
2.366091	0.000000
3.011109	0.000000
2.339378	0.000000
1.447413	0.000000
-0.860556	0.000000
0.982144	0.000000
0.819924	0.000000
2.052921	0.000000
0.517162	0.000000
1.238524	0.000000
0.823129	0.000000
0.354889	0.000000
-0.943963	0.000000
2.171665	0.000000
1.570622	0.000000
2.399644	0.000000
2.292561	0.000000
0.334845	0.000000
0.571669	0.000000
1.219614	0.000000
3.455707	0.000000
1.578432	0.000000
0.426095	0.000000
1.723828	0.000000
1.779392	0.000000
1.141899	0.000000
1.578884	0.000000
-0.031091	0.000000
0.696814	0.000000
0.150510	0.000000
0.422660	0.000000
0.657657	0.000000
-0.222973	0.000000
0.082237	0.000000
0.137480	0.000000
0.373524	0.000000
0.351264	0.000000
1.333139	0.000000
0.152755	0.000000
-0.322434	0.000000
-0.542653	0.000000
0.000093	0.000000
-0.301679	0.000000
0.511211	0.000000
-0.369681	0.000000
0.506618	0.000000
-0.581474	0.000000
0.255056	0.000000
0.664646	0.000000
0.665290	0.000000
-0.484538	0.000000
0.267263	0.000000
0.442465	0.000000
0.885459	0.000000
0.271935	0.000000
0.285685	0.000000
0.504954	0.000000
0.092147	0.000000
-1.852157	0.000000
0.549667	0.000000
-0.175026	0.000000
0.397724	0.000000
0.133708	0.000000
0.603012	0.000000
-0.573704	0.000000
-0.155059	0.000000
0.117153	0.000000
0.473793	0.000000
0.517079	0.000000
-0.376811	0.000000
0.914389	0.000000
1.206119	0.000000
0.257513	0.000000
1.048519	0.000000
-0.470917	0.000000
0.619372	0.000000
-0.327294	0.000000
-0.143483	0.000000
0.047699	0.000000
0.071745	0.000000
0.370362	0.000000
0.252533	0.000000
0.567671	0.000000
-1.107638	0.000000
-0.323093	0.000000
1.649477	0.000000
0.219289	0.000000
0.000063	0.000000
0.261376	0.000000
0.652226	0.000000
-0.915562	0.000000
0.876863	0.000000
-0.222784	0.000000
0.027415	0.000000
0.137510	0.000000
0.793652	0.000000
1.052603	0.000000
0.705667	0.000000
1.372584	0.000000
0.967931	0.000000
0.000190	0.000000
0.106740	0.000000
-0.241288	0.000000
-0.948987	0.000000
0.528233	0.000000
0.149034	0.000000
-0.872549	0.000000
-3.822120	0.000000
-0.408886	0.000000
-0.369354	0.000000
-0.088110	0.000000
-0.533939	0.000000
0.721990	0.000000
0.758734	0.000000
-0.815474	0.000000
-0.570637	0.000000
0.315642	0.000000
0.184345	0.000000
-1.234609	0.000000
0.329796	0.000000
-0.175111	0.000000
-0.283917	0.000000
0.401152	0.000000
0.120793	0.000000
-1.147999	0.000000
-0.826973	0.000000
0.468581	0.000000
1.184553	0.000000
0.310268	0.000000
0.161594	0.000000
0.823016	0.000000
0.993377	0.000000
0.858462	0.000000
-0.149565	0.000000
-0.235363	0.000000
-0.696633	0.000000
0.873571	0.000000
0.478395	0.000000
0.714531	0.000000
-0.250971	0.000000
-0.123232	0.000000
-0.378734	0.000000
0.567877	0.000000
0.369564	0.000000
0.000086	0.000000
0.000039	0.000000
0.263260	0.000000
0.062348	0.000000
-0.609376	0.000000
0.602149	0.000000
-0.352008	0.000000
-0.219049	0.000000
-1.115110	0.000000
-0.082090	0.000000
0.916134	0.000000
0.093416	0.000000
-0.350232	0.000000
0.157033	0.000000
-0.914576	0.000000
-0.860048	0.000000
0.723756	0.000000
-1.702538	0.000000
-0.633546	0.000000
0.438054	0.000000
0.105796	0.000000
0.178880	0.000000
0.291112	0.000000
0.934449	0.000000
-4.754629	0.000000
-0.295412	0.000000
-0.528639	0.000000
0.801494	0.000000
0.721942	0.000000
0.759013	0.000000
0.302089	0.000000
1.714316	0.000000
0.631242	0.000000
1.013188	0.000000
-0.617157	0.000000
0.329778	0.000000
0.175278	0.000000
0.852230	0.000000
0.401132	0.000000
0.301542	0.000000
-0.860412	0.000000
0.465367	0.000000
-0.409743	0.000000
0.000212	0.000000
0.517286	0.000000
-0.161444	0.000000
-1.005637	0.000000
0.283794	0.000000
-0.171498	0.000000
0.000100	0.000000
1.178100	0.000000
-0.309564	0.000000
1.091888	0.000000
-0.526086	0.000000
-0.285677	0.000000
-0.322702	0.000000
1.481222	0.000000
-0.946778	0.000000
0.851598	0.000000
0.246551	0.000000
0.161996	0.000000
-0.380285	0.000000
0.438643	0.000000
0.405004	0.000000
1.132140	0.000000
-0.100268	0.000000
-0.070420	0.000000
-0.218847	0.000000
-0.334357	0.000000
-0.383438	0.000000
0.366454	0.000000
0.513578	0.000000
-0.701373	0.000000
-0.470288	0.000000
0.915111	0.000000
-0.107222	0.000000
0.603163	0.000000
-0.106389	0.000000
0.301756	0.000000
0.657111	0.000000
-0.105566	0.000000
-0.655527	0.000000
-0.436071	0.000000
-0.084907	0.000000
0.358016	0.000000
-2.290735	0.000000
0.308488	0.000000
-0.533850	0.000000
-0.279394	0.000000
-0.379068	0.000000
-0.211339	0.000000
0.571386	0.000000
0.315589	0.000000
0.276391	0.000000
0.823787	0.000000
0.659606	0.000000
0.525955	0.000000
0.113692	0.000000
-0.066754	0.000000
0.783917	0.000000
0.287864	0.000000
0.413677	0.000000
-0.117071	0.000000
0.631839	0.000000
-0.516659	0.000000
0.807759	0.000000
0.274504	0.000000
0.000172	0.000000
-0.171616	0.000000
0.149880	0.000000
0.000062	0.000000
0.696903	0.000000
0.109499	0.000000
0.095813	0.000000
-0.047502	0.000000
-0.502123	0.000000
0.740447	0.000000
-0.252376	0.000000
-0.283654	0.000000
0.369512	0.000000
-0.161663	0.000000
-0.126826	0.000000
0.087737	0.000000
0.093460	0.000000
-0.783590	0.000000
-0.501693	0.000000
0.845354	0.000000
-1.971258	0.000000
0.669253	0.000000
-0.082153	0.000000
0.503856	0.000000
-0.326674	0.000000
0.526145	0.000000
-0.392010	0.000000
-0.761855	0.000000
-1.397584	0.000000
-0.241111	0.000000
-0.957703	0.000000
-0.060294	0.000000
0.073200	0.000000
0.052874	0.000000
0.000024	0.000000
1.164119	0.000000
-0.509358	0.000000
0.306806	0.000000
0.739068	0.000000
-5.242903	0.000000
-1.201940	0.000000
-0.256162	0.000000
0.506144	0.000000
-0.453021	0.000000
0.000128	0.000000
0.189392	0.000000
0.921024	0.000000
-1.234777	0.000000
0.989150	0.000000
-0.087388	0.000000
-0.113512	0.000000
0.601741	0.000000
0.241360	0.000000
0.000906	0.000000
0.103507	0.000000
-0.292734	0.000000
0.473785	0.000000
0.413596	0.000000
-0.161541	0.000000
-0.273999	0.000000
-0.070880	0.000000
0.600834	0.000000
0.299649	0.000000
0.157215	0.000000
-0.077234	0.000000
-0.982453	0.000000
-0.573955	0.000000
0.428809	0.000000
0.179422	0.000000
-0.616804	0.000000
-0.189196	0.000000
1.135591	0.000000
-1.230995	0.000000
0.162150	0.000000
1.142294	0.000000
0.219308	0.000000
1.059157	0.000000
0.174218	0.000000
0.802746	0.000000
0.845308	0.000000
-0.218503	0.000000
0.334763	0.000000
0.191769	0.000000
0.091644	0.000000
0.326866	0.000000
1.052624	0.000000
0.941061	0.000000
0.762489	0.000000
-0.107356	0.000000
-0.180869	0.000000
0.532237	0.000000
0.060437	0.000000
0.000012	0.000000
0.052900	0.000000
-0.387366	0.000000
-0.290836	0.000000
0.424854	0.000000
0.204579	0.000000
1.256464	0.000000
-0.264246	0.000000
-1.068331	0.000000
0.698670	0.000000
1.011696	0.000000
0.030279	0.000000
-0.856635	0.000000
-0.399732	0.000000
0.460606	0.000000
0.411992	0.000000
0.604487	0.000000
0.701196	0.000000
0.681836	0.000000
0.133806	0.000000
0.542849	0.000000
0.000008	0.000000
-0.051537	0.000000
0.819848	0.000000
0.710697	0.000000
0.620387	0.000000
0.430838	0.000000
-0.182847	0.000000
1.277029	0.000000
0.515241	0.000000
1.347921	0.000000
0.078609	0.000000
0.619298	0.000000
0.545962	0.000000
-0.191294	0.000000
0.381214	0.000000
0.896815	0.000000
0.617034	0.000000
0.694568	0.000000
0.426057	0.000000
0.615820	0.000000
1.455856	0.000000
-0.380265	0.000000
0.570228	0.000000
0.654186	0.000000
0.783777	0.000000
-1.555215	0.000000
0.563655	0.000000
-1.095068	0.000000
-0.892172	0.000000
0.739512	0.000000
1.465828	0.000000
-0.326597	0.000000
-1.753237	0.000000
0.862630	0.000000
0.609945	0.000000
-1.289978	0.000000
1.930039	0.000000
-0.319181	0.000000
0.000048	0.000000
1.460190	0.000000
0.422592	0.000000
-0.476771	0.000000
0.582082	0.000000
0.339886	0.000000
0.306770	0.000000
-1.108399	0.000000
-0.043963	0.000000
-2.270238	0.000000
-6.450593	0.000000
-3.034468	0.000000
1.631159	0.000000
0.285904	0.000000
-0.105130	0.000000
0.552773	0.000000
1.235670	0.000000
1.648697	0.000000
-0.175136	0.000000
-0.170435	0.000000
0.133794	0.000000
-0.301318	0.000000
0.287834	0.000000
-1.188813	0.000000
1.288221	0.000000
0.395041	0.000000
0.206953	0.000000
1.130803	0.000000
-1.919786	0.000000
0.638536	0.000000
0.429237	0.000000
-0.074854	0.000000
-0.470930	0.000000
0.619407	0.000000
0.327550	0.000000
1.195813	0.000000
-0.714352	0.000000
0.358746	0.000000
0.247047	0.000000
0.000192	0.000000
-0.851113	0.000000
1.600830	0.000000
-0.161237	0.000000
0.507658	0.000000
-1.622680	0.000000
0.062311	0.000000
-0.435159	0.000000
-0.300996	0.000000
-0.281687	0.000000
0.000291	0.000000
-1.115221	0.000000
0.191748	0.000000
0.732892	0.000000
0.000126	0.000000
0.175687	0.000000
-0.156762	0.000000
0.305149	0.000000
0.000199	0.000000
-1.206207	0.000000
-0.319227	0.000000
-0.422382	0.000000
-0.218796	0.000000
0.950934	0.000000
0.119215	0.000000
0.000354	0.000000
-0.254689	0.000000
0.051151	0.000000
0.295782	0.000000
-0.043982	0.000000
0.267140	0.000000
-0.465732	0.000000
-1.137780	0.000000
0.181286	0.000000
0.285740	0.000000
-0.483882	0.000000
0.460637	0.000000
0.000576	0.000000
0.439772	0.000000
-0.525571	0.000000
0.113651	0.000000
-0.333989	0.000000
0.060491	0.000000
0.287222	0.000000
0.155128	0.000000
-0.058499	0.000000
0.552900	0.000000
-0.206642	0.000000
0.430848	0.000000
0.183036	0.000000
0.070994	0.000000
0.257756	0.000000
0.000098	0.000000
0.471231	0.000000
-0.541590	0.000000
0.000160	0.000000
0.047914	0.000000
0.238210	0.000000
0.071763	0.000000
0.123601	0.000000
0.378854	0.000000
-1.135245	0.000000
0.861832	0.000000
0.808952	0.000000
0.254122	0.000000
-0.219169	0.000000
0.467327	0.000000
1.828867	0.000000
2.207598	0.000000
0.422640	0.000000
-0.218873	0.000000
1.338473	0.000000
-0.410746	0.000000
-1.099252	0.000000
0.326877	0.000000
2.280322	0.000000
0.392268	0.000000
3.049124	0.000000
0.860252	0.000000
1.507865	0.000000
2.128440	0.000000
0.694041	0.000000
1.460182	0.000000
1.162140	0.000000
1.639032	0.000000
-2.036352	0.000000
-1.104124	0.000000
1.278325	0.000000
1.551861	0.000000
-0.044035	0.000000
2.003608	0.000000
1.350711	0.000000
2.276259	0.000000
-6.131563	0.000000
0.286297	0.000000
1.367550	0.000000
0.736970	0.000000
1.029470	0.000000
-0.549472	0.000000
1.226975	0.000000
-0.227165	0.000000
0.534698	0.000000
-0.241203	0.000000
1.435343	0.000000
0.723788	0.000000
0.468584	0.000000
2.210842	0.000000
1.964626	0.000000
1.292419	0.000000
1.737226	0.000000
1.702731	0.000000
1.287681	0.000000
-0.074817	0.000000
1.727721	0.000000
1.083786	0.000000
0.873403	0.000000
1.148085	0.000000
1.286258	0.000000
1.147804	0.000000
-0.246785	0.000000
0.126344	0.000000
0.993650	0.000000
-1.231013	0.000000
-0.485070	0.000000
-1.395498	0.000000
-0.657845	0.000000
1.308353	0.000000
0.871005	0.000000
-0.200579	0.000000
-0.140684	0.000000
-0.438022	0.000000
1.227154	0.000000
-0.219053	0.000000
-1.007628	0.000000
0.700205	0.000000
0.701927	0.000000
0.156937	0.000000
1.219755	0.000000
2.042934	0.000000
0.241290	0.000000
1.383510	0.000000
-0.211115	0.000000
0.438163	0.000000
-0.316894	0.000000
0.685400	0.000000
-0.436066	0.000000
0.000193	0.000000
1.636170	0.000000
-0.221642	0.000000
-0.792955	0.000000
-0.266703	0.000000
0.652101	0.000000
0.126806	0.000000
-0.543632	0.000000
1.142864	0.000000
-0.168299	0.000000
2.210584	0.000000
1.440884	0.000000
0.000111	0.000000
-0.701024	0.000000
-0.908960	0.000000
-0.066640	0.000000
0.180996	0.000000
0.574903	0.000000
-0.206647	0.000000
1.405351	0.000000
1.895143	0.000000
1.964695	0.000000
0.969319	0.000000
0.182907	0.000000
-0.141741	0.000000
0.944328	0.000000
-0.524058	0.000000
0.471236	0.000000
0.619490	0.000000
-1.091468	0.000000
-0.143371	0.000000
-0.476187	0.000000
0.466329	0.000000
0.246892	0.000000
0.757667	0.000000
-0.141451	0.000000
0.615950	0.000000
1.294372	0.000000
0.253868	0.000000
0.877270	0.000000
0.467246	0.000000
-1.393071	0.000000
-0.150424	0.000000
1.267966	0.000000
2.629725	0.000000
1.450042	0.000000
1.259917	0.000000
0.366458	0.000000
-0.513377	0.000000
-0.175003	0.000000
0.313847	0.000000
0.000151	0.000000
1.720542	0.000000
-1.929850	0.000000
1.383585	0.000000
0.150873	0.000000
-0.802998	0.000000
1.215044	0.000000
0.059615	0.000000
1.163932	0.000000
-1.613576	0.000000
2.658657	0.000000
-0.147557	0.000000
1.365903	0.000000
-0.801129	0.000000
0.465759	0.000000
-1.643490	0.000000
1.540512	0.000000
-1.141651	0.000000
-6.921862	0.000000
-0.644667	0.000000
2.058633	0.000000
0.604519	0.000000
0.350669	0.000000
-0.340694	0.000000
0.334348	0.000000
0.482591	0.000000
-0.860361	0.000000
0.672066	0.000000
2.634983	0.000000
-0.631425	0.000000
0.310428	0.000000
2.638651	0.000000
0.365989	0.000000
-1.347845	0.000000
-1.544856	0.000000
1.347907	0.000000
-0.392542	0.000000
-0.232070	0.000000
2.401635	0.000000
1.052428	0.000000
0.571755	0.000000
0.573931	0.000000
0.864080	0.000000
2.146626	0.000000
-1.418710	0.000000
1.108287	0.000000
2.426680	0.000000
0.127152	0.000000
0.175445	0.000000
1.121395	0.000000
1.567721	0.000000
0.250989	0.000000
0.211461	0.000000
0.438824	0.000000
0.111602	0.000000
0.000003	0.000000
-0.320495	0.000000
-0.280000	0.000000
0.175583	0.000000
0.470680	0.000000
-0.456981	0.000000
0.107717	0.000000
-0.542631	0.000000
0.744892	0.000000
-0.030129	0.000000
0.073018	0.000000
0.528378	0.000000
0.238428	0.000000
0.436483	0.000000
0.255038	0.000000
1.073809	0.000000
-0.295520	0.000000
0.264380	0.000000
0.267262	0.000000
0.186318	0.000000
0.253099	0.000000
-0.030158	0.000000
-0.284851	0.000000
-0.105170	0.000000
-3.775852	0.000000
-0.617250	0.000000
0.274807	0.000000
-0.613290	0.000000
-0.908911	0.000000
-0.200321	0.000000
-0.482406	0.000000
-1.147507	0.000000
0.465253	0.000000
-0.175474	0.000000
-0.710410	0.000000
-0.516859	0.000000
-0.161517	0.000000
-0.182794	0.000000
-0.567545	0.000000
0.085903	0.000000
0.524302	0.000000
-0.863716	0.000000
-0.619045	0.000000
-0.217982	0.000000
-0.095650	0.000000
-0.095170	0.000000
-0.143426	0.000000
0.370378	0.000000
0.631364	0.000000
-0.567214	0.000000
-0.492415	0.000000
-1.131893	0.000000
-0.380224	0.000000
-0.087599	0.000000
0.062307	0.000000
-0.609544	0.000000
-0.300918	0.000000
-0.281547	0.000000
1.534060	0.000000
1.673059	0.000000
-0.383418	0.000000
0.732969	0.000000
1.026905	0.000000
1.228192	0.000000
0.627492	0.000000
-1.981797	0.000000
-1.182571	0.000000
-1.266394	0.000000
1.064195	0.000000
-0.211155	0.000000
-0.657016	0.000000
1.954454	0.000000
0.119246	0.000000
2.327876	0.000000
-1.613747	0.000000
0.971565	0.000000
0.739001	0.000000
-0.043997	0.000000
1.469361	0.000000
0.023304	0.000000
1.138095	0.000000
0.392761	0.000000
0.000442	0.000000
-0.610102	0.000000
-0.184022	0.000000
-1.440326	0.000000
-0.109785	0.000000
-1.314228	0.000000
-0.795267	0.000000
1.403648	0.000000
1.447333	0.000000
-1.721527	0.000000
0.672126	0.000000
1.288352	0.000000
0.947704	0.000000
-0.930263	0.000000
0.161705	0.000000
1.097353	0.000000
-0.212742	0.000000
0.171825	0.000000
0.449454	0.000000
-0.235434	0.000000
1.161303	0.000000
0.873452	0.000000
-0.430462	0.000000
0.333468	0.000000
-0.573879	0.000000
0.246987	0.000000
1.578369	0.000000
-2.412049	0.000000
-0.492135	0.000000
0.808954	0.000000
1.142188	0.000000
0.701767	0.000000
0.685307	0.000000
0.174341	0.000000
1.254284	0.000000
-0.140802	0.000000
-2.190465	0.000000
-0.334284	0.000000
-0.054713	0.000000
0.229139	0.000000
-0.093237	0.000000
0.350905	0.000000
0.078423	0.000000
0.457866	0.000000
0.322598	0.000000
1.085744	0.000000
0.851516	0.000000
0.663836	0.000000
-0.072936	0.000000
-0.211144	0.000000
0.983475	0.000000
-0.290676	0.000000
0.424946	0.000000
-0.255578	0.000000
-0.147730	0.000000
1.057441	0.000000
0.267329	0.000000
0.209661	0.000000
0.253145	0.000000
-0.634261	0.000000
0.285872	0.000000
0.126259	0.000000
0.460712	0.000000
1.441296	0.000000
-4.231308	0.000000
1.489902	0.000000
0.738650	0.000000
0.534725	0.000000
0.361890	0.000000
0.287483	0.000000
0.517017	0.000000
-0.292596	0.000000
-0.710402	0.000000
-1.033715	0.000000
-0.969210	0.000000
-0.274091	0.000000
-0.070816	0.000000
1.116042	0.000000
-0.149695	0.000000
-0.157049	0.000000
0.154840	0.000000
0.218426	0.000000
-0.382631	0.000000
-0.666740	0.000000
-0.824915	0.000000
-1.233809	0.000000
0.568288	0.000000
-0.709354	0.000000
-0.615305	0.000000
-0.161588	0.000000
-0.887734	0.000000
0.087718	0.000000
-0.872153	0.000000
-0.173954	0.000000
-0.150502	0.000000
0.422841	0.000000
0.657837	0.000000
-0.223046	0.000000
-0.054751	0.000000
0.732877	0.000000
0.466824	0.000000
1.228066	0.000000
0.470608	0.000000
0.610077	0.000000
0.322664	0.000000
-0.964809	0.000000
0.212881	0.000000
-0.482711	0.000000
-0.072844	0.000000
0.898065	0.000000
0.625848	0.000000
0.000323	0.000000
0.509720	0.000000
0.153521	0.000000
0.295658	0.000000
0.264388	0.000000
0.534513	0.000000
0.209589	0.000000
0.253021	0.000000
-0.211416	0.000000
-0.571043	0.000000
-0.063062	0.000000
1.749916	0.000000
-1.028745	0.000000
0.439646	0.000000
-2.716403	0.000000
0.227367	0.000000
0.601712	0.000000
-0.060190	0.000000
0.287675	0.000000
0.465383	0.000000
0.292906	0.000000
0.315872	0.000000
-0.103352	0.000000
-0.215305	0.000000
-0.182825	0.000000
0.638627	0.000000
0.171706	0.000000
0.224743	0.000000
-0.156872	0.000000
-0.464374	0.000000
1.091756	0.000000
-0.526043	0.000000
-0.047551	0.000000
0.000053	0.000000
0.370287	0.000000
0.442043	0.000000
-0.851057	0.000000
0.984995	0.000000
0.162184	0.000000
0.000257	0.000000
-0.745542	0.000000
0.342646	0.000000
-0.696571	0.000000
0.200762	0.000000
-0.492837	0.000000
-0.218918	0.000000
0.446207	0.000000
-0.849026	0.000000
-0.549518	0.000000
0.606818	0.000000
0.000423	0.000000
0.078459	0.000000
-2.286469	0.000000
0.430301	0.000000
0.241417	0.000000
-0.638245	0.000000
-0.030136	0.000000
0.146149	0.000000
-0.158383	0.000000
0.059657	0.000000
0.290962	0.000000
-1.019128	0.000000
0.255670	0.000000
-0.443346	0.000000
0.881311	0.000000
0.668204	0.000000
0.349350	0.000000
-1.264113	0.000000
0.181241	0.000000
-0.570523	0.000000
-0.168247	0.000000
-2.302218	0.000000
-1.440704	0.000000
0.274893	0.000000
0.000149	0.000000
-5.397221	0.000000
-0.066748	0.000000
0.301620	0.000000
-2.008698	0.000000
-0.361701	0.000000
0.234343	0.000000
0.395018	0.000000
-0.516723	0.000000
0.646226	0.000000
0.182948	0.000000
-0.709411	0.000000
0.686670	0.000000
-0.748548	0.000000
0.235662	0.000000
0.155020	0.000000
-0.654972	0.000000
0.621963	0.000000
0.000037	0.000000
0.143472	0.000000
-0.370131	0.000000
0.000165	0.000000
-0.141534	0.000000
-1.107935	0.000000
-0.484811	0.000000
0.507574	0.000000
0.921149	0.000000
-0.529455	0.000000
-0.086838	0.000000
0.451655	0.000000
-0.774737	0.000000
0.877096	0.000000
0.000016	0.000000
-0.301213	0.000000
-0.045756	0.000000
0.653485	0.000000
-1.052005	0.000000
-1.489613	0.000000
0.152555	0.000000
-0.429873	0.000000
0.301674	0.000000
-0.957661	0.000000
0.030269	0.000000
0.657100	0.000000
0.317030	0.000000
0.447002	0.000000
-0.581646	0.000000
-0.339733	0.000000
0.102356	0.000000
-0.147742	0.000000
-0.132136	0.000000
-0.934735	0.000000
0.605493	0.000000
-0.632178	0.000000
-0.453053	0.000000
0.571231	0.000000
-0.021016	0.000000
0.828896	0.000000
0.412162	0.000000
0.110058	0.000000
0.175334	0.000000
0.284243	0.000000
-4.076798	0.000000
0.120686	0.000000
-0.860902	0.000000
-0.361690	0.000000
-0.409854	0.000000
0.552932	0.000000
-0.103211	0.000000
-0.215290	0.000000
0.457146	0.000000
-0.354563	0.000000
0.085949	0.000000
0.524188	0.000000
-0.156990	0.000000
-0.077392	0.000000
-0.218017	0.000000
0.574023	0.000000
0.285929	0.000000
0.394660	0.000000
-1.110486	0.000000
-0.946749	0.000000
-0.141822	0.000000
-0.369178	0.000000
-0.323441	0.000000
-0.634020	0.000000
0.043874	0.000000
-0.747564	0.000000
1.480447	0.000000
0.301166	0.000000
-0.211251	0.000000
-1.533475	0.000000
1.896352	0.000000
-0.054692	0.000000
-0.870216	0.000000
-0.279925	0.000000
0.877284	0.000000
0.000230	0.000000
0.610122	0.000000
-0.429830	0.000000
0.904724	0.000000
0.851325	0.000000
0.543166	0.000000
-0.072763	0.000000
-0.369747	0.000000
-0.208564	0.000000
-0.727318	0.000000
0.424718	0.000000
0.255674	0.000000
-0.443299	0.000000
0.220327	0.000000
0.400939	0.000000
-0.023238	0.000000
0.000257	0.000000
-0.694637	0.000000
-0.856499	0.000000
0.504964	0.000000
0.184386	0.000000
1.029191	0.000000
-0.109823	0.000000
0.263142	0.000000
-0.511258	0.000000
0.133703	0.000000
-3.919463	0.000000
0.861521	0.000000
-0.568529	0.000000
1.405314	0.000000
-0.078812	0.000000
0.517229	0.000000
-0.107562	0.000000
-0.091196	0.000000
-0.070800	0.000000
-0.343246	0.000000
-0.973225	0.000000
0.235625	0.000000
0.232340	0.000000
0.218335	0.000000
-0.430487	0.000000
-0.952565	0.000000
-0.251034	0.000000
0.370529	0.000000
-0.504958	0.000000
-0.851377	0.000000
0.738722	0.000000
-2.425838	0.000000
-0.760905	0.000000
0.131635	0.000000
0.342715	0.000000
0.609729	0.000000
0.602043	0.000000
1.620223	0.000000
1.972590	0.000000
-1.338189	0.000000
0.082191	0.000000
1.053509	0.000000
0.140167	0.000000
1.403319	0.000000
1.254693	0.000000
1.219776	0.000000
-1.075110	0.000000
0.542810	0.000000
-0.425430	0.000000
1.267270	0.000000
0.730135	0.000000
1.056566	0.000000
-0.178766	0.000000
0.145553	0.000000
1.528901	0.000000
1.022610	0.000000
-0.073749	0.000000
0.044157	0.000000
0.801554	0.000000
-0.675323	0.000000
-0.632203	0.000000
0.090701	0.000000
-0.285105	0.000000
-0.042036	0.000000
1.381718	0.000000
0.000216	0.000000
0.714548	0.000000
0.175425	0.000000
0.454532	0.000000
0.868941	0.000000
0.241312	0.000000
-1.147706	0.000000
0.155077	0.000000
0.410010	0.000000
1.816118	0.000000
-0.620250	0.000000
0.000035	0.000000
1.005881	0.000000
0.993343	0.000000
0.000269	0.000000
-0.074751	0.000000
0.157112	0.000000
1.470929	0.000000
0.873369	0.000000
-0.956524	0.000000
-0.428699	0.000000
0.215311	0.000000
0.123409	0.000000
0.378812	0.000000
0.567788	0.000000
1.354307	0.000000
-0.808252	0.000000
0.253945	0.000000
0.263260	0.000000
0.560695	0.000000
1.219410	0.000000
0.150523	0.000000
-0.915556	0.000000
1.534038	0.000000
0.669391	0.000000
-0.766826	0.000000
-0.732786	0.000000
0.840253	0.000000
-1.402493	0.000000
0.000087	0.000000
0.152650	0.000000
-0.430053	0.000000
0.482653	0.000000
0.957964	0.000000
0.060444	0.000000
0.073205	0.000000
-1.214893	0.000000
0.238486	0.000000
-0.290641	0.000000
0.085177	0.000000
-0.204484	0.000000
0.147903	0.000000
0.572810	0.000000
-1.869537	0.000000
-0.675280	0.000000
-1.137840	0.000000
0.302114	0.000000
-0.571090	0.000000
0.231487	0.000000
1.197490	0.000000
0.617670	0.000000
-0.384513	0.000000
-0.087371	0.000000
0.000182	0.000000
-1.136086	0.000000
-0.844150	0.000000
-0.573820	0.000000
-4.186839	0.000000
1.288355	0.000000
-0.078739	0.000000
1.034122	0.000000
0.161720	0.000000
-0.182831	0.000000
0.709646	0.000000
1.201704	0.000000
0.074909	0.000000
-0.706502	0.000000
0.232468	0.000000
-0.982341	0.000000
-0.526003	0.000000
0.238172	0.000000
0.717394	0.000000
-1.233871	0.000000
-0.441908	0.000000
0.851895	0.000000
0.492791	0.000000
-1.617190	0.000000
-0.634294	0.000000
-0.570130	0.000000
-0.934462	0.000000
-0.348133	0.000000
0.200693	0.000000
0.281814	0.000000
-0.218809	0.000000
-1.338324	0.000000
0.082237	0.000000
-0.274787	0.000000
0.326872	0.000000
-1.052234	0.000000
-0.705596	0.000000
-0.304773	0.000000
-0.214697	0.000000
-0.241137	0.000000
-1.276606	0.000000
-0.241352	0.000000
0.803208	0.000000
0.105750	0.000000
-0.208510	0.000000
-1.745624	0.000000
-0.594406	0.000000
-0.102110	0.000000
0.148033	0.000000
0.484670	0.000000
0.400986	0.000000
0.302791	0.000000
0.632343	0.000000
0.302082	0.000000
0.857192	0.000000
0.294612	0.000000
0.092369	0.000000
-0.823135	0.000000
0.109991	0.000000
0.175377	0.000000
0.852339	0.000000
0.066981	0.000000
1.567939	0.000000
0.287388	0.000000
0.878822	0.000000
-4.157251	0.000000
-0.789474	0.000000
-0.620195	0.000000
0.484690	0.000000
-0.457135	0.000000
0.071126	0.000000
-0.686660	0.000000
-0.224497	0.000000
0.549788	0.000000
0.232433	0.000000
-0.217994	0.000000
0.287024	0.000000
0.238245	0.000000
-0.179229	0.000000
0.123514	0.000000
-0.694275	0.000000
-0.283392	0.000000
-0.123038	0.000000
1.294523	0.000000
-0.253634	0.000000
-0.306981	0.000000
-0.778713	0.000000
-0.261227	0.000000
-0.050077	0.000000
0.211537	0.000000
0.438891	0.000000
0.334791	0.000000
0.246562	0.000000
-1.145090	0.000000
-0.420081	0.000000
0.175786	0.000000
0.000129	0.000000
0.457412	0.000000
0.322619	0.000000
0.422219	0.000000
0.106694	0.000000
0.331962	0.000000
0.146066	0.000000
-0.580876	0.000000
0.029875	0.000000
0.873268	0.000000
0.764710	0.000000
0.000096	0.000000
0.739123	0.000000
0.440713	0.000000
1.469478	0.000000
0.442539	0.000000
0.252968	0.000000
-0.181159	0.000000
-0.285552	0.000000
0.126282	0.000000
-1.381413	0.000000
0.205866	0.000000
-0.274695	0.000000
-0.087462	0.000000
0.511465	0.000000
0.534721	0.000000
-0.421962	0.000000
1.435646	0.000000
0.155174	0.000000
0.819852	0.000000
-1.421190	0.000000
-0.103162	0.000000
-0.322965	0.000000
0.731507	0.000000
-0.283725	0.000000
-0.171658	0.000000
0.149810	0.000000
0.000121	0.000000
0.309714	0.000000
-0.545510	0.000000
0.239304	0.000000
0.666978	0.000000
0.215279	0.000000
-0.246415	0.000000
0.631347	0.000000
0.709575	0.000000
0.615562	0.000000
0.000352	0.000000
0.000015	0.000000
-0.306939	0.000000
0.342721	0.000000
1.132165	0.000000
0.050239	0.000000
0.422674	0.000000
-0.657223	0.000000
-1.003698	0.000000
0.109607	0.000000
0.824538	0.000000
0.793538	0.000000
1.228163	0.000000
0.548867	0.000000
0.152504	0.000000
-0.644962	0.000000
1.085655	0.000000
-0.106360	0.000000
0.392256	0.000000
0.292066	0.000000
0.369847	0.000000
-0.119112	0.000000
-0.290583	0.000000
-0.679494	0.000000
0.358047	0.000000
-0.147620	0.000000
0.352590	0.000000
0.401118	0.000000
-0.232814	0.000000
-0.126276	0.000000
0.332303	0.000000
0.000021	0.000000
0.126274	0.000000
1.105338	0.000000
0.000335	0.000000
-0.219739	0.000000
0.350597	0.000000
0.000008	0.000000
0.334288	0.000000
0.663467	0.000000
0.000645	0.000000
0.672049	0.000000
0.175762	0.000000
0.789672	0.000000
-1.343951	0.000000
0.000018	0.000000
1.280243	0.000000
0.071026	0.000000
0.343369	0.000000
1.048520	0.000000
0.549688	0.000000
1.006323	0.000000
1.310193	0.000000
-0.191238	0.000000
-0.476241	0.000000
-0.035832	0.000000
0.493886	0.000000
-0.063051	0.000000
-0.425410	0.000000
0.369346	0.000000
0.809240	0.000000
0.380719	0.000000
0.921135	0.000000
-0.155746	0.000000
0.000116	0.000000
-0.150414	0.000000
-0.281734	0.000000
1.315174	0.000000
-0.223037	0.000000
0.410901	0.000000
0.366554	0.000000
-0.420040	0.000000
0.175522	0.000000
0.470493	0.000000
0.762370	0.000000
0.860183	0.000000
0.241327	0.000000
-0.425298	0.000000
0.573282	0.000000
-0.656892	0.000000
-0.211233	0.000000
0.298061	0.000000
1.309369	0.000000
0.169958	0.000000
0.102372	0.000000
0.369598	0.000000
0.572869	0.000000
0.534392	0.000000
0.838403	0.000000
0.632593	0.000000
0.181294	0.000000
0.571485	0.000000
0.526044	0.000000
-0.184118	0.000000
-0.411591	0.000000
0.219963	0.000000
-0.876141	0.000000
0.511443	0.000000
-0.801831	0.000000
0.422111	0.000000
0.000487	0.000000
0.000035	0.000000
-0.234036	0.000000
0.158059	0.000000
-0.206484	0.000000
-2.961449	0.000000
-0.091336	0.000000
0.638634	0.000000
-0.772254	0.000000
-0.224497	0.000000
0.078591	0.000000
-0.309463	0.000000
-0.218011	0.000000
0.191482	0.000000
0.047729	0.000000
0.251110	0.000000
-0.123153	0.000000
-0.252399	0.000000
0.851581	0.000000
-0.492257	0.000000
-0.808522	0.000000
-2.156856	0.000000
0.614074	0.000000
-0.654133	0.000000
-0.609359	0.000000
0.702467	0.000000
0.563719	0.000000
-0.657116	0.000000
-0.334372	0.000000
0.794279	0.000000
-0.549594	0.000000
0.186831	0.000000
-0.174997	0.000000
-0.156783	0.000000
1.372379	0.000000
0.752780	0.000000
0.000148	0.000000
0.212878	0.000000
-0.512931	0.000000
0.219132	0.000000
0.211425	0.000000
0.000016	0.000000
0.582150	0.000000
0.424926	0.000000
-0.613503	0.000000
0.295724	0.000000
-0.484556	0.000000
-0.400314	0.000000
-0.465678	0.000000
0.505833	0.000000
-0.090543	0.000000
1.142819	0.000000
0.084162	0.000000
-0.092037	0.000000
1.235639	0.000000
0.384800	0.000000
0.525824	0.000000
0.340918	0.000000
0.601670	0.000000
0.482466	0.000000
0.287804	0.000000
-0.103231	0.000000
0.117196	0.000000
0.473752	0.000000
-0.309937	0.000000
0.107714	0.000000
-2.834253	0.000000
0.993338	0.000000
0.343577	0.000000
0.524139	0.000000
0.706796	0.000000
-0.386957	0.000000
0.545966	0.000000
-0.382506	0.000000
0.476386	0.000000
0.573927	0.000000
0.370499	0.000000
0.631471	0.000000
1.560984	0.000000
0.123129	0.000000
-0.161620	0.000000
-0.253398	0.000000
-0.394641	0.000000
0.436148	0.000000
0.087161	0.000000
-0.702237	0.000000
0.140985	0.000000
0.438652	0.000000
0.780946	0.000000
-0.082152	0.000000
0.137454	0.000000
0.046817	0.000000
0.000558	0.000000
-0.940875	0.000000
-0.304662	0.000000
0.322628	0.000000
0.663563	0.000000
0.638534	0.000000
0.784526	0.000000
0.803102	0.000000
-0.528168	0.000000
-0.506507	0.000000
1.891710	0.000000
0.085008	0.000000
0.204547	0.000000
-0.147732	0.000000
0.440626	0.000000
1.469426	0.000000
0.209619	0.000000
0.000079	0.000000
0.241677	0.000000
0.285683	0.000000
-0.294542	0.000000
-0.552459	0.000000
1.441245	0.000000
0.000038	0.000000
0.087851	0.000000
-0.454376	0.000000
0.067050	0.000000
0.120786	0.000000
0.574446	0.000000
1.344047	0.000000
0.000144	0.000000
-0.236861	0.000000
-0.103336	0.000000
0.484761	0.000000
1.188813	0.000000
-3.759961	0.000000
0.257611	0.000000
0.524180	0.000000
1.335204	0.000000
0.000239	0.000000
-0.109048	0.000000
0.095697	0.000000
0.524050	0.000000
-0.251048	0.000000
0.000265	0.000000
0.441928	0.000000
-0.425695	0.000000
1.108326	0.000000
1.456147	0.000000
0.634554	0.000000
1.447309	0.000000
-0.124571	0.000000
0.435651	0.000000
0.200720	0.000000
1.197648	0.000000
-0.656797	0.000000
0.557678	0.000000
0.849051	0.000000
0.183348	0.000000
-0.606654	0.000000
0.351083	0.000000
1.332992	0.000000
0.610049	0.000000
0.430163	0.000000
-0.542648	0.000000
-0.425359	0.000000
0.211226	0.000000
-0.291801	0.000000
0.052893	0.000000
-0.178732	0.000000
-0.145201	0.000000
1.104252	0.000000
0.000126	0.000000
0.000045	0.000000
0.793110	0.000000
0.534619	0.000000
0.093213	0.000000
1.011720	0.000000
0.000066	0.000000
2.284792	0.000000
-0.021027	0.000000
-0.276149	0.000000
0.000435	0.000000
0.659475	0.000000
-0.350420	0.000000
0.625097	0.000000
-0.066823	0.000000
0.000081	0.000000
1.435875	0.000000
0.672039	0.000000
-0.117084	0.000000
-0.631449	0.000000
0.620600	0.000000
-0.807561	0.000000
-0.639851	0.000000
0.851551	0.000000
-3.862301	0.000000
-0.074649	0.000000
-1.413317	0.000000
0.232462	0.000000
0.218637	0.000000
0.478348	0.000000
0.428819	0.000000
0.071830	0.000000
0.247217	0.000000
-0.504945	0.000000
-0.425687	0.000000
-0.122986	0.000000
-1.132241	0.000000
-0.507257	0.000000
-0.438444	0.000000
0.031154	0.000000
0.087345	0.000000
-0.050026	0.000000
0.141013	0.000000
-1.314298	0.000000
-0.669147	0.000000
0.054861	0.000000
0.412251	0.000000
-0.139994	0.000000
0.351128	0.000000
0.156883	0.000000
0.610243	0.000000
0.107797	0.000000
0.241412	0.000000
-1.276649	0.000000
-0.452508	0.000000
0.000031	0.000000
0.422610	0.000000
-0.297956	0.000000
0.582313	0.000000
-0.339735	0.000000
-0.050973	0.000000
0.813098	0.000000
-0.264265	0.000000
-0.266796	0.000000
-0.069847	0.000000
-1.011341	0.000000
-0.030193	0.000000
-0.856645	0.000000
-0.168265	0.000000
-0.184014	0.000000
-0.411312	0.000000
0.439625	0.000000
0.000126	0.000000
-0.283892	0.000000
0.735309	0.000000
-0.241076	0.000000
0.000605	0.000000
0.051820	0.000000
-0.292682	0.000000
0.552901	0.000000
1.137458	0.000000
-0.053691	0.000000
-0.274004	0.000000
0.071163	0.000000
-0.772478	0.000000
-2.096365	0.000000
1.256657	0.000000
0.232465	0.000000
0.218646	0.000000
-0.478283	0.000000
-0.190452	0.000000
0.573937	0.000000
0.370598	0.000000
-0.252369	0.000000
0.142213	0.000000
-0.122828	0.000000
-0.485118	0.000000
-1.649114	0.000000
0.394757	0.000000
0.685346	0.000000
-0.696532	0.000000
-0.150450	0.000000
-0.070353	0.000000
1.096133	0.000000
1.115581	0.000000
-0.273799	0.000000
0.229122	0.000000
0.000111	0.000000
0.526150	0.000000
0.784279	0.000000
-0.152260	0.000000
0.000036	0.000000
-1.025257	0.000000
0.851628	0.000000
-0.150798	0.000000
-0.802968	0.000000
-0.264080	0.000000
-0.297920	0.000000
-0.145333	0.000000
0.254943	0.000000
0.357903	0.000000
-0.517172	0.000000
-0.132037	0.000000
-1.068097	0.000000
0.279520	0.000000
0.506170	0.000000
0.664587	0.000000
-0.856398	0.000000
-0.020998	0.000000
0.000235	0.000000
-1.234541	0.000000
-0.109742	0.000000
-0.262862	0.000000
0.795484	0.000000
0.066991	0.000000
1.025156	0.000000
-0.860805	0.000000
-0.103345	0.000000
0.585674	0.000000
-0.631491	0.000000
0.103453	0.000000
-0.592218	0.000000
0.274329	0.000000
0.425892	0.000000
-0.171482	0.000000
0.823675	0.000000
-2.277199	0.000000
-0.309601	0.000000
-0.654942	0.000000
0.478458	0.000000
-0.047624	0.000000
-0.753166	0.000000
-0.493272	0.000000
0.378955	0.000000
0.142211	0.000000
-0.245842	0.000000
-0.646717	0.000000
0.507904	0.000000
0.219355	0.000000
-0.093399	0.000000
-0.783540	0.000000
0.351269	0.000000
-0.422538	0.000000
-0.438176	0.000000
-0.557312	0.000000
0.328731	0.000000
0.503888	0.000000
-0.980121	0.000000
-0.701462	0.000000
0.156895	0.000000
0.305287	0.000000
0.645234	0.000000
-0.120487	0.000000
0.319372	0.000000
-0.271550	0.000000
-0.584000	0.000000
1.584841	0.000000
-0.268164	0.000000
0.145494	0.000000
-0.424456	0.000000
0.153521	0.000000
0.813034	0.000000
-0.396465	0.000000
-0.400673	0.000000
-0.372538	0.000000
-0.885166	0.000000
-0.181191	0.000000
-1.141567	0.000000
-0.189324	0.000000
-0.736680	0.000000
-0.411599	0.000000
0.384817	0.000000
-0.788657	0.000000
0.397876	0.000000
0.534745	0.000000
0.542799	0.000000
0.000223	0.000000
0.672101	0.000000
-0.526957	0.000000
0.000073	0.000000
-0.103106	0.000000
-0.161472	0.000000
-0.274058	0.000000
0.354842	0.000000
0.343351	0.000000
0.224751	0.000000
-0.942273	0.000000
-2.167235	0.000000
0.436842	0.000000
0.861126	0.000000
0.809928	0.000000
-0.466197	0.000000
-0.246637	0.000000
0.505242	0.000000
-0.709479	0.000000
-0.738612	0.000000
0.161907	0.000000
-0.253660	0.000000
-0.482353	0.000000
0.373882	0.000000
0.522739	0.000000
-0.300916	0.000000
0.281810	0.000000
0.219216	0.000000
0.000300	0.000000
0.246501	0.000000
-0.732840	0.000000
-0.139897	0.000000
0.175849	0.000000
1.097921	0.000000
0.305161	0.000000
0.322805	0.000000
-0.844322	0.000000
0.957734	0.000000
-0.090497	0.000000
0.073077	0.000000
-0.686608	0.000000
0.417201	0.000000
0.000461	0.000000
-0.169804	0.000000
0.460188	0.000000
0.221905	0.000000
-0.264255	0.000000
0.267287	0.000000
0.116501	0.000000
-0.379291	0.000000
0.030301	0.000000
0.000161	0.000000
-0.020996	0.000000
0.368476	0.000000
0.412086	0.000000
0.110037	0.000000
-0.437925	0.000000
0.113775	0.000000
0.000149	0.000000
0.120797	0.000000
0.574242	0.000000
0.723820	0.000000
-0.234209	0.000000
0.157965	0.000000
0.413732	0.000000
-0.376773	0.000000
1.097226	0.000000
-0.070937	0.000000
-0.772462	0.000000
0.299742	0.000000
-0.156958	0.000000
0.154917	0.000000
-0.764123	0.000000
-0.286970	0.000000
0.142936	0.000000
0.071738	0.000000
0.000381	0.000000
0.252697	0.000000
-0.283585	0.000000
0.615896	0.000000
0.970937	0.000000
0.507566	0.000000
0.043944	0.000000
0.249273	0.000000
0.087236	0.000000
0.652322	0.000000
-0.492889	0.000000
0.219168	0.000000
0.111664	0.000000
0.027438	0.000000
0.366506	0.000000
1.820478	0.000000
1.052796	0.000000
0.627459	0.000000
0.152918	0.000000
-1.182636	0.000000
-0.723577	0.000000
0.000299	0.000000
0.271634	0.000000
1.022081	0.000000
0.317017	0.000000
0.119281	0.000000
0.727547	0.000000
0.594831	0.000000
-0.051085	0.000000
0.074108	0.000000
-0.132106	0.000000
0.267163	0.000000
0.395939	0.000000
-0.505481	0.000000
0.422896	0.000000
-1.141995	0.000000
0.631226	0.000000
0.828991	0.000000
-0.617198	0.000000
-0.934193	0.000000
-1.051564	0.000000
0.056909	0.000000
1.069401	0.000000
0.180942	0.000000
-0.573659	0.000000
-0.103297	0.000000
0.175815	0.000000
0.631927	0.000000
-0.103339	0.000000
0.107811	0.000000
-0.365428	0.000000
-0.141805	0.000000
0.257694	0.000000
-0.598836	0.000000
1.099489	0.000000
1.083881	0.000000
0.873564	0.000000
-5.500558	0.000000
0.238232	0.000000
0.215323	0.000000
0.000330	0.000000
0.631452	0.000000
-0.141697	0.000000
0.861887	0.000000
-0.646859	0.000000
0.254041	0.000000
0.263224	0.000000
0.124625	0.000000
-0.696369	0.000000
-0.250723	0.000000
0.140928	0.000000
1.534058	0.000000
-0.223017	0.000000
-0.602514	0.000000
0.412356	0.000000
0.140066	0.000000
-0.526034	0.000000
1.097734	0.000000
0.457619	0.000000
-1.827809	0.000000
-0.060166	0.000000
1.170742	0.000000
0.603530	0.000000
-1.605851	0.000000
-2.060036	0.000000
0.357654	0.000000
-0.581841	0.000000
1.189185	0.000000
-0.664571	0.000000
-1.551806	0.000000
-0.264253	0.000000
-0.801028	0.000000
0.069935	0.000000
0.885505	0.000000
0.422965	0.000000
-3.426290	0.000000
0.336694	0.000000
1.565865	0.000000
-1.234575	0.000000
-0.494444	0.000000
-1.664943	0.000000
-0.340800	0.000000
-0.467683	0.000000
-2.834004	0.000000
1.148409	0.000000
-0.258301	0.000000
0.234331	0.000000
-1.184148	0.000000
-2.170918	0.000000
-2.692277	0.000000
0.457386	0.000000
0.425882	0.000000
0.171869	0.000000
-2.770325	0.000000
0.157243	0.000000
-0.232161	0.000000
-0.763918	0.000000
0.143520	0.000000
-5.954083	0.000000
0.035913	0.000000
-0.123137	0.000000
-2.840682	0.000000
-2.553984	0.000000
-0.368969	0.000000
-0.646957	0.000000
-0.760980	0.000000
-0.964746	0.000000
-1.370491	0.000000
-0.783563	0.000000
-2.558556	0.000000
-3.099257	0.000000
0.219217	0.000000
-1.561213	0.000000
0.301293	0.000000
0.595472	0.000000
0.233407	0.000000
1.052667	0.000000
-0.862324	0.000000
-3.353780	0.000000
-0.967666	0.000000
-0.241116	0.000000
-1.489555	0.000000
0.965611	0.000000
-2.992982	0.000000
0.158504	0.000000
0.238467	0.000000
-0.727382	0.000000
-1.274044	0.000000
-1.687130	0.000000
-4.655256	0.000000
-1.101388	0.000000
-0.533912	0.000000
0.442526	0.000000
-0.884776	0.000000
0.724928	0.000000
-0.284805	0.000000
0.715336	0.000000
-0.460310	0.000000
-1.028831	0.000000
-2.307978	0.000000
-0.701036	0.000000
-0.113485	0.000000
-1.269750	0.000000
0.422171	0.000000
-1.148198	0.000000
0.878853	0.000000
-0.526860	0.000000
0.079106	0.000000
-0.206675	0.000000
-0.646137	0.000000
0.914468	0.000000
-2.695699	0.000000
0.171786	0.000000
0.898683	0.000000
-3.219373	0.000000
-3.173623	0.000000
-1.528122	0.000000
0.334966	0.000000
0.523993	0.000000
-6.061667	0.000000
-2.097859	0.000000
0.694574	0.000000
-2.695835	0.000000
-0.369115	0.000000
0.485373	0.000000
0.507592	0.000000
0.789436	0.000000
-0.249187	0.000000
-2.263862	0.000000
0.903111	0.000000
-3.521832	0.000000
1.753565	0.000000
-1.784211	0.000000
-1.698081	0.000000
-2.290113	0.000000
1.260283	0.000000
-1.929085	0.000000
-3.371256	0.000000
-0.152023	0.000000
-1.612654	0.000000
0.361928	0.000000
2.021831	0.000000
0.362145	0.000000
0.584215	0.000000
-3.116445	0.000000
1.370819	0.000000
-1.163577	0.000000
-1.443938	0.000000
-0.357824	0.000000
-0.886523	0.000000
1.101484	0.000000
-2.404092	0.000000
-0.978075	0.000000
-1.770174	0.000000
0.271887	0.000000
1.142644	0.000000
0.652258	0.000000
0.092277	0.000000
1.029816	0.000000
-2.308002	0.000000
1.051722	0.000000
-0.283955	0.000000
-3.208019	0.000000
0.180952	0.000000
2.009687	0.000000
-4.238598	0.000000
0.351360	0.000000
-2.210662	0.000000
-1.757396	0.000000
-0.215254	0.000000
0.091495	0.000000
0.142063	0.000000
2.231817	0.000000
0.074905	0.000000
-2.669893	0.000000
0.387045	0.000000
-2.729060	0.000000
0.287147	0.000000
-0.380978	0.000000
-0.322751	0.000000
-3.455171	0.000000
-0.315462	0.000000
1.419137	0.000000
-1.354139	0.000000
0.647176	0.000000
1.141986	0.000000
-2.324390	0.000000
-3.270677	0.000000
-2.176957	0.000000
0.702509	0.000000
-2.183424	0.000000
0.219782	0.000000
-0.557559	0.000000
-0.520335	0.000000
-0.274822	0.000000
0.326758	0.000000
-1.578178	0.000000
-0.391849	0.000000
-1.829207	0.000000
-2.902861	0.000000
1.447642	0.000000
-2.021771	0.000000
-0.392206	0.000000
-0.364974	0.000000
0.686847	0.000000
0.357671	0.000000
-1.309197	0.000000
-0.424565	0.000000
-3.169795	0.000000
-0.443206	0.000000
-0.264231	0.000000
-1.068343	0.000000
-0.186299	0.000000
-0.632111	0.000000
-0.271753	0.000000
0.000236	0.000000
0.526041	0.000000
-0.736624	0.000000
-0.822906	0.000000
-0.109731	0.000000
-0.700849	0.000000
-1.704395	0.000000
-2.873816	0.000000
-2.351579	0.000000
0.287996	0.000000
-0.620233	0.000000
-0.878118	0.000000
-0.473703	0.000000
-1.550575	0.000000
-0.430681	0.000000
-1.828310	0.000000
-0.425445	0.000000
-1.544828	0.000000
-4.192950	0.000000
0.706888	0.000000
0.232324	0.000000
1.200839	0.000000
-1.243597	0.000000
-2.953162	0.000000
0.717382	0.000000
-0.616697	0.000000
-3.408986	0.000000
-1.135099	0.000000
0.369421	0.000000
-1.131771	0.000000
-1.268768	0.000000
-0.131567	0.000000
-0.342641	0.000000
0.957904	0.000000
0.150553	0.000000
0.845358	0.000000
1.096023	0.000000
-1.672860	0.000000
0.164377	0.000000
-0.641110	0.000000
0.326743	0.000000
-2.454958	0.000000
-1.960056	0.000000
-0.304676	0.000000
-0.537503	0.000000
0.180962	0.000000
-2.128188	0.000000
-1.870687	0.000000
-0.218773	0.000000
-0.845061	0.000000
0.506641	0.000000
-1.745498	0.000000
-1.273906	0.000000
-0.562309	0.000000
0.147964	0.000000
0.352475	0.000000
0.801715	0.000000
-0.209572	0.000000
0.000249	0.000000
-0.120805	0.000000
0.000387	0.000000
0.021060	0.000000
-1.841870	0.000000
-0.617447	0.000000
-0.659406	0.000000
-0.788529	0.000000
0.170453	0.000000
-0.735107	0.000000
-0.361625	0.000000
0.861770	0.000000
0.413584	0.000000
-2.693355	0.000000
-2.526419	0.000000
-1.136997	0.000000
0.969371	0.000000
-1.097043	0.000000
-1.418812	0.000000
-0.428927	0.000000
-1.197950	0.000000
-1.177795	0.000000
0.464623	0.000000
-1.309942	0.000000
0.430605	0.000000
-0.476186	0.000000
0.430415	0.000000
-0.123088	0.000000
-1.767442	0.000000
0.709844	0.000000
0.369502	0.000000
0.970764	0.000000
-0.380448	0.000000
-1.710297	0.000000
0.062351	0.000000
-0.087029	0.000000
0.351273	0.000000
-0.211237	0.000000
0.438781	0.000000
0.334947	0.000000
-0.520314	0.000000
0.687114	0.000000
0.093434	0.000000
-0.701067	0.000000
1.254686	0.000000
-0.304897	0.000000
-2.902884	0.000000
-0.964921	0.000000
-0.638186	0.000000
0.362097	0.000000
-2.554831	0.000000
0.686836	0.000000
0.387430	0.000000
0.436821	0.000000
0.424750	0.000000
0.562521	0.000000
-2.068866	0.000000
-2.511227	0.000000
-0.133494	0.000000
0.442484	0.000000
-2.781679	0.000000
0.030253	0.000000
-1.141627	0.000000
-1.030905	0.000000
-0.092089	0.000000
-0.617266	0.000000
-0.549491	0.000000
-1.927874	0.000000
-0.227177	0.000000
0.000036	0.000000
-1.145708	0.000000
-0.574098	0.000000
0.155216	0.000000
0.175679	0.000000
-1.737017	0.000000
-1.654124	0.000000
-0.807563	0.000000
-1.919914	0.000000
-0.141854	0.000000
-2.746485	0.000000
-0.149551	0.000000
-3.140887	0.000000
-2.244752	0.000000
-1.091577	0.000000
-2.726279	0.000000
-0.476260	0.000000
-1.972672	0.000000
-1.851092	0.000000
-0.189298	0.000000
-2.270347	0.000000
-2.954407	0.000000
-2.425757	0.000000
-2.156853	0.000000
-0.613892	0.000000
-0.031129	0.000000
-0.783471	0.000000
0.802759	0.000000
0.493174	0.000000
0.000518	0.000000
-2.230479	0.000000
1.040785	0.000000
1.465726	0.000000
-2.707192	0.000000
-0.876639	0.000000
0.078557	0.000000
0.305399	0.000000
0.537763	0.000000
0.542995	0.000000
-0.318896	0.000000
0.150928	0.000000
-2.773875	0.000000
0.581152	0.000000
0.268217	0.000000
1.164013	0.000000
-1.868488	0.000000
-1.840510	0.000000
0.295811	0.000000
-2.114788	0.000000
0.801453	0.000000
0.908262	0.000000
0.506001	0.000000
-1.087307	0.000000
1.428493	0.000000
-0.673193	0.000000
0.829049	0.000000
-1.234781	0.000000
0.494595	0.000000
-1.752540	0.000000
0.738756	0.000000
0.133885	0.000000
0.120661	0.000000
1.148359	0.000000
-0.827002	0.000000
-0.585368	0.000000
-0.947314	0.000000
0.827182	0.000000
-2.369260	0.000000
-1.096919	0.000000
-0.567329	0.000000
-2.403156	0.000000
-0.673761	0.000000
-0.549664	0.000000
-3.018714	0.000000
1.855978	0.000000
1.243705	0.000000
0.524070	0.000000
-1.219438	0.000000
-0.246799	0.000000
-2.335817	0.000000
0.284235	0.000000
-1.846340	0.000000
-0.646580	0.000000
-1.014756	0.000000
-1.096342	0.000000
0.093490	0.000000
0.435554	0.000000
-0.300994	0.000000
-0.352058	0.000000
0.219411	0.000000
0.446340	0.000000
-0.082105	0.000000
-1.832129	0.000000
-1.680255	0.000000
-0.876344	0.000000
-0.156761	0.000000
0.457481	0.000000
-0.537442	0.000000
-0.844246	0.000000
-1.276828	0.000000
0.331954	0.000000
-2.116827	0.000000
0.105738	0.000000
0.506614	0.000000
-0.290577	0.000000
0.764506	0.000000
-0.357747	0.000000
0.000217	0.000000
0.220373	0.000000
-0.801346	0.000000
0.349377	0.000000
-1.390965	0.000000
0.000051	0.000000
-0.856399	0.000000
0.483945	0.000000
-0.736766	0.000000
0.823882	0.000000
-0.604466	0.000000
-0.175226	0.000000
0.113717	0.000000
-0.735143	0.000000
-2.713355	0.000000
0.287222	0.000000
-0.206763	0.000000
0.058611	0.000000
-0.947450	0.000000
1.137580	0.000000
-1.722981	0.000000
-1.279715	0.000000
0.425859	0.000000
-0.257357	0.000000
-2.021449	0.000000
-0.863749	0.000000
-1.083506	0.000000
-1.637356	0.000000
0.047987	0.000000
0.142975	0.000000
-1.506337	0.000000
-2.097587	0.000000
-0.126226	0.000000
-0.851320	0.000000
0.123377	0.000000
-2.102424	0.000000
-2.283485	0.000000
0.526307	0.000000
0.155839	0.000000
-0.174143	0.000000
-0.802655	0.000000
-0.281687	0.000000
0.000155	0.000000
-0.111356	0.000000
0.986076	0.000000
-1.236620	0.000000
-0.046651	0.000000
-0.876795	0.000000
-0.548699	0.000000
0.914782	0.000000
0.752976	0.000000
-1.688692	0.000000
0.638755	0.000000
-2.262914	0.000000
0.876156	0.000000
0.369772	0.000000
0.625823	0.000000
-0.872778	0.000000
0.000184	0.000000
-0.051092	0.000000
0.591295	0.000000
0.749055	0.000000
1.068774	0.000000
-2.282122	0.000000
-0.505779	0.000000
-1.238396	0.000000
0.000514	0.000000
0.168346	0.000000
0.644784	0.000000
-0.205829	0.000000
0.000109	0.000000
-2.628845	0.000000
0.624998	0.000000
-0.066632	0.000000
-1.085248	0.000000
2.584003	0.000000
-0.723602	0.000000
-0.526873	0.000000
-0.947455	0.000000
0.620359	0.000000
0.538548	0.000000
-3.748413	0.000000
2.128418	0.000000
-1.802405	0.000000
-1.796870	0.000000
-1.570325	0.000000
-1.547957	0.000000
0.327776	0.000000
-0.956571	0.000000
-0.714379	0.000000
1.111991	0.000000
0.617329	0.000000
0.694478	0.000000
0.425967	0.000000
-0.122880	0.000000
-0.646865	0.000000
-1.015004	0.000000
-5.394427	0.000000
0.996841	0.000000
1.219346	0.000000
1.705896	0.000000
0.211317	0.000000
0.876586	0.000000
-3.122723	0.000000
0.273900	0.000000
0.824542	0.000000
0.653597	0.000000
-1.929016	0.000000
-0.470425	0.000000
-1.219331	0.000000
-0.752543	0.000000
2.533102	0.000000
1.915701	0.000000
1.237133	0.000000
1.898244	0.000000
-2.112830	0.000000
0.149028	0.000000
1.018477	0.000000
-1.189029	0.000000
0.204559	0.000000
-0.591144	0.000000
1.762482	0.000000
2.003703	0.000000
0.582209	0.000000
-0.632014	0.000000
0.513549	0.000000
1.999437	0.000000
1.136168	0.000000
-0.736739	0.000000
-0.822807	0.000000
-2.637654	0.000000
0.701159	0.000000
-1.704382	0.000000
-0.601381	0.000000
1.809167	0.000000
-0.573423	0.000000
-1.964149	0.000000
-2.986067	0.000000
-2.605550	0.000000
-3.204902	0.000000
-2.476884	0.000000
0.457165	0.000000
-1.205949	0.000000
1.716664	0.000000
-0.224567	0.000000
0.471382	0.000000
1.316120	0.000000
-0.873068	0.000000
0.382781	0.000000
-0.666733	0.000000
-0.107528	0.000000
-1.727617	0.000000
-2.903924	0.000000
-0.283632	0.000000
-3.446773	0.000000
-2.264183	0.000000
-2.537481	0.000000
0.964899	0.000000
-5.637975	0.000000
