0.00000	-0.01446	0.01690	0.00834	0.00326	0.01390	0.04130	-0.02387	0.00003	0.01470	-0.00457	0.00509	0.00469	-0.01777	-0.02426	-0.01431	0.02077	0.02575	-0.00199	0.00324	-0.00142	0.02730	0.01029	0.00944	0.03454	0.01798	-0.01010	0.02716	0.01863	0.03856	-0.02424	0.00978	-0.01270	0.01015	0.00233	0.00868	0.00580	0.02752	-0.00899	0.00326	0.01429	-0.01718	0.00707	-0.01876	-0.00531	0.02111	-0.00206	-0.00644	0.01199	0.00410	0.04979	-0.00683	0.02568	-0.05088	0.00686	-0.01466	-0.01455	0.00668	0.00368	0.01240
-0.00318	0.00000	0.00126	0.02354	-0.01041	0.04283	-0.01086	0.01214	-0.00081	0.02439	0.03014	-0.02729	0.03350	0.00275	0.05190	-0.01974	0.01560	0.02878	0.03014	0.00694	0.00514	-0.00181	-0.00232	0.02348	0.00096	0.00109	0.01900	0.01277	0.00924	0.01389	0.00677	0.02015	0.01638	0.03389	0.01461	0.00200	0.00856	-0.00894	0.00715	0.00152	-0.01974	-0.00510	-0.00397	-0.01007	0.03707	0.01056	0.01825	-0.00618	0.00500	0.05217	-0.00846	-0.07313	0.03428	0.00143	0.01720	0.01074	0.02344	0.01241	0.01250	0.03371
0.04014	0.03896	0.00000	-0.00125	-0.00580	-0.00521	-0.01590	-0.00822	0.00720	-0.01186	0.03326	-0.00319	0.02166	0.02379	0.03099	0.01189	0.01604	0.04731	-0.00616	-0.01848	0.01265	0.00569	0.01063	0.01739	0.00838	0.02818	0.02771	-0.00778	0.01503	-0.00761	-0.01023	-0.00725	-0.00182	-0.00533	0.00200	0.00623	0.00559	0.01930	0.00567	-0.01062	0.00335	-0.00955	0.01965	0.00296	0.01057	-0.00314	0.00090	-0.00845	-0.00355	-0.01117	-0.00298	-0.07069	-0.04941	-0.03079	0.00591	-0.01119	-0.03185	-0.00248	-0.00042	0.01013
0.00389	0.00690	-0.00835	0.00000	-0.02248	0.00632	-0.00056	0.00189	-0.00532	-0.00375	-0.01497	0.02368	0.00306	-0.01124	-0.00212	0.00249	0.00959	-0.00599	0.00153	0.01165	0.00211	-0.00381	0.00464	-0.00318	-0.00210	0.00790	0.00431	0.00818	0.01069	-0.00206	-0.00302	-0.00517	0.00249	-0.00572	0.00923	-0.00743	0.02145	-0.00131	-0.00317	0.00370	-0.00819	0.01802	-0.00298	0.01538	-0.01330	-0.01393	-0.00323	-0.00017	-0.00942	0.01337	-0.00970	-0.01435	0.00160	0.01466	0.01120	0.01745	0.00234	0.00533	-0.00036	0.01831
0.00527	-0.00354	-0.00215	0.01472	0.00000	-0.00641	0.00380	-0.00504	0.01702	0.01153	-0.00486	-0.00048	0.00870	0.00220	0.00793	0.00649	0.02046	-0.00093	0.00035	0.03249	0.00521	0.00473	0.01560	-0.00239	0.00131	-0.00952	0.01195	0.00700	0.00610	0.01098	0.00503	-0.00392	0.00240	-0.00729	0.00452	-0.00571	-0.00507	0.02635	0.01177	0.00883	-0.01482	-0.00094	-0.01565	0.01229	0.00711	-0.01799	0.01665	-0.01154	-0.00810	-0.01165	-0.01221	0.00163	-0.01168	0.03203	0.00516	-0.01717	-0.01079	-0.01675	0.00810	-0.03404
0.01677	0.02715	-0.02569	0.01361	0.02045	0.00000	0.04371	0.03684	0.01599	-0.00050	0.00730	-0.00647	0.03424	0.01551	0.09212	-0.00909	0.00677	0.01592	0.00126	0.02281	0.00855	-0.02870	0.01744	0.01065	0.00510	0.02264	0.00396	-0.00691	0.05478	0.00026	-0.03735	0.00237	-0.00906	-0.01376	-0.00577	0.01717	0.00298	0.01877	-0.01772	0.00747	0.00854	0.00648	0.02552	0.00084	0.03394	0.03014	-0.00769	0.01551	0.00234	0.01666	-0.00452	0.02120	-0.02882	0.02172	0.03485	0.00008	0.02591	0.01347	0.02718	0.01279
0.01374	0.01738	0.00471	-0.01871	0.01168	0.05040	0.00000	-0.00087	-0.01172	0.00659	-0.00353	0.00708	0.01564	0.00843	0.05754	0.00813	-0.00376	0.02710	-0.00458	0.00716	0.04107	0.00658	-0.00799	0.01512	0.03704	0.02609	0.00782	-0.00702	0.00643	0.00912	-0.01170	-0.03022	0.01902	-0.02950	-0.00059	0.02597	0.01363	0.01749	-0.01139	-0.00683	-0.00561	0.02442	-0.04204	-0.01143	0.00729	-0.00489	0.01370	0.00227	-0.02874	0.00746	0.00995	0.04154	0.00481	-0.00344	-0.01180	0.01343	0.05214	-0.04329	-0.03872	0.01960
-0.01083	-0.01465	0.01033	0.00862	-0.00825	0.01309	0.03016	0.00000	0.01008	-0.01516	0.00804	0.00632	0.03635	-0.00812	0.02872	0.02183	0.01365	0.02360	0.00300	0.01275	0.02025	-0.01089	0.00216	-0.00730	0.00869	0.00482	0.00926	0.01915	-0.01153	0.01234	0.01094	-0.01255	0.01417	-0.00017	0.00378	0.00050	0.01497	0.00619	0.00600	-0.00583	0.00917	-0.01313	0.00819	-0.01219	0.01164	0.01841	-0.01619	-0.00626	0.01010	0.02469	0.01834	0.04885	0.02813	0.00955	-0.01270	0.00870	-0.06115	0.00913	0.00307	0.01672
0.00814	-0.00394	0.00281	0.00751	-0.00397	0.00926	-0.00064	-0.00710	0.00000	0.00699	0.00464	-0.02034	0.01030	0.00093	-0.01377	-0.00155	0.01141	0.00834	0.00496	-0.00664	-0.00369	-0.00914	-0.00323	-0.00498	-0.00105	0.01384	-0.00688	0.00217	0.00068	0.00433	0.00189	-0.00952	0.01769	0.00892	-0.00305	-0.00639	0.01027	0.01070	-0.00131	-0.00493	0.01137	0.00132	-0.00335	-0.00965	0.01700	0.00881	0.00552	-0.00114	-0.00611	-0.02378	0.01074	0.02118	0.03451	-0.01377	-0.01467	0.00327	0.01355	0.00457	0.00282	0.01776
0.01432	0.04807	0.02124	0.00332	0.00392	0.02442	-0.01050	0.00383	0.00688	0.00000	0.02283	-0.01001	0.01441	0.00643	0.02436	-0.03402	-0.00975	-0.00422	0.01093	0.03754	-0.00351	-0.01234	-0.02637	0.03643	0.00884	-0.01109	-0.03020	0.00950	0.02598	0.00882	-0.01720	-0.00586	0.00042	-0.01977	-0.00103	-0.00688	-0.01518	0.03669	0.00944	0.03233	0.00847	-0.00934	-0.01019	0.00402	0.04812	0.00871	0.01617	-0.00736	0.03209	0.01095	0.00086	0.01195	0.04168	-0.00530	-0.05722	0.00571	-0.01401	-0.01559	0.01717	0.00451
-0.01213	0.00113	0.02311	-0.00965	0.00038	-0.00139	-0.00302	0.00035	-0.00863	0.00781	0.00000	0.01337	-0.00615	-0.00783	-0.00455	0.00639	-0.02706	0.00678	0.01129	0.01752	0.00278	0.01660	-0.01255	0.00733	-0.00882	0.00223	-0.00797	0.01662	-0.00970	0.01410	-0.01171	0.02110	0.01210	0.00226	0.00209	0.00667	-0.00421	-0.00181	0.01864	0.01507	-0.00087	0.01267	0.01223	-0.01271	0.00376	0.00062	-0.00486	0.00867	-0.00435	0.00364	0.01442	-0.00788	0.01193	0.01112	0.00430	-0.00237	0.00766	-0.02073	0.01511	-0.00439
0.02365	0.00571	0.01440	0.01341	-0.00810	-0.00527	0.01252	0.00208	0.00396	0.00938	-0.02347	0.00000	0.00344	0.00436	0.00491	0.00358	0.01024	-0.00084	0.00014	0.02569	0.00182	-0.02264	-0.00633	-0.00522	-0.02440	0.03249	-0.00697	0.01282	0.01367	0.00866	-0.01648	0.01410	0.00683	-0.01103	-0.00764	0.01479	0.00220	0.00475	-0.00187	-0.00141	-0.00929	-0.00336	0.01868	-0.01567	0.00500	-0.01383	0.02325	0.00044	0.00883	0.00858	-0.02125	0.00829	0.02013	0.00685	0.00753	-0.01958	-0.00553	0.01072	-0.00074	-0.00585
-0.02986	0.03727	0.00267	0.03114	0.00099	0.00843	0.02824	0.01834	-0.01804	0.03451	-0.03069	0.00649	0.00000	-0.00270	-0.02468	-0.02066	-0.01099	0.00515	-0.01119	0.00327	0.03554	0.03150	-0.00360	0.00333	0.04028	0.00194	-0.00671	0.01215	-0.03669	0.00729	0.00547	0.01055	-0.01461	0.01528	0.00135	0.03100	0.00353	0.00129	0.00217	0.00776	0.02345	0.02239	0.00170	-0.00492	0.00771	0.00917	0.00771	-0.00796	-0.02281	-0.00179	0.02006	0.00854	0.01812	0.02646	0.01998	0.00751	0.00882	0.00770	-0.03702	0.05044
-0.01060	-0.02182	-0.00348	0.00195	0.01156	-0.01368	0.01453	0.02212	0.00152	0.01426	-0.00711	0.01166	0.01950	0.00000	0.02738	0.00375	0.00482	0.02101	-0.00795	0.00255	0.00403	-0.00115	-0.00461	0.00579	0.00875	0.01158	-0.00233	0.02952	-0.00407	0.02618	-0.00988	0.00889	0.00774	0.02515	-0.01784	0.02442	-0.02465	0.00512	-0.01561	-0.00929	-0.00668	0.00260	0.00647	-0.00635	-0.00189	0.01045	-0.00137	0.00984	0.00846	-0.00747	0.01018	-0.02531	0.03542	-0.00594	-0.03105	-0.00997	0.00936	0.01237	0.01717	0.00626
0.01304	0.04796	0.02775	0.02505	0.00087	0.04992	0.01852	0.01635	0.01790	0.02186	-0.01709	0.03937	-0.02357	-0.00788	0.00000	-0.00830	0.02461	0.05732	0.00135	-0.01997	0.00800	0.01880	0.03436	-0.00619	0.04074	-0.01941	0.04004	-0.02616	0.01180	0.01379	0.03784	0.00351	-0.01233	0.01710	0.02753	0.04580	0.05219	-0.00514	0.00942	0.00263	0.01332	0.04563	-0.00073	0.04449	-0.01892	0.00074	-0.00044	0.00698	0.01409	-0.00524	0.00604	0.02134	0.01677	-0.01667	-0.05840	-0.00360	-0.00032	0.01482	-0.04962	0.01778
-0.02118	-0.00444	0.02768	-0.01647	-0.00783	0.00494	0.00895	0.02100	-0.00318	0.02054	-0.00055	0.02462	-0.02461	-0.01146	-0.00453	0.00000	0.00355	-0.01858	0.01951	-0.00465	0.02236	0.02949	0.02654	-0.00441	0.00615	-0.01837	-0.01183	0.02495	0.01527	0.00173	0.00016	0.00429	0.01420	0.00345	0.02444	0.00656	0.00207	-0.02258	0.03251	0.01882	-0.00553	0.00772	0.00477	0.01316	0.01375	-0.00945	0.02232	0.00220	0.01029	-0.00516	0.00115	0.00086	0.04940	0.01823	-0.00949	-0.07182	-0.02536	-0.03510	0.01037	0.05604
0.00650	0.01074	0.01131	0.01275	-0.00470	0.02390	-0.01134	0.01583	-0.00275	0.02570	0.01600	0.00493	-0.00661	0.00502	0.04543	0.01606	0.00000	0.03172	0.00924	0.02480	-0.00549	-0.02322	-0.01100	-0.00803	0.00484	0.00890	0.00991	-0.00064	0.03098	0.01194	0.00427	0.01910	-0.00170	0.00038	-0.01855	-0.00091	0.02187	0.01476	0.01102	0.02157	0.02262	-0.01366	0.01774	-0.00322	-0.00485	0.02789	-0.00457	0.01098	-0.01348	0.01933	-0.03855	0.00023	-0.10049	0.02015	-0.01171	0.02936	-0.00403	-0.00536	0.02303	-0.01692
-0.00453	0.02011	0.02025	0.00407	0.01009	0.02779	0.02460	0.04418	-0.00456	0.02387	0.00740	0.00553	0.01269	0.02733	0.04618	-0.00845	0.00937	0.00000	0.03747	-0.00568	0.01462	-0.00984	-0.00595	-0.00556	0.03564	0.03069	0.03740	-0.01574	-0.00359	-0.00464	-0.02308	0.04515	-0.00931	0.01620	-0.00141	0.00821	-0.03353	0.00967	-0.00720	-0.00800	-0.00602	0.00457	0.01323	0.00773	0.01671	0.00450	-0.01296	-0.00685	0.00039	0.02364	0.01183	0.02418	0.03044	0.01835	0.03265	-0.00229	0.03189	0.01095	0.02823	0.04828
0.00238	0.00350	-0.00622	0.02218	0.00238	-0.02042	0.00203	0.00571	0.00283	-0.00115	0.00387	-0.00472	0.00105	-0.00227	0.00336	0.02431	0.01068	0.00421	0.00000	-0.00365	0.01346	0.00407	0.01162	-0.00764	-0.00857	0.00110	-0.00817	0.02032	0.01594	0.00893	-0.00986	-0.00652	-0.01431	-0.01904	0.02813	0.00459	0.01439	-0.00657	-0.02091	0.01241	0.00916	0.00719	-0.00455	0.02380	-0.01593	0.00030	-0.00293	0.00088	0.00485	0.01106	0.00012	0.00082	0.01380	0.00581	-0.01336	-0.01018	0.01314	0.00124	-0.00132	0.00876
0.00448	0.03166	-0.00098	0.00238	0.02326	0.01869	0.00689	0.02888	0.00113	0.00511	0.02655	0.00869	-0.01464	0.00547	0.01774	-0.00327	0.01506	-0.00407	0.00662	0.00000	-0.00174	-0.01415	-0.00766	0.01030	-0.01680	-0.01056	0.00605	0.00257	-0.01442	0.04669	-0.00892	-0.01281	0.00415	0.00448	0.01149	0.02233	0.02246	0.01744	-0.00464	-0.00858	-0.01768	-0.00097	-0.01395	-0.00215	0.01767	0.02170	0.00005	0.00169	-0.00995	0.03445	0.00606	-0.00522	-0.00499	0.01428	-0.02790	0.01870	-0.02596	0.02020	0.01753	-0.01176
0.00579	0.01523	0.02534	0.03294	-0.03398	0.01080	0.02490	-0.00596	0.01916	-0.00843	0.03463	-0.01591	0.00243	0.01899	0.02545	0.00993	-0.00255	0.00127	0.02343	-0.01028	0.00000	0.00302	0.02601	-0.01175	0.02817	0.00709	0.02261	-0.00317	0.03984	0.03413	0.04582	-0.00465	-0.00961	0.00515	0.03733	0.02099	-0.02258	-0.00224	0.00840	0.02911	-0.00980	0.03349	-0.02791	0.00928	0.00125	0.02040	0.00115	0.01172	0.01337	0.00936	-0.01215	-0.00698	-0.00035	-0.05805	-0.00858	0.01456	-0.07874	0.00027	0.00931	0.01757
0.00291	0.00111	0.01800	0.00075	-0.01446	-0.01692	-0.03213	0.01333	-0.00795	-0.01595	0.00218	-0.00002	0.00852	-0.00110	0.03590	0.00824	0.01706	0.01765	0.03087	-0.01902	-0.02374	0.00000	0.00713	0.02413	0.00557	0.01394	0.01028	0.01233	0.00420	0.00551	0.01573	0.01777	0.00194	0.04269	-0.00180	0.02123	0.00532	0.00400	-0.01140	0.01249	-0.00625	0.02022	-0.01533	-0.00358	0.00224	0.02781	0.00490	0.01684	0.00742	-0.01418	0.05544	-0.06847	0.01636	0.00390	-0.00208	-0.06879	-0.00587	0.02804	0.00984	0.03010
0.02139	0.01576	0.04560	-0.00709	0.04454	0.02672	0.00437	0.01586	-0.01306	0.01733	0.01635	-0.00669	-0.02768	-0.00906	0.02561	0.01292	-0.00001	0.03426	-0.00643	-0.01022	-0.00166	0.01223	0.00000	0.00965	-0.00168	-0.02305	-0.00302	-0.00863	0.06093	-0.00424	-0.00356	0.02935	0.02421	0.04013	-0.02324	-0.02352	-0.00124	0.00264	-0.01064	-0.00734	0.01645	0.04406	0.00035	0.01172	0.00927	-0.03866	0.00434	0.00305	-0.01243	-0.00978	0.02281	0.04025	0.00324	0.01132	-0.01078	-0.07915	-0.01510	0.01176	0.00792	0.01979
-0.00429	0.00834	0.01878	0.01987	-0.00516	0.00572	0.02901	-0.00954	-0.00116	0.00155	0.01187	0.01704	0.00035	-0.00617	0.00442	0.01988	-0.01372	0.00919	-0.00549	0.00164	0.01184	-0.00934	0.00479	0.00000	0.00204	0.00581	-0.00307	0.00941	0.00422	-0.00147	0.01003	-0.00310	0.01216	-0.00718	-0.00268	0.00855	0.01143	-0.00258	-0.00355	0.01609	-0.00863	-0.00480	0.01602	0.00349	-0.01374	0.00839	-0.02417	0.00277	0.00353	-0.00517	0.01319	-0.00010	-0.01288	-0.01639	-0.00330	-0.02853	-0.00869	0.00486	0.01572	0.00105
0.03651	0.01411	0.01945	0.00504	0.03975	0.02863	0.01982	0.02286	0.00975	0.01725	-0.01558	0.01102	0.00241	0.01651	0.01947	-0.00187	0.00223	0.03395	-0.00679	0.01388	0.02040	0.01111	0.02060	0.04274	0.00000	-0.02481	0.05173	0.01334	0.01986	0.02417	0.00467	0.00270	0.01120	0.00419	0.02897	-0.00464	0.00113	-0.00735	0.04152	0.00181	-0.00415	0.05178	-0.00153	-0.00543	-0.00840	0.00528	0.01055	-0.00934	-0.00010	0.02570	0.01680	0.01359	-0.03427	0.01888	0.01892	0.01239	0.03788	-0.00968	-0.07683	0.01054
-0.00595	0.00559	0.02075	0.00545	0.01040	0.01243	0.02494	-0.00768	0.01236	-0.00631	0.01796	0.00641	-0.00516	0.00669	0.00950	-0.00354	-0.00647	-0.01783	0.02005	-0.00363	-0.00331	-0.00933	0.00273	0.00888	-0.01980	0.00000	0.01063	0.03075	0.00252	0.01158	-0.02666	-0.01285	-0.00377	-0.01063	-0.01790	0.02255	0.01714	-0.02248	0.01332	0.00041	0.00679	0.00358	-0.00539	0.02401	0.01793	0.02608	0.01816	-0.01958	-0.00078	0.01640	0.00107	0.00522	-0.03133	-0.00593	0.01828	-0.01718	0.02526	0.01688	-0.00312	0.02079
-0.01435	0.02131	0.02668	0.00777	-0.00146	0.03336	0.02913	0.04070	-0.02290	-0.01620	-0.00545	-0.01008	0.02997	0.01850	0.07983	-0.01657	-0.01727	0.05970	-0.01198	-0.00114	0.04025	0.01226	0.01082	-0.00897	0.03792	0.01055	0.00000	0.00719	0.04402	-0.00007	0.00365	0.00199	-0.00652	0.02871	-0.01628	-0.01449	0.00037	0.00980	0.02267	0.01183	0.01402	0.03230	-0.01687	0.00493	0.03852	0.00337	0.01527	-0.00672	-0.01117	0.02746	-0.00286	0.02922	-0.00490	0.00491	0.01037	0.01432	0.01902	0.01324	-0.05318	-0.01795
-0.00392	0.00706	0.00486	0.00694	-0.00803	0.00289	0.00490	0.00266	-0.00160	0.01254	0.00027	-0.00031	0.00262	0.00289	0.00984	0.00783	-0.01675	-0.00107	-0.00106	0.00650	-0.00444	0.00509	0.00781	-0.00214	0.00263	0.01604	-0.00362	0.00000	-0.00695	0.00253	0.01768	0.00196	0.00100	-0.02357	0.00734	0.01220	0.00437	-0.00968	0.00567	0.00132	0.00072	0.00342	-0.00240	0.00128	0.00130	-0.00384	0.00107	-0.00135	-0.00120	0.00567	-0.00663	0.01331	-0.01028	-0.01139	-0.00356	0.01103	-0.00684	-0.00341	-0.01714	0.00068
0.00722	0.00869	0.00949	0.00112	0.02946	0.02059	-0.01707	0.01668	0.01610	0.01848	-0.01188	0.00725	-0.02867	-0.01172	0.03623	0.01607	0.02663	0.00777	0.02417	0.01190	0.04573	0.02280	0.04722	0.01146	0.03914	0.01977	0.06687	-0.00919	0.00000	-0.01690	-0.04269	-0.02159	0.00521	0.02312	-0.02163	0.02795	0.00322	0.00713	0.00742	-0.00563	0.02587	0.01325	0.01822	-0.02038	0.00928	-0.01891	-0.00934	0.01455	0.01322	0.05639	0.00700	0.04308	0.01238	0.03263	0.02950	-0.00743	-0.04049	0.00513	0.03913	0.04406
0.00852	0.00232	0.01984	0.00485	-0.00848	-0.01155	0.01569	0.02039	-0.00797	0.01832	-0.00576	0.02453	-0.01061	0.02199	-0.00520	-0.02072	-0.00353	0.01089	0.00681	0.02233	0.01399	-0.00620	0.00958	-0.00314	-0.01061	0.00495	0.00653	0.01824	0.02257	0.00000	-0.02731	0.02318	-0.01009	-0.00651	-0.01929	-0.01023	-0.01692	0.03497	0.02850	0.00668	-0.01189	0.02555	-0.00048	0.01884	0.01377	-0.00223	0.01127	-0.00230	0.01459	-0.00701	-0.00051	0.00157	-0.00246	-0.05413	-0.04626	-0.00079	0.01163	-0.00614	-0.01030	0.02376
0.00366	0.00421	-0.00295	0.00080	0.00049	0.00384	-0.00806	-0.00440	0.02171	0.00628	0.00469	0.00531	0.00053	-0.00123	0.00819	0.00157	0.00266	-0.01019	-0.01172	-0.00095	0.00163	0.00058	-0.01605	-0.00042	-0.00817	-0.00706	0.01405	0.01075	0.00359	0.00115	0.00000	0.00077	-0.00013	-0.00781	-0.00570	-0.00205	-0.01281	0.00918	0.00528	-0.00099	0.00085	0.00373	0.00079	-0.00464	0.00561	-0.00337	-0.00127	0.00469	0.01025	0.00166	-0.00531	0.00403	-0.00037	0.00340	0.01233	0.00612	0.00286	0.00965	0.00244	0.00375
-0.00985	0.05217	-0.00111	-0.00603	0.00609	0.02870	-0.01973	0.00149	-0.02536	-0.00382	0.03045	-0.00530	0.00074	0.02787	0.02181	-0.00283	-0.01972	0.05028	0.00207	0.00515	0.01064	0.01800	0.04515	0.00746	0.04786	0.03257	0.01416	0.01972	-0.00890	-0.00005	0.01632	0.00000	-0.00096	-0.00031	0.01222	0.02823	-0.01020	0.02312	0.01001	0.00517	-0.00277	0.01492	0.01778	0.02943	0.00972	0.00896	0.01376	0.03033	0.00095	-0.02422	-0.00193	-0.04606	-0.00083	-0.01253	-0.02150	0.01002	-0.00011	-0.00778	-0.01635	-0.02829
-0.00406	0.01778	0.00606	0.03868	0.01294	0.02026	0.01245	0.05525	0.01965	0.01436	0.00125	0.00707	-0.01585	0.00330	-0.00517	0.01245	0.00064	0.02227	-0.00960	-0.00996	-0.00256	0.00074	0.01468	0.00357	0.00106	-0.00268	0.00052	0.01061	0.01644	-0.00557	-0.04633	0.01615	0.00000	-0.01096	-0.00695	-0.01603	-0.00618	0.00240	0.00749	-0.00478	0.02175	0.00842	0.01994	0.01661	-0.00408	0.02747	-0.00153	-0.00366	0.00225	-0.01292	-0.02117	0.00161	-0.01003	0.00578	0.01319	-0.06317	-0.02622	0.01825	-0.05818	0.00001
0.04581	0.00186	-0.00215	0.00450	0.00780	0.00105	0.00360	0.00399	-0.01002	-0.03291	0.01746	-0.00439	0.01506	0.00725	0.02635	-0.00986	-0.00379	0.03707	-0.02000	-0.01667	0.01525	0.01980	0.01349	0.00080	-0.00156	-0.01310	0.00870	-0.00102	0.02369	0.01877	-0.01801	0.02842	-0.01929	0.00000	0.02281	0.01461	0.00634	0.02931	0.02815	0.02779	-0.01570	0.00084	0.00520	0.01576	0.03897	0.01208	0.02747	-0.02466	-0.00109	0.02757	-0.01019	-0.01301	0.02120	-0.01509	0.03118	0.00769	0.00822	0.00891	0.01511	-0.00190
0.03144	0.02026	0.03655	0.01446	-0.00071	-0.01154	-0.00025	0.00210	-0.01964	-0.01566	0.00211	-0.01654	-0.03458	0.00075	-0.00711	0.01117	0.00394	0.01925	0.00402	-0.00043	0.02048	0.02643	-0.00769	-0.02149	0.03245	0.00747	-0.03429	0.03333	0.00477	-0.01494	-0.01168	0.03239	-0.01300	0.01704	0.00000	-0.00910	-0.02164	-0.01892	0.02512	0.01038	-0.00654	-0.01019	0.03273	0.03592	0.02878	-0.00212	0.01512	0.00927	-0.00763	0.00989	0.01349	0.01852	-0.02538	-0.00966	-0.00328	-0.00258	-0.00254	-0.01137	-0.00436	0.01988
0.01800	0.02003	0.00810	-0.00213	-0.01586	0.01811	0.00765	-0.00655	0.00056	0.00677	-0.01894	0.01193	-0.01796	0.01821	0.00295	-0.00822	-0.00896	-0.00318	0.01970	-0.00652	0.01080	0.03258	0.00288	0.00390	0.01038	0.01050	0.01080	0.01778	0.00314	-0.00908	0.00052	-0.00334	-0.01989	0.01007	-0.01115	0.00000	0.00074	-0.01543	0.02035	-0.00851	-0.00484	0.01424	0.01039	0.02061	-0.00443	0.02594	0.02312	0.01792	-0.00857	0.00575	-0.06280	0.03195	0.01153	-0.02562	-0.00393	-0.02260	0.02476	-0.06664	-0.00033	0.01580
-0.01068	0.00639	-0.00037	0.00376	0.00228	-0.00668	0.01740	-0.01212	0.00432	0.00512	0.01523	0.00463	0.01656	-0.00372	0.00605	-0.00040	-0.00725	-0.00156	0.01746	-0.00819	0.00130	-0.01157	0.01679	0.00002	-0.00452	0.00169	0.00671	0.02646	-0.01166	-0.00088	0.00176	-0.01172	0.00354	-0.00095	-0.00443	-0.00226	0.00000	0.01202	0.00300	0.00245	0.00238	-0.00537	-0.00360	0.00009	-0.00411	0.01025	-0.00220	0.01067	0.00497	-0.00764	0.00284	-0.00280	0.00072	0.00720	0.00655	0.00297	0.00558	-0.00041	0.00807	0.00056
0.00461	-0.00803	-0.00099	-0.01476	0.00342	0.00765	0.01428	0.01757	-0.00282	0.04570	-0.00585	-0.02108	-0.01415	0.01653	0.00332	-0.00915	-0.01619	-0.00465	-0.01453	0.00592	0.00561	-0.00154	-0.00249	0.00439	-0.00776	-0.01268	0.02552	-0.02671	-0.02067	-0.00699	0.02617	0.02807	0.02275	0.00649	0.00355	-0.02355	0.01712	0.00000	0.02419	-0.00612	0.02982	0.02825	-0.00177	0.02252	0.03489	-0.01237	-0.02062	0.03825	0.00934	0.00153	-0.00049	0.00639	-0.06308	0.01233	-0.00797	0.02054	0.02312	0.00526	-0.00387	-0.00842
0.00840	0.00569	0.01346	0.03130	0.00057	-0.00823	0.01539	0.00759	0.02075	0.03134	0.00311	0.00963	0.01803	0.00406	-0.00284	-0.00244	0.02256	0.00197	0.00715	0.02003	0.01993	-0.00445	-0.01566	0.00001	0.00199	0.00284	0.00131	-0.00563	-0.00074	0.01058	0.02924	0.03153	0.01316	0.02532	0.00052	0.02279	0.02782	0.01535	0.00000	0.05037	0.01644	-0.00920	0.00428	0.00135	0.01389	0.00861	0.02843	-0.01902	-0.00324	-0.00113	0.00270	-0.00459	-0.02262	-0.00003	0.00133	0.01245	-0.00569	0.02016	0.02367	-0.02042
0.00348	0.02501	0.00124	-0.01625	0.01020	0.01080	-0.00559	-0.02554	-0.02916	-0.02039	-0.02559	0.00771	-0.00233	0.01085	0.00958	0.01224	0.01243	-0.00152	-0.00508	0.02077	-0.00995	-0.00083	-0.01516	0.01726	0.02106	-0.00746	-0.01138	0.04075	0.00628	0.00483	-0.02088	0.00548	0.00529	0.00968	-0.01685	0.00684	0.01043	0.01933	0.00597	0.00000	0.03898	0.00936	0.01365	-0.00507	0.00468	0.02431	0.01041	0.02556	0.01644	0.01776	-0.01344	0.00293	0.00321	0.01134	-0.05304	-0.04672	0.00946	0.00907	0.01725	-0.03097
0.02684	-0.01015	0.00322	-0.00257	-0.01172	-0.00555	-0.00840	0.00608	-0.00588	0.02627	-0.01319	-0.00633	0.00040	0.00154	0.00777	-0.00061	0.02035	-0.03122	0.01381	-0.01225	0.01371	0.02099	-0.00325	-0.00839	0.01026	0.02392	0.01597	0.00922	0.00160	-0.01546	-0.01745	0.00198	-0.00992	0.01334	-0.01646	0.00358	-0.04793	-0.00451	0.00028	0.01965	0.00000	-0.00097	-0.00018	0.00587	0.03456	-0.00167	0.00726	0.00420	0.01283	-0.00188	0.00885	0.00547	0.04525	0.01237	-0.00912	-0.01999	0.01985	0.00015	0.01573	-0.00911
0.00959	0.00833	-0.00131	-0.00146	0.02129	-0.01127	-0.00072	0.01674	0.00951	0.02555	0.00574	-0.00677	0.00705	-0.01901	0.06903	0.01734	-0.00055	0.00135	0.00324	0.00844	-0.00899	0.00577	0.01909	-0.01825	0.03035	0.01021	0.00886	0.02604	0.03535	-0.00561	0.02526	-0.01752	0.01630	0.02256	0.01138	-0.01267	-0.02472	-0.01422	0.01171	0.00072	0.00880	0.00000	0.00339	0.01223	-0.00088	-0.01516	-0.01012	0.01490	0.00315	0.04381	-0.05117	0.00907	0.00616	0.02818	0.03246	0.01062	-0.01952	-0.03347	0.00821	-0.00778
0.01080	0.00309	0.00141	0.00421	-0.02439	-0.01204	0.00115	0.01968	-0.00376	0.00765	0.03080	0.00357	0.00331	0.03046	0.02853	0.01851	-0.02017	-0.00442	0.02001	0.03525	-0.03231	-0.01026	-0.02803	-0.00566	0.01034	0.01034	0.01415	0.02113	0.02288	0.00154	-0.00641	0.00418	0.01820	-0.00994	0.00458	0.01154	-0.02870	0.00041	-0.00671	0.03141	0.00112	-0.00351	0.00000	-0.00126	0.01836	0.01483	0.01340	-0.00085	0.01835	-0.00276	0.01340	-0.00825	0.02406	0.00221	0.00045	0.00027	0.01482	0.02514	-0.03135	0.01298
-0.01244	0.00571	-0.00574	0.00293	0.05303	0.01011	-0.01447	0.01369	-0.00192	0.00211	-0.00406	-0.01286	-0.03022	0.00420	0.01082	-0.00032	0.00650	0.01585	0.00483	0.04711	0.01471	-0.00245	-0.00209	0.02133	-0.02963	0.00248	0.04389	-0.01401	-0.02033	-0.00369	0.01605	0.01855	0.02241	0.00538	-0.00938	0.01852	0.03295	0.03569	0.01186	0.00642	0.00991	0.01732	0.01811	0.00000	-0.00107	0.00427	0.01169	0.00547	0.00504	0.00155	0.01443	-0.03287	0.01336	-0.00257	0.01281	0.01421	0.03319	0.02040	0.00121	0.03258
0.01166	0.01537	0.01040	-0.01547	-0.01247	0.00801	0.01931	-0.00062	0.01155	-0.00651	-0.01837	0.00505	0.00014	0.02515	0.00156	0.01847	0.00827	-0.03470	-0.01527	0.00531	-0.00127	-0.00008	-0.00552	0.01275	-0.00075	0.00264	0.02163	0.00583	-0.00524	0.02638	-0.00965	0.01930	0.01947	0.02097	0.03595	0.00224	0.00707	-0.00496	-0.02936	-0.00336	0.00548	-0.00086	-0.01494	0.01865	0.00000	0.00205	-0.00428	0.01431	-0.01309	0.01073	0.02415	0.01903	0.00791	0.01580	0.01121	-0.02729	-0.03961	0.00461	-0.02987	0.00211
0.00070	0.01686	-0.00221	-0.02390	0.01084	0.02439	0.02218	-0.00022	0.00447	0.02384	0.01793	0.00300	0.01180	0.00885	-0.02473	0.00707	0.00510	0.01610	0.00474	0.00349	0.03074	-0.01133	-0.01083	0.00840	-0.01018	0.00669	0.00967	0.01064	-0.02027	0.02335	-0.00416	0.02005	0.02061	-0.00060	0.00102	0.01637	0.00537	0.01812	-0.00974	0.00130	-0.00662	-0.01776	0.02779	-0.00881	0.01176	0.00000	-0.00536	0.01722	-0.00877	0.00956	-0.03588	0.01341	0.02618	-0.03137	0.00884	-0.00836	0.00135	0.00465	-0.00974	-0.00085
-0.00377	0.01312	0.01748	-0.00955	0.01175	0.00434	0.02032	-0.01897	-0.00494	0.00506	0.00420	0.01859	0.00163	-0.00520	0.02397	-0.00321	0.00052	0.00202	-0.00459	0.01106	0.01826	-0.00429	0.00496	0.00989	0.00871	0.00899	-0.01302	0.02003	0.02072	-0.01591	-0.02697	-0.01230	0.00636	0.00216	0.01156	-0.00633	0.01958	-0.01342	0.03914	0.01834	-0.00818	0.00332	0.01700	0.03207	-0.01893	0.01250	0.00000	0.00401	0.00366	0.01079	-0.01031	-0.05488	0.00523	0.00458	-0.00013	-0.06722	-0.00976	-0.01314	0.01807	-0.00090
0.00999	0.00105	0.01110	0.01006	0.00704	0.01362	-0.00515	0.00065	-0.02074	0.00202	0.00514	0.00396	0.00439	-0.00612	-0.00732	-0.00485	0.01722	0.00022	-0.01360	-0.00824	0.00989	0.02641	0.01404	-0.01366	-0.01175	-0.00868	0.02469	0.04763	-0.02456	-0.02254	0.03358	0.00063	0.00023	0.01380	0.00444	0.01952	0.05613	0.02414	0.00590	0.02290	0.03930	-0.01226	0.00661	0.00231	0.02082	0.01821	0.01263	0.00000	0.00831	-0.00959	0.01330	-0.01428	0.02717	0.02635	0.02184	0.01999	-0.03309	-0.02051	0.01685	0.04801
0.01690	-0.00778	0.00799	0.00277	0.01125	-0.00834	0.02507	0.01382	0.01468	0.02041	-0.00439	-0.00691	-0.00196	0.01059	0.00067	0.01044	-0.01401	0.00528	0.00694	0.00161	0.00001	0.00393	-0.00186	-0.00502	-0.00274	0.00700	-0.00494	0.02107	0.00841	0.01647	-0.00642	0.00847	0.01087	-0.01408	0.00027	-0.00032	-0.01277	-0.02050	0.00437	0.00914	0.00656	-0.01508	-0.00379	0.00025	-0.00326	-0.00593	0.01132	-0.00227	0.00000	0.01676	-0.01643	-0.00670	0.00662	0.00904	-0.01385	0.01552	-0.00858	-0.01218	0.00720	0.00983
-0.00857	0.03572	0.00347	0.01966	-0.02461	0.01809	0.02515	0.00292	0.01073	-0.00537	-0.00644	0.00292	0.01350	-0.00319	0.00761	-0.00519	-0.01349	0.05157	0.01039	0.03100	-0.01672	0.00488	0.01749	0.00804	0.04189	0.01463	0.08186	-0.01756	0.00095	0.00097	0.00865	0.00548	0.01110	-0.00082	0.01738	0.00057	-0.02837	-0.00544	0.00256	-0.01154	-0.00710	0.03481	0.01189	0.00441	0.04436	-0.00770	0.02159	0.02129	-0.00178	0.00000	0.02482	-0.00002	-0.00311	-0.06899	0.00844	-0.06531	0.01314	0.00492	-0.04227	0.02584
0.01843	0.00374	0.00547	0.01231	-0.00682	-0.00219	0.02256	0.01738	-0.00662	0.00870	0.02389	-0.00061	0.00714	-0.00172	-0.01840	-0.03720	0.02934	0.02459	0.00241	0.02803	-0.01134	0.01565	0.02145	0.00199	0.02168	0.01130	0.03673	-0.00268	0.01273	0.01114	-0.00780	-0.01263	0.00721	0.00911	0.00753	-0.00251	-0.00970	0.00954	0.01759	0.01261	0.00430	0.00740	0.01198	0.00797	-0.00088	-0.00260	0.01582	0.01409	-0.00758	0.01640	0.00000	0.00443	0.00858	-0.05981	0.00367	0.01906	-0.00610	0.00463	0.01385	-0.00084
0.01592	-0.04151	-0.01049	-0.02399	-0.00159	0.03653	0.01632	0.01663	-0.00107	-0.01560	0.00514	0.01854	0.01263	0.00300	0.03359	0.02001	0.02123	0.00358	-0.00771	-0.00091	0.04721	0.00585	0.03766	0.01391	0.01380	0.02466	0.02949	0.00945	0.06008	-0.01698	0.01421	-0.00044	0.00937	0.03161	-0.00403	-0.02047	-0.00748	0.03933	-0.01735	0.03422	-0.01507	0.03086	0.00001	0.00450	0.00126	-0.00377	-0.00237	-0.02192	0.01207	0.00396	0.00846	0.00000	0.01635	0.01721	0.02876	-0.04088	-0.02866	-0.07295	0.02617	0.02886
0.01469	0.02400	0.00255	-0.00351	0.01513	0.00602	0.01191	0.00653	0.00382	0.00588	0.00942	0.02123	0.00408	0.00633	-0.01262	0.01059	-0.01062	-0.00138	-0.00396	-0.00034	0.01178	-0.00328	-0.00567	0.00503	-0.00929	0.00933	-0.00359	0.00148	-0.01002	0.02311	-0.00735	0.00359	0.00034	-0.00085	0.01087	0.01004	-0.00015	-0.00577	-0.00712	-0.00527	0.00838	0.00773	-0.00963	-0.00453	0.00057	0.02243	0.01476	-0.00729	0.01822	-0.00986	-0.00214	-0.00527	0.00000	-0.00865	-0.00323	-0.03526	0.00281	-0.00907	-0.00796	0.00012
-0.00421	0.01187	-0.00632	-0.00064	0.03512	-0.00874	0.00916	0.00171	-0.00168	0.00042	0.02978	0.01047	-0.01227	0.00761	-0.02782	-0.00219	0.00978	-0.00015	-0.00423	-0.01022	-0.00001	-0.00018	0.01440	-0.01662	-0.00794	-0.00183	-0.00908	0.00871	0.00110	0.03281	0.01784	0.01539	0.00399	0.01454	-0.00232	0.01361	0.01802	-0.00056	0.02060	0.02924	0.01229	0.00350	0.01148	0.00386	-0.00039	0.00599	0.00595	-0.01229	0.01633	-0.00065	-0.02870	0.01944	-0.00887	0.00000	0.00885	-0.01946	-0.05088	0.00847	0.01653	0.00889
0.01898	-0.00263	0.01064	0.01069	-0.00471	0.00214	0.01998	-0.00387	-0.00966	0.01599	-0.00588	-0.00003	-0.00960	0.00893	0.00788	-0.01449	0.00923	-0.00442	0.02474	0.01134	0.01188	-0.00011	-0.00332	0.01001	-0.00089	-0.00069	0.01648	-0.00928	0.00333	-0.01456	-0.01198	-0.00502	-0.01109	0.00044	0.01288	0.01725	-0.01593	0.00559	-0.02401	0.00203	0.00145	-0.00261	0.01564	0.01232	-0.00584	0.00384	-0.00193	-0.00792	-0.00550	0.00748	-0.03345	-0.00014	0.02335	0.01002	0.00000	-0.00509	-0.01302	0.00287	0.00409	-0.01303
0.03243	0.00718	-0.00229	0.01264	0.00221	-0.01418	0.02630	-0.01113	-0.00798	0.00796	-0.00448	0.00030	0.00341	-0.01193	0.00374	0.02446	0.00586	0.00825	-0.01030	0.01342	-0.01576	-0.00704	-0.00997	-0.00435	-0.00840	0.00436	-0.01046	0.02319	0.00626	-0.02620	0.00450	-0.00708	-0.00100	0.00489	0.00533	0.01189	0.02002	0.00443	-0.00170	0.02232	0.02101	0.00640	0.01717	0.01419	-0.00799	0.01075	-0.01238	-0.00672	0.00096	0.00254	0.00661	0.01091	0.00510	0.01275	-0.01378	0.00000	-0.00756	0.00065	0.00391	-0.01458
-0.01535	0.01515	0.01137	0.00514	0.00127	0.01241	0.01381	-0.01539	0.00838	-0.00148	-0.01483	0.01349	-0.00727	-0.00049	-0.00373	-0.00089	0.01406	0.02156	0.00747	-0.01142	-0.01788	-0.00618	0.00067	0.01047	0.01682	0.00181	-0.01637	0.00839	0.01835	-0.00464	0.00663	-0.00787	0.00948	0.00574	-0.01172	0.00347	-0.01620	-0.01043	0.00251	0.00409	0.01291	-0.00674	0.00122	0.00255	-0.01433	0.00487	0.01245	0.01094	-0.00079	0.00291	-0.00778	0.01075	0.01337	-0.00010	-0.00539	-0.00634	0.00000	-0.00200	-0.02277	0.01227
0.01232	0.01869	0.00457	0.00804	0.00968	0.01240	0.04596	0.01834	0.00759	-0.02075	-0.00595	-0.00371	-0.00640	-0.01223	-0.00084	0.00385	0.00477	-0.00066	0.00146	0.01187	0.00988	0.03337	-0.00015	-0.00833	0.00228	0.03244	0.01491	0.01207	-0.01296	-0.00677	0.00968	-0.00757	0.01680	0.02195	-0.02580	-0.01208	-0.00723	0.01131	-0.01378	0.01243	0.03065	-0.00782	0.01435	0.01022	-0.00779	-0.01020	0.00064	-0.01610	0.00001	-0.01276	-0.00685	0.00261	0.01290	-0.00733	0.00262	0.00644	-0.01382	0.00000	-0.01266	-0.01013
0.01396	-0.00528	-0.00952	0.00186	0.00746	0.03435	-0.00242	-0.00038	-0.01173	0.02547	0.00115	0.01172	0.00753	0.00595	-0.01333	0.04036	0.01294	0.04193	-0.00045	-0.00354	0.01651	0.00632	0.02305	-0.00517	-0.04252	-0.02172	-0.01021	0.03770	0.00726	-0.00306	0.02004	0.01572	-0.00574	0.02936	-0.00840	-0.01408	-0.00060	-0.00824	0.00882	0.01167	-0.00211	-0.00719	0.02169	0.03508	-0.00246	0.00732	0.02391	-0.03121	-0.00718	0.01581	0.01346	-0.01563	-0.03475	0.00144	-0.01552	0.02651	-0.00405	0.02497	0.00000	0.04294
0.01214	0.00773	0.03575	0.01627	-0.02668	0.03225	0.03126	-0.00643	0.00021	0.00872	0.00165	-0.01886	0.03528	0.01255	0.01596	0.00984	-0.00566	0.01671	-0.02856	0.00527	0.02384	0.03433	0.01469	0.03885	0.01820	0.02208	-0.00859	-0.00339	0.02354	0.00378	0.01998	-0.02027	0.01381	-0.00191	-0.01802	0.03103	0.02695	0.00156	-0.01337	0.03080	0.00192	-0.00577	-0.00284	-0.00527	-0.01756	0.03652	-0.01429	0.02083	0.01555	0.00073	0.02059	0.01867	-0.10616	0.02560	0.01113	0.02230	0.00540	0.01309	0.01230	0.00000
