0.000
-0.053
-0.048
-0.022
-0.035
-0.058
-0.058
0.007
-0.057
-0.042
-0.017
-0.072
-0.047
0.022
-0.028
-0.057
-0.037
-0.043
0.023
0.073
-0.033
-0.053
-0.003
-0.055
-0.062
-0.058
-0.053
0.002
-0.010
-0.045
0.040
-0.038
-0.073
0.037
-0.035
-0.032
-0.037
-0.012
-0.065
-0.067
0.060
-0.050
-0.065
-0.028
0.012
0.012
-0.045
-0.068
-0.052
-0.035
0.023
0.003
-0.042
-0.058
-0.040
-0.058
-0.068
-0.085
-0.047
-0.073
-0.023
-0.013
-0.032
0.005
-0.072
0.022
-0.073
-0.038
0.003
-0.045
-0.040
-0.013
0.020
-0.043
-0.037
-0.070
-0.028
-0.035
-0.040
-0.070
-0.032
-0.045
0.035
-0.043
-0.065
-0.028
-0.048
-0.047
-0.058
-0.085
-0.048
-0.062
0.028
-0.058
0.017
-0.058
-0.050
0.065
-0.048
0.038
0.032
-0.025
-0.060
-0.055
-0.020
-0.038
-0.048
-0.013
-0.022
0.018
-0.045
-0.047
0.025
-0.087
0.008
0.035
0.028
-0.055
-0.093
-0.030
-0.073
-0.075
-0.035
-0.042
-0.075
-0.105
-0.040
-0.032
-0.065
-0.045
-0.060
-0.050
-0.057
-0.015
-0.058
-0.073
-0.113
-0.040
-0.063
-0.032
-0.060
-0.042
-0.130
-0.018
-0.042
-0.077
-0.060
-0.057
-0.048
-0.097
