0.100
-0.040
-0.020
0.100
0.040
0.140
0.060
0.080
0.000
-0.020
0.080
-0.020
0.080
0.060
0.040
-0.020
-0.020
0.060
0.140
0.220
0.140
-0.140
0.040
-0.060
-0.020
-0.060
0.020
0.100
0.020
-0.020
0.140
-0.120
-0.020
0.220
0.000
0.040
-0.040
-0.080
0.020
0.060
0.060
0.040
0.080
0.100
0.220
0.040
-0.020
0.000
0.000
0.040
0.060
0.060
0.120
0.020
0.020
0.040
0.000
-0.080
-0.080
0.040
0.160
0.020
0.020
0.060
-0.040
0.120
0.000
-0.020
0.080
0.000
-0.020
0.080
0.140
0.040
-0.040
-0.040
0.040
0.120
0.060
-0.100
0.020
-0.020
0.160
0.060
0.060
-0.040
-0.020
-0.080
0.080
0.000
0.060
0.020
0.100
0.040
0.140
0.100
-0.100
0.060
0.000
0.060
0.120
0.020
0.040
-0.020
0.060
-0.020
0.040
-0.020
0.060
0.040
0.060
0.000
0.000
-0.100
0.160
0.220
0.080
0.100
0.000
0.120
0.040
0.080
0.040
0.040
0.080
-0.080
0.020
-0.040
-0.060
0.080
0.180
0.020
0.040
0.160
0.060
-0.040
-0.040
-0.040
-0.060
0.120
0.040
-0.060
-0.100
0.060
0.040
0.000
-0.020
0.080
0.120
-0.100
