-0.005
-0.065
-0.030
-0.060
-0.015
-0.045
-0.090
0.030
-0.055
-0.070
0.005
-0.030
-0.015
-0.005
-0.045
-0.055
-0.070
-0.055
0.095
0.070
-0.015
-0.070
-0.045
-0.050
-0.070
-0.105
-0.090
0.005
-0.045
-0.060
0.060
-0.045
-0.110
0.080
-0.050
-0.020
-0.055
0.000
-0.045
-0.055
0.070
-0.015
-0.060
0.000
0.045
0.025
-0.040
-0.065
-0.050
-0.035
0.005
0.045
-0.015
-0.025
-0.065
-0.040
-0.085
-0.100
-0.035
-0.045
0.000
-0.020
-0.035
-0.020
-0.080
0.060
-0.075
-0.060
-0.020
-0.035
-0.020
-0.005
0.005
0.010
-0.050
-0.100
0.000
0.000
-0.030
-0.090
0.000
-0.050
0.065
-0.015
-0.045
-0.060
-0.020
-0.080
-0.040
-0.080
-0.060
-0.065
0.055
-0.005
0.025
-0.030
-0.085
0.040
-0.030
0.010
0.015
0.000
-0.040
-0.055
-0.005
0.000
0.020
0.005
-0.005
-0.035
-0.050
-0.030
0.035
-0.090
0.055
0.055
-0.025
-0.025
-0.045
-0.020
-0.035
-0.005
-0.020
-0.015
-0.065
-0.090
-0.060
0.005
-0.055
-0.060
-0.045
-0.020
-0.050
0.040
-0.065
-0.065
-0.115
-0.040
-0.080
-0.030
-0.015
-0.055
-0.095
-0.005
-0.060
-0.055
-0.075
0.015
0.015
-0.125
