0.182
0.145
0.055
0.109
0.091
0.109
0.055
0.073
0.073
0.127
0.109
0.073
0.127
0.018
0.055
0.018
0.273
0.091
0.073
0.127
0.145
0.091
0.255
0.164
0.091
0.018
0.055
0.055
0.055
0.091
0.018
0.036
0.236
-0.018
0.000
0.073
0.018
-0.018
0.182
0.055
0.000
0.036
-0.055
0.200
0.055
0.109
0.036
0.073
0.182
0.073
0.145
0.073
0.091
0.036
0.091
-0.036
0.109
0.109
0.018
0.255
0.073
0.036
0.127
0.218
0.218
0.109
0.036
0.109
0.073
0.018
-0.055
0.055
0.145
-0.055
0.055
0.073
0.018
0.218
0.091
0.273
0.109
-0.018
0.182
0.182
0.145
0.145
0.018
0.091
0.182
0.127
0.218
-0.036
0.109
0.055
0.036
0.055
0.091
0.200
0.200
0.127
0.055
0.145
0.073
0.109
0.109
0.091
0.109
0.127
0.073
-0.073
0.091
0.000
0.000
0.091
0.091
0.164
0.109
0.127
0.091
0.145
0.073
0.055
0.036
0.036
-0.036
0.109
-0.036
0.073
0.091
0.127
0.073
0.073
0.036
0.218
0.182
0.073
0.036
0.182
0.109
0.073
0.091
0.182
0.055
0.164
0.055
0.000
-0.055
0.018
0.182
0.218
