0.160
0.120
0.020
0.120
0.060
0.080
0.020
0.040
0.020
0.080
0.120
0.060
0.120
-0.020
0.040
0.020
0.300
0.080
0.100
0.160
0.120
0.120
0.220
0.120
0.060
0.020
0.040
0.060
0.020
0.040
-0.020
0.020
0.280
0.000
-0.020
0.100
0.000
-0.040
0.120
0.060
-0.060
0.020
-0.040
0.160
0.040
0.100
0.020
0.080
0.160
0.060
0.080
0.020
0.060
0.000
0.040
-0.040
0.080
0.080
-0.020
0.240
0.040
0.000
0.100
0.200
0.180
0.100
0.020
0.100
0.060
0.020
-0.060
0.040
0.140
-0.060
0.020
0.020
0.020
0.180
0.080
0.260
0.120
-0.060
0.140
0.200
0.120
0.140
0.020
0.040
0.140
0.100
0.220
-0.080
0.080
0.040
0.000
0.020
0.080
0.160
0.160
0.100
0.060
0.120
0.080
0.120
0.100
0.080
0.100
0.100
0.100
-0.060
0.040
-0.020
0.000
0.120
0.040
0.180
0.080
0.080
0.080
0.160
0.020
0.060
0.040
0.040
-0.040
0.060
-0.040
0.100
0.120
0.120
0.040
0.060
0.040
0.200
0.160
0.000
0.020
0.140
0.100
0.040
0.060
0.180
0.060
0.120
0.040
0.000
-0.060
0.000
0.160
0.180
