-0.190
-0.202
-0.076
-0.172
-0.198
-0.136
-0.176
-0.154
-0.170
-0.168
-0.148
-0.164
-0.178
-0.150
-0.172
-0.174
-0.186
-0.140
-0.146
-0.092
-0.196
-0.128
-0.176
-0.198
-0.154
-0.178
-0.096
-0.126
-0.136
-0.094
-0.182
-0.182
-0.206
-0.110
-0.094
-0.156
-0.154
-0.196
-0.084
-0.180
-0.126
-0.146
-0.162
-0.096
-0.178
-0.172
-0.166
-0.168
-0.170
-0.092
-0.180
-0.196
-0.156
-0.138
-0.164
-0.172
-0.100
-0.204
-0.120
-0.098
-0.150
-0.106
-0.178
-0.196
-0.160
-0.186
-0.172
-0.128
-0.132
-0.124
-0.172
-0.174
-0.158
-0.178
-0.092
-0.134
-0.168
-0.148
-0.188
-0.194
-0.188
-0.178
-0.146
-0.170
-0.146
-0.120
-0.132
-0.046
-0.180
-0.152
-0.160
-0.172
-0.156
-0.148
-0.070
-0.144
-0.150
-0.162
-0.122
-0.174
-0.194
-0.206
-0.186
-0.138
-0.110
-0.140
-0.134
-0.100
-0.148
-0.194
-0.184
-0.162
-0.170
-0.168
-0.104
-0.118
-0.170
-0.224
-0.170
-0.130
-0.170
-0.160
-0.162
-0.220
-0.220
-0.186
-0.182
-0.222
-0.136
-0.150
-0.158
-0.182
-0.136
-0.214
-0.214
-0.150
-0.184
-0.132
-0.184
-0.202
-0.196
-0.138
-0.164
-0.188
-0.168
-0.182
-0.212
-0.192
-0.118
-0.200
