0.008
-0.048
-0.046
-0.024
-0.040
-0.052
-0.074
-0.006
-0.058
-0.056
-0.032
-0.064
-0.046
0.028
-0.032
-0.072
-0.042
-0.048
0.030
0.072
-0.028
-0.056
-0.018
-0.070
-0.072
-0.064
-0.068
0.002
-0.016
-0.042
0.042
-0.042
-0.084
0.038
-0.050
-0.042
-0.052
-0.022
-0.056
-0.072
0.044
-0.056
-0.072
-0.024
0.000
0.008
-0.046
-0.068
-0.052
-0.030
0.020
-0.004
-0.048
-0.060
-0.046
-0.064
-0.082
-0.098
-0.052
-0.062
-0.026
-0.026
-0.054
0.000
-0.088
0.020
-0.080
-0.040
0.000
-0.064
-0.046
-0.026
0.014
-0.034
-0.044
-0.080
-0.014
-0.042
-0.028
-0.074
-0.040
-0.044
0.022
-0.042
-0.064
-0.044
-0.052
-0.040
-0.068
-0.102
-0.050
-0.066
0.018
-0.064
0.016
-0.056
-0.068
0.056
-0.066
0.034
0.030
-0.020
-0.050
-0.064
-0.022
-0.046
-0.050
-0.012
-0.028
0.006
-0.064
-0.036
0.018
-0.078
0.016
0.034
0.026
-0.040
-0.084
-0.036
-0.060
-0.076
-0.040
-0.046
-0.068
-0.106
-0.044
-0.016
-0.066
-0.034
-0.078
-0.046
-0.056
-0.012
-0.068
-0.078
-0.114
-0.050
-0.076
-0.038
-0.054
-0.054
-0.118
-0.022
-0.040
-0.082
-0.064
-0.046
-0.044
-0.104
