0.009
-0.059
-0.045
-0.017
-0.033
-0.056
-0.051
0.013
-0.049
-0.035
-0.025
-0.065
-0.047
0.036
-0.037
-0.059
-0.055
-0.045
0.031
0.065
-0.032
-0.045
0.001
-0.039
-0.043
-0.064
-0.051
0.003
-0.019
-0.053
0.053
-0.031
-0.067
0.032
-0.036
-0.036
-0.036
-0.007
-0.068
-0.056
0.053
-0.045
-0.064
-0.028
0.025
0.012
-0.040
-0.067
-0.049
-0.049
0.012
0.011
-0.044
-0.055
-0.029
-0.056
-0.056
-0.075
-0.041
-0.065
-0.024
-0.016
-0.033
0.005
-0.072
0.007
-0.069
-0.028
-0.001
-0.035
-0.025
-0.016
0.013
-0.041
-0.041
-0.061
-0.035
-0.044
-0.045
-0.056
-0.024
-0.037
0.040
-0.035
-0.047
-0.036
-0.041
-0.060
-0.055
-0.088
-0.047
-0.044
0.037
-0.048
0.011
-0.051
-0.048
0.061
-0.036
0.032
0.025
-0.028
-0.056
-0.056
-0.024
-0.039
-0.049
-0.012
-0.024
0.029
-0.039
-0.044
0.021
-0.076
0.021
0.037
0.036
-0.055
-0.088
-0.016
-0.085
-0.079
-0.032
-0.033
-0.071
-0.120
-0.047
-0.049
-0.059
-0.041
-0.055
-0.060
-0.049
-0.008
-0.059
-0.061
-0.109
-0.024
-0.043
-0.036
-0.057
-0.044
-0.128
-0.016
-0.035
-0.061
-0.061
-0.059
-0.043
-0.104
