0.160
0.040
0.080
0.160
0.000
0.000
0.040
0.120
-0.040
0.080
0.160
0.120
0.240
-0.040
0.080
0.080
0.360
0.120
0.160
0.160
0.120
0.240
0.320
0.120
-0.040
0.120
0.040
0.040
-0.200
0.040
-0.040
0.000
0.360
-0.040
0.040
0.160
0.040
-0.120
0.240
0.040
-0.080
-0.040
0.040
0.120
0.040
0.280
-0.160
0.120
0.200
0.080
0.120
0.040
0.080
0.000
0.240
-0.080
0.200
0.160
-0.160
0.280
0.000
0.080
0.040
0.240
0.040
0.120
0.120
0.080
0.000
0.000
-0.080
0.080
0.080
-0.040
-0.040
0.040
0.040
0.120
0.120
0.320
0.240
-0.120
0.080
0.320
0.200
0.120
0.000
0.040
0.200
0.200
0.280
-0.040
0.120
0.160
0.040
0.080
0.040
0.080
0.080
0.120
0.040
0.200
0.040
0.200
0.240
0.080
0.120
0.040
0.080
0.000
0.080
0.080
-0.080
0.040
0.080
0.160
0.120
0.080
0.040
0.240
0.080
0.080
0.080
0.120
-0.080
0.080
-0.080
0.080
0.120
0.040
0.080
0.080
0.040
0.240
0.240
0.080
0.000
0.240
0.200
0.160
0.120
0.320
0.120
0.200
0.160
-0.080
-0.040
0.120
0.080
0.240
