0.030
-0.025
-0.028
-0.025
-0.040
-0.040
-0.040
0.028
-0.025
-0.032
-0.013
-0.036
-0.040
0.037
-0.031
-0.036
-0.031
-0.037
0.035
0.045
-0.024
-0.039
0.035
-0.024
-0.029
-0.031
-0.037
0.023
-0.024
-0.041
0.042
-0.027
-0.045
0.050
-0.027
-0.038
-0.030
0.035
-0.049
-0.028
0.050
-0.028
-0.032
-0.033
0.043
0.030
-0.028
-0.027
-0.043
-0.034
0.017
0.029
-0.033
-0.031
-0.039
-0.030
-0.040
-0.043
-0.028
-0.034
-0.020
-0.022
-0.040
0.027
-0.054
0.043
-0.053
-0.019
0.021
-0.026
-0.043
-0.026
0.029
-0.037
-0.030
-0.028
-0.033
-0.038
-0.031
-0.023
-0.017
-0.035
0.055
-0.027
-0.031
-0.032
-0.042
-0.047
-0.033
-0.047
-0.040
-0.046
0.033
-0.036
0.037
-0.041
-0.037
0.047
-0.024
0.046
0.041
-0.037
-0.038
-0.042
-0.030
-0.023
-0.028
0.027
-0.021
0.025
-0.022
-0.036
0.044
-0.038
0.044
0.029
0.031
-0.040
-0.041
0.025
-0.053
-0.047
-0.026
-0.026
-0.050
-0.108
-0.033
-0.044
-0.023
-0.038
-0.039
-0.040
-0.033
-0.017
-0.033
-0.052
-0.102
-0.031
-0.034
-0.029
-0.030
-0.043
-0.097
-0.027
-0.027
-0.043
-0.045
-0.033
-0.041
-0.089
