-0.173
-0.197
-0.082
-0.172
-0.180
-0.142
-0.165
-0.145
-0.160
-0.155
-0.150
-0.160
-0.183
-0.127
-0.165
-0.175
-0.180
-0.130
-0.127
-0.087
-0.182
-0.125
-0.177
-0.185
-0.145
-0.153
-0.083
-0.118
-0.137
-0.093
-0.163
-0.178
-0.207
-0.105
-0.082
-0.143
-0.167
-0.185
-0.085
-0.168
-0.115
-0.155
-0.162
-0.100
-0.168
-0.167
-0.150
-0.157
-0.172
-0.085
-0.157
-0.172
-0.143
-0.135
-0.158
-0.167
-0.112
-0.188
-0.125
-0.097
-0.135
-0.105
-0.177
-0.187
-0.153
-0.178
-0.160
-0.130
-0.115
-0.130
-0.170
-0.163
-0.155
-0.175
-0.085
-0.140
-0.183
-0.147
-0.178
-0.177
-0.187
-0.183
-0.128
-0.163
-0.138
-0.120
-0.132
-0.055
-0.163
-0.160
-0.163
-0.172
-0.145
-0.165
-0.068
-0.148
-0.142
-0.145
-0.115
-0.167
-0.178
-0.208
-0.178
-0.137
-0.102
-0.123
-0.143
-0.087
-0.140
-0.192
-0.177
-0.163
-0.173
-0.168
-0.090
-0.125
-0.150
-0.210
-0.152
-0.118
-0.167
-0.160
-0.140
-0.205
-0.215
-0.172
-0.165
-0.232
-0.130
-0.135
-0.153
-0.170
-0.140
-0.220
-0.195
-0.148
-0.182
-0.142
-0.180
-0.187
-0.200
-0.140
-0.163
-0.173
-0.153
-0.163
-0.197
-0.167
-0.128
-0.177
