0.030
-0.025
-0.030
-0.020
-0.038
-0.035
-0.039
0.030
-0.026
-0.023
-0.006
-0.037
-0.034
0.041
-0.031
-0.031
-0.034
-0.033
0.034
0.047
-0.022
-0.035
0.034
-0.019
-0.024
-0.033
-0.034
0.027
-0.018
-0.037
0.040
-0.020
-0.046
0.050
-0.027
-0.028
-0.026
0.040
-0.046
-0.025
0.053
-0.026
-0.030
-0.035
0.047
0.032
-0.024
-0.029
-0.042
-0.029
0.019
0.030
-0.026
-0.035
-0.037
-0.030
-0.040
-0.047
-0.029
-0.035
-0.015
-0.017
-0.035
0.024
-0.056
0.043
-0.051
-0.014
0.020
-0.022
-0.042
-0.021
0.032
-0.033
-0.030
-0.029
-0.030
-0.040
-0.019
-0.023
-0.012
-0.030
0.050
-0.021
-0.029
-0.030
-0.035
-0.043
-0.037
-0.049
-0.043
-0.046
0.032
-0.035
0.036
-0.043
-0.034
0.049
-0.027
0.050
0.042
-0.030
-0.040
-0.040
-0.028
-0.022
-0.028
0.028
-0.021
0.025
-0.023
-0.030
0.042
-0.041
0.042
0.031
0.034
-0.037
-0.040
0.027
-0.055
-0.051
-0.022
-0.027
-0.050
-0.109
-0.031
-0.042
-0.026
-0.035
-0.040
-0.039
-0.033
-0.013
-0.035
-0.047
-0.100
-0.033
-0.038
-0.029
-0.025
-0.045
-0.091
-0.024
-0.021
-0.037
-0.046
-0.029
-0.040
-0.088
