0.026
-0.027
-0.032
-0.026
-0.045
-0.036
-0.038
0.030
-0.026
-0.032
-0.018
-0.039
-0.042
0.039
-0.030
-0.040
-0.036
-0.036
0.032
0.043
-0.026
-0.042
0.032
-0.026
-0.034
-0.034
-0.036
0.025
-0.028
-0.040
0.036
-0.031
-0.048
0.047
-0.031
-0.036
-0.027
0.032
-0.051
-0.030
0.046
-0.029
-0.029
-0.037
0.043
0.029
-0.033
-0.030
-0.044
-0.037
0.019
0.024
-0.036
-0.029
-0.044
-0.032
-0.038
-0.044
-0.033
-0.036
-0.024
-0.026
-0.043
0.029
-0.059
0.039
-0.053
-0.023
0.019
-0.034
-0.046
-0.029
0.030
-0.036
-0.031
-0.030
-0.035
-0.042
-0.031
-0.029
-0.019
-0.037
0.054
-0.031
-0.033
-0.036
-0.043
-0.044
-0.036
-0.038
-0.038
-0.046
0.029
-0.035
0.035
-0.039
-0.038
0.045
-0.033
0.046
0.036
-0.038
-0.040
-0.044
-0.032
-0.027
-0.027
0.027
-0.026
0.019
-0.024
-0.036
0.042
-0.036
0.039
0.027
0.031
-0.044
-0.042
0.023
-0.053
-0.045
-0.030
-0.024
-0.048
-0.114
-0.033
-0.044
-0.024
-0.041
-0.034
-0.040
-0.035
-0.024
-0.032
-0.053
-0.101
-0.030
-0.036
-0.028
-0.028
-0.042
-0.103
-0.029
-0.029
-0.042
-0.045
-0.031
-0.040
-0.092
