0.016
-0.068
-0.056
-0.032
-0.036
-0.072
-0.088
0.008
-0.024
-0.052
-0.004
-0.056
-0.032
0.008
-0.032
-0.056
-0.080
-0.076
0.072
0.068
-0.020
-0.060
-0.044
-0.056
-0.076
-0.092
-0.080
0.000
-0.044
-0.044
0.064
-0.040
-0.108
0.044
-0.056
-0.028
-0.060
0.008
-0.056
-0.052
0.064
-0.024
-0.064
-0.028
0.008
-0.008
-0.036
-0.096
-0.032
-0.052
0.016
0.032
-0.028
-0.048
-0.044
-0.068
-0.108
-0.112
-0.028
-0.068
-0.020
-0.028
-0.028
-0.012
-0.092
0.048
-0.092
-0.052
0.000
-0.076
-0.016
-0.036
0.000
0.008
-0.052
-0.092
0.008
-0.032
-0.036
-0.088
0.012
-0.056
0.024
-0.020
-0.068
-0.056
-0.020
-0.064
-0.084
-0.096
-0.068
-0.080
0.048
-0.016
0.024
-0.040
-0.068
0.032
-0.028
0.012
-0.004
-0.008
-0.040
-0.052
-0.008
-0.016
0.016
0.028
-0.020
-0.052
-0.060
-0.032
0.016
-0.088
0.016
0.044
-0.024
-0.044
-0.056
-0.052
-0.028
-0.020
-0.032
-0.020
-0.060
-0.108
-0.052
-0.016
-0.076
-0.044
-0.072
-0.036
-0.080
0.024
-0.060
-0.072
-0.132
-0.076
-0.088
-0.044
-0.036
-0.064
-0.112
-0.012
-0.052
-0.064
-0.096
-0.012
-0.004
-0.120
