0.018
-0.049
-0.046
-0.026
-0.037
-0.053
-0.041
0.007
-0.038
-0.034
-0.016
-0.070
-0.046
0.036
-0.034
-0.055
-0.037
-0.050
0.019
0.054
-0.031
-0.047
0.018
-0.040
-0.043
-0.049
-0.039
0.012
-0.018
-0.043
0.045
-0.028
-0.067
0.035
-0.016
-0.034
-0.021
0.010
-0.054
-0.050
0.061
-0.033
-0.064
-0.044
0.040
0.016
-0.036
-0.044
-0.054
-0.026
-0.002
0.013
-0.031
-0.046
-0.023
-0.052
-0.046
-0.069
-0.037
-0.055
-0.017
-0.016
-0.028
0.015
-0.072
0.019
-0.059
-0.016
0.004
-0.020
-0.043
-0.023
0.021
-0.054
-0.045
-0.046
-0.021
-0.044
-0.044
-0.033
-0.017
-0.040
0.046
-0.031
-0.026
-0.031
-0.037
-0.064
-0.053
-0.072
-0.035
-0.054
0.033
-0.049
0.032
-0.067
-0.054
0.049
-0.030
0.044
0.025
-0.032
-0.041
-0.051
-0.036
-0.032
-0.028
0.003
-0.026
0.017
-0.030
-0.039
0.027
-0.067
0.025
0.044
0.046
-0.048
-0.081
0.002
-0.074
-0.070
-0.031
-0.022
-0.068
-0.119
-0.045
-0.045
-0.054
-0.044
-0.066
-0.045
-0.027
-0.007
-0.048
-0.053
-0.103
-0.020
-0.042
-0.036
-0.040
-0.045
-0.122
-0.023
-0.035
-0.059
-0.062
-0.053
-0.047
-0.093
