0.022
-0.036
-0.043
-0.029
-0.041
-0.053
-0.048
0.028
-0.034
-0.035
-0.014
-0.051
-0.048
0.027
-0.033
-0.039
-0.041
-0.044
0.024
0.049
-0.033
-0.044
0.024
-0.029
-0.041
-0.041
-0.047
0.010
-0.016
-0.035
0.026
-0.019
-0.067
0.043
-0.022
-0.038
-0.041
0.026
-0.054
-0.033
0.048
-0.033
-0.051
-0.049
0.040
0.016
-0.036
-0.042
-0.053
-0.040
0.011
0.024
-0.027
-0.041
-0.034
-0.041
-0.049
-0.061
-0.043
-0.041
-0.026
-0.026
-0.037
0.016
-0.074
0.028
-0.066
-0.021
0.018
-0.030
-0.051
-0.036
0.014
-0.041
-0.044
-0.033
-0.035
-0.051
-0.028
-0.035
-0.019
-0.036
0.039
-0.024
-0.033
-0.050
-0.047
-0.054
-0.044
-0.061
-0.049
-0.056
0.022
-0.052
0.029
-0.058
-0.054
0.047
-0.039
0.034
0.033
-0.034
-0.053
-0.062
-0.044
-0.026
-0.037
0.014
-0.032
0.021
-0.036
-0.029
0.028
-0.058
0.028
0.024
0.037
-0.052
-0.059
0.014
-0.059
-0.062
-0.031
-0.031
-0.062
-0.124
-0.039
-0.052
-0.035
-0.036
-0.059
-0.051
-0.029
-0.014
-0.054
-0.048
-0.110
-0.044
-0.043
-0.030
-0.040
-0.050
-0.101
-0.025
-0.026
-0.035
-0.059
-0.044
-0.044
-0.093
