0.021
-0.029
-0.037
-0.022
-0.047
-0.046
-0.044
0.026
-0.037
-0.028
-0.016
-0.046
-0.042
0.034
-0.037
-0.038
-0.037
-0.038
0.026
0.046
-0.037
-0.047
0.029
-0.024
-0.038
-0.044
-0.046
0.015
-0.022
-0.038
0.030
-0.022
-0.055
0.040
-0.023
-0.029
-0.035
0.027
-0.055
-0.031
0.048
-0.029
-0.048
-0.040
0.049
0.019
-0.025
-0.038
-0.052
-0.035
0.012
0.026
-0.021
-0.043
-0.036
-0.037
-0.050
-0.061
-0.034
-0.038
-0.022
-0.019
-0.036
0.017
-0.069
0.035
-0.066
-0.019
0.016
-0.033
-0.042
-0.029
0.022
-0.042
-0.033
-0.034
-0.033
-0.046
-0.022
-0.031
-0.014
-0.036
0.050
-0.024
-0.033
-0.041
-0.044
-0.054
-0.041
-0.058
-0.047
-0.056
0.026
-0.042
0.036
-0.049
-0.044
0.050
-0.029
0.041
0.037
-0.036
-0.051
-0.048
-0.036
-0.027
-0.032
0.017
-0.024
0.020
-0.036
-0.031
0.037
-0.055
0.034
0.025
0.031
-0.048
-0.054
0.014
-0.054
-0.057
-0.027
-0.027
-0.054
-0.119
-0.042
-0.048
-0.031
-0.043
-0.049
-0.046
-0.037
-0.014
-0.043
-0.051
-0.104
-0.038
-0.043
-0.031
-0.037
-0.054
-0.097
-0.028
-0.028
-0.035
-0.058
-0.040
-0.047
-0.091
