0.084
0.074
0.063
0.053
0.042
0.053
0.042
-0.021
0.053
0.137
0.137
0.074
0.074
0.000
-0.011
0.032
0.147
0.021
0.021
0.063
0.126
0.021
0.084
0.095
0.053
0.021
0.011
-0.011
0.032
-0.032
-0.084
0.063
0.137
0.021
-0.011
0.042
0.000
-0.074
0.116
0.021
-0.021
0.053
-0.063
0.095
0.021
0.053
0.000
-0.011
0.042
0.000
0.053
0.053
0.063
0.032
0.095
0.011
0.032
0.011
0.000
0.211
-0.011
0.063
0.074
0.063
0.200
0.095
-0.032
0.074
-0.032
0.011
0.011
0.000
0.053
-0.053
0.011
0.011
0.000
0.126
-0.011
0.179
0.126
-0.032
0.063
0.105
0.168
0.074
-0.011
0.021
0.095
0.126
0.116
-0.053
0.074
0.000
0.032
0.021
0.063
0.116
0.211
0.126
0.011
0.116
0.042
0.116
-0.021
0.074
0.063
0.011
0.074
-0.095
0.084
0.063
-0.011
0.021
0.011
0.147
0.042
0.042
0.042
0.158
0.053
0.011
0.011
-0.074
0.011
0.063
0.000
0.021
0.137
0.042
0.011
0.011
0.042
0.105
0.084
0.000
0.011
0.063
0.000
-0.032
-0.032
0.095
0.032
0.158
0.042
0.011
-0.011
-0.032
0.074
0.158
