-0.154
-0.194
-0.083
-0.169
-0.186
-0.137
-0.174
-0.141
-0.153
-0.156
-0.140
-0.160
-0.169
-0.117
-0.159
-0.171
-0.173
-0.143
-0.127
-0.089
-0.174
-0.109
-0.169
-0.163
-0.144
-0.153
-0.081
-0.123
-0.140
-0.094
-0.154
-0.171
-0.193
-0.091
-0.086
-0.141
-0.170
-0.180
-0.086
-0.170
-0.116
-0.146
-0.156
-0.091
-0.161
-0.163
-0.144
-0.161
-0.163
-0.091
-0.149
-0.177
-0.139
-0.129
-0.151
-0.164
-0.124
-0.180
-0.120
-0.096
-0.130
-0.100
-0.177
-0.187
-0.157
-0.164
-0.151
-0.139
-0.096
-0.121
-0.171
-0.163
-0.147
-0.170
-0.087
-0.140
-0.177
-0.140
-0.159
-0.164
-0.179
-0.183
-0.124
-0.157
-0.137
-0.113
-0.126
-0.061
-0.157
-0.161
-0.170
-0.153
-0.141
-0.184
-0.069
-0.131
-0.136
-0.140
-0.107
-0.170
-0.170
-0.196
-0.179
-0.143
-0.080
-0.113
-0.139
-0.093
-0.161
-0.170
-0.166
-0.153
-0.150
-0.174
-0.081
-0.134
-0.149
-0.206
-0.156
-0.110
-0.173
-0.156
-0.144
-0.199
-0.216
-0.170
-0.174
-0.231
-0.129
-0.131
-0.147
-0.167
-0.141
-0.224
-0.189
-0.140
-0.181
-0.134
-0.189
-0.176
-0.190
-0.139
-0.157
-0.179
-0.150
-0.153
-0.190
-0.174
-0.123
-0.176
