-0.169
-0.191
-0.091
-0.164
-0.187
-0.138
-0.166
-0.152
-0.153
-0.161
-0.151
-0.166
-0.171
-0.116
-0.164
-0.176
-0.155
-0.138
-0.142
-0.093
-0.186
-0.100
-0.172
-0.167
-0.139
-0.154
-0.100
-0.114
-0.147
-0.091
-0.164
-0.167
-0.195
-0.098
-0.106
-0.146
-0.155
-0.162
-0.078
-0.172
-0.111
-0.155
-0.161
-0.096
-0.162
-0.171
-0.147
-0.182
-0.171
-0.084
-0.151
-0.169
-0.147
-0.142
-0.147
-0.172
-0.125
-0.178
-0.116
-0.109
-0.138
-0.108
-0.164
-0.191
-0.155
-0.168
-0.151
-0.144
-0.109
-0.119
-0.167
-0.167
-0.149
-0.168
-0.096
-0.142
-0.178
-0.147
-0.145
-0.167
-0.187
-0.184
-0.138
-0.171
-0.145
-0.108
-0.142
-0.075
-0.153
-0.159
-0.167
-0.151
-0.140
-0.181
-0.082
-0.148
-0.139
-0.138
-0.112
-0.176
-0.176
-0.188
-0.176
-0.161
-0.085
-0.125
-0.138
-0.098
-0.167
-0.169
-0.162
-0.151
-0.146
-0.182
-0.089
-0.142
-0.174
-0.195
-0.167
-0.118
-0.193
-0.161
-0.152
-0.201
-0.225
-0.162
-0.181
-0.242
-0.142
-0.152
-0.152
-0.171
-0.156
-0.235
-0.195
-0.153
-0.196
-0.135
-0.180
-0.184
-0.199
-0.135
-0.152
-0.182
-0.165
-0.161
-0.202
-0.172
-0.129
-0.178
