0.024
-0.044
-0.044
-0.030
-0.037
-0.049
-0.045
0.022
-0.037
-0.032
-0.013
-0.064
-0.041
0.031
-0.026
-0.044
-0.040
-0.045
0.021
0.054
-0.036
-0.045
0.025
-0.037
-0.044
-0.047
-0.043
0.006
-0.018
-0.046
0.031
-0.024
-0.067
0.047
-0.017
-0.045
-0.031
0.021
-0.050
-0.036
0.056
-0.035
-0.052
-0.043
0.038
0.013
-0.028
-0.036
-0.046
-0.037
0.012
0.016
-0.027
-0.042
-0.029
-0.048
-0.044
-0.062
-0.039
-0.048
-0.019
-0.027
-0.038
0.019
-0.074
0.024
-0.067
-0.019
0.016
-0.036
-0.052
-0.036
0.021
-0.044
-0.033
-0.027
-0.031
-0.047
-0.034
-0.029
-0.025
-0.042
0.036
-0.031
-0.030
-0.044
-0.039
-0.059
-0.044
-0.058
-0.039
-0.054
0.028
-0.053
0.028
-0.064
-0.052
0.053
-0.033
0.037
0.027
-0.030
-0.050
-0.062
-0.036
-0.024
-0.030
0.019
-0.025
0.027
-0.027
-0.039
0.030
-0.055
0.028
0.036
0.034
-0.056
-0.069
0.010
-0.059
-0.062
-0.030
-0.018
-0.053
-0.119
-0.041
-0.047
-0.041
-0.039
-0.055
-0.053
-0.025
-0.007
-0.046
-0.047
-0.106
-0.042
-0.047
-0.031
-0.035
-0.051
-0.110
-0.018
-0.029
-0.039
-0.061
-0.043
-0.041
-0.090
