0.028
-0.027
-0.033
-0.024
-0.043
-0.040
-0.040
0.028
-0.023
-0.034
-0.017
-0.037
-0.041
0.038
-0.031
-0.039
-0.033
-0.037
0.033
0.043
-0.029
-0.041
0.035
-0.027
-0.032
-0.030
-0.038
0.023
-0.025
-0.038
0.036
-0.029
-0.050
0.048
-0.030
-0.039
-0.028
0.033
-0.051
-0.029
0.048
-0.030
-0.030
-0.034
0.043
0.030
-0.031
-0.030
-0.044
-0.037
0.019
0.025
-0.034
-0.030
-0.043
-0.030
-0.043
-0.044
-0.030
-0.035
-0.021
-0.024
-0.043
0.026
-0.057
0.041
-0.051
-0.021
0.020
-0.029
-0.045
-0.028
0.030
-0.036
-0.030
-0.030
-0.035
-0.042
-0.030
-0.028
-0.018
-0.036
0.054
-0.029
-0.029
-0.034
-0.045
-0.046
-0.036
-0.044
-0.038
-0.046
0.030
-0.037
0.036
-0.041
-0.037
0.046
-0.031
0.044
0.039
-0.038
-0.042
-0.045
-0.034
-0.025
-0.026
0.028
-0.025
0.021
-0.026
-0.038
0.045
-0.038
0.042
0.026
0.031
-0.044
-0.042
0.023
-0.053
-0.045
-0.030
-0.028
-0.050
-0.111
-0.034
-0.045
-0.027
-0.040
-0.039
-0.042
-0.037
-0.022
-0.030
-0.052
-0.100
-0.031
-0.034
-0.028
-0.031
-0.043
-0.101
-0.027
-0.031
-0.043
-0.045
-0.031
-0.041
-0.091
