0.011
-0.055
-0.044
-0.024
-0.031
-0.060
-0.051
0.014
-0.049
-0.035
-0.024
-0.065
-0.050
0.040
-0.039
-0.054
-0.058
-0.049
0.024
0.059
-0.031
-0.048
-0.007
-0.043
-0.041
-0.058
-0.052
0.000
-0.020
-0.049
0.045
-0.029
-0.071
0.033
-0.034
-0.035
-0.035
-0.005
-0.064
-0.059
0.054
-0.052
-0.064
-0.030
0.025
0.010
-0.046
-0.060
-0.058
-0.036
0.007
0.014
-0.036
-0.062
-0.031
-0.054
-0.046
-0.080
-0.046
-0.066
-0.024
-0.020
-0.035
0.004
-0.076
-0.004
-0.074
-0.033
0.001
-0.036
-0.030
-0.022
0.018
-0.046
-0.046
-0.059
-0.026
-0.051
-0.050
-0.044
-0.029
-0.045
0.043
-0.035
-0.044
-0.034
-0.044
-0.061
-0.059
-0.091
-0.050
-0.046
0.031
-0.052
0.014
-0.064
-0.052
0.056
-0.033
0.033
0.016
-0.028
-0.061
-0.065
-0.029
-0.044
-0.049
-0.005
-0.022
0.026
-0.035
-0.048
0.015
-0.084
0.016
0.037
0.037
-0.052
-0.090
-0.014
-0.080
-0.085
-0.037
-0.031
-0.071
-0.125
-0.051
-0.040
-0.055
-0.046
-0.062
-0.052
-0.048
-0.011
-0.065
-0.060
-0.114
-0.029
-0.049
-0.046
-0.060
-0.039
-0.128
-0.019
-0.036
-0.065
-0.064
-0.056
-0.045
-0.103
