0.033
-0.040
-0.020
-0.053
0.013
-0.040
-0.047
0.040
-0.027
-0.053
0.040
-0.053
0.033
0.000
-0.007
-0.020
-0.047
-0.067
0.120
0.093
0.020
-0.053
-0.013
-0.013
-0.067
-0.100
-0.073
0.020
-0.013
-0.013
0.067
-0.047
-0.073
0.140
-0.020
0.007
-0.053
0.020
-0.007
-0.033
0.107
0.007
-0.033
0.067
0.073
0.027
-0.027
-0.033
-0.027
-0.040
0.053
0.080
0.020
-0.013
-0.007
0.007
-0.053
-0.053
-0.020
0.000
0.013
-0.020
-0.013
0.053
-0.100
0.100
-0.047
-0.013
0.013
0.007
0.020
0.033
0.080
0.013
-0.020
-0.067
0.027
0.027
-0.020
-0.073
0.053
-0.027
0.100
0.000
-0.027
-0.033
-0.007
-0.053
0.007
-0.033
-0.013
-0.013
0.087
0.000
0.060
0.013
-0.047
0.067
-0.020
-0.013
0.060
0.040
-0.053
-0.013
0.033
0.013
0.067
0.033
0.013
-0.020
-0.007
-0.007
0.060
-0.073
0.093
0.113
-0.013
0.020
-0.013
0.027
-0.007
0.033
-0.027
0.007
-0.007
-0.067
-0.040
0.007
-0.040
-0.013
0.007
-0.013
0.000
0.060
-0.013
-0.040
-0.067
0.007
-0.087
0.000
-0.007
-0.040
-0.047
0.047
-0.047
-0.067
-0.040
0.060
0.060
-0.080
