-0.166
-0.191
-0.099
-0.162
-0.191
-0.142
-0.164
-0.151
-0.153
-0.157
-0.154
-0.157
-0.167
-0.114
-0.162
-0.182
-0.156
-0.131
-0.140
-0.088
-0.189
-0.099
-0.174
-0.168
-0.142
-0.153
-0.103
-0.120
-0.149
-0.083
-0.157
-0.167
-0.186
-0.093
-0.114
-0.146
-0.156
-0.162
-0.082
-0.176
-0.108
-0.159
-0.164
-0.103
-0.163
-0.170
-0.152
-0.180
-0.173
-0.087
-0.150
-0.171
-0.142
-0.143
-0.140
-0.176
-0.123
-0.180
-0.114
-0.107
-0.141
-0.104
-0.160
-0.189
-0.151
-0.169
-0.157
-0.136
-0.109
-0.118
-0.171
-0.166
-0.152
-0.164
-0.099
-0.144
-0.180
-0.143
-0.149
-0.171
-0.187
-0.183
-0.141
-0.170
-0.144
-0.108
-0.149
-0.073
-0.152
-0.151
-0.171
-0.144
-0.137
-0.180
-0.088
-0.154
-0.138
-0.144
-0.108
-0.177
-0.174
-0.181
-0.174
-0.161
-0.084
-0.128
-0.133
-0.096
-0.166
-0.166
-0.159
-0.151
-0.143
-0.190
-0.087
-0.141
-0.170
-0.190
-0.164
-0.122
-0.196
-0.163
-0.150
-0.198
-0.221
-0.154
-0.177
-0.252
-0.141
-0.153
-0.149
-0.168
-0.162
-0.233
-0.194
-0.149
-0.194
-0.136
-0.179
-0.183
-0.197
-0.137
-0.153
-0.181
-0.168
-0.159
-0.199
-0.169
-0.131
-0.170
