0.022
-0.047
-0.050
-0.032
-0.041
-0.056
-0.048
0.015
-0.035
-0.034
-0.017
-0.073
-0.047
0.040
-0.025
-0.045
-0.037
-0.045
0.020
0.057
-0.039
-0.050
0.029
-0.038
-0.043
-0.054
-0.043
0.003
-0.023
-0.038
0.031
-0.029
-0.072
0.033
-0.015
-0.039
-0.018
0.005
-0.060
-0.043
0.058
-0.036
-0.061
-0.045
0.035
0.015
-0.033
-0.045
-0.052
-0.028
0.000
0.004
-0.028
-0.048
-0.017
-0.047
-0.046
-0.074
-0.035
-0.050
-0.021
-0.029
-0.036
0.025
-0.071
0.016
-0.066
-0.017
0.025
-0.024
-0.045
-0.027
0.017
-0.050
-0.045
-0.033
-0.023
-0.047
-0.028
-0.028
-0.029
-0.045
0.040
-0.030
-0.030
-0.043
-0.035
-0.060
-0.052
-0.063
-0.043
-0.055
0.029
-0.055
0.031
-0.063
-0.057
0.054
-0.037
0.037
0.030
-0.031
-0.048
-0.049
-0.036
-0.028
-0.032
0.009
-0.025
0.021
-0.035
-0.040
0.030
-0.066
0.033
0.035
0.037
-0.053
-0.074
0.002
-0.072
-0.065
-0.023
-0.016
-0.057
-0.123
-0.048
-0.047
-0.052
-0.043
-0.061
-0.049
-0.022
-0.008
-0.041
-0.050
-0.102
-0.028
-0.049
-0.030
-0.030
-0.047
-0.118
-0.019
-0.030
-0.047
-0.060
-0.049
-0.038
-0.085
