-0.002
-0.057
-0.057
-0.014
-0.040
-0.057
-0.055
0.008
-0.054
-0.048
-0.031
-0.072
-0.051
0.020
-0.042
-0.068
-0.043
-0.052
0.029
0.060
-0.040
-0.054
-0.009
-0.057
-0.054
-0.060
-0.054
0.002
-0.015
-0.052
0.042
-0.038
-0.074
0.037
-0.034
-0.035
-0.042
-0.015
-0.066
-0.066
0.058
-0.051
-0.074
-0.037
0.011
0.006
-0.042
-0.068
-0.055
-0.049
0.008
-0.005
-0.052
-0.058
-0.038
-0.062
-0.066
-0.082
-0.051
-0.077
-0.028
-0.025
-0.040
0.000
-0.075
0.014
-0.082
-0.035
-0.008
-0.052
-0.035
-0.011
0.018
-0.048
-0.045
-0.080
-0.032
-0.049
-0.045
-0.069
-0.038
-0.043
0.032
-0.042
-0.062
-0.035
-0.051
-0.068
-0.065
-0.085
-0.057
-0.065
0.026
-0.065
0.012
-0.063
-0.045
0.060
-0.052
0.037
0.020
-0.038
-0.057
-0.058
-0.029
-0.035
-0.054
-0.018
-0.037
0.020
-0.055
-0.051
0.020
-0.085
0.009
0.032
0.031
-0.065
-0.092
-0.035
-0.092
-0.082
-0.034
-0.043
-0.077
-0.115
-0.046
-0.045
-0.071
-0.048
-0.062
-0.058
-0.062
-0.017
-0.060
-0.075
-0.117
-0.040
-0.055
-0.035
-0.062
-0.042
-0.132
-0.017
-0.042
-0.086
-0.065
-0.052
-0.054
-0.103
