0.024
-0.049
-0.048
-0.028
-0.039
-0.055
-0.046
0.015
-0.034
-0.035
-0.018
-0.071
-0.048
0.043
-0.028
-0.042
-0.038
-0.048
0.023
0.058
-0.038
-0.050
0.026
-0.036
-0.047
-0.053
-0.040
0.006
-0.020
-0.040
0.033
-0.028
-0.069
0.038
-0.017
-0.043
-0.025
0.008
-0.058
-0.042
0.060
-0.029
-0.058
-0.046
0.034
0.012
-0.032
-0.042
-0.051
-0.032
0.003
0.004
-0.026
-0.048
-0.017
-0.048
-0.044
-0.072
-0.035
-0.047
-0.018
-0.027
-0.037
0.025
-0.067
0.018
-0.062
-0.017
0.023
-0.026
-0.044
-0.027
0.017
-0.049
-0.040
-0.030
-0.024
-0.045
-0.034
-0.025
-0.028
-0.046
0.041
-0.033
-0.029
-0.045
-0.034
-0.061
-0.050
-0.068
-0.040
-0.058
0.031
-0.057
0.030
-0.060
-0.053
0.053
-0.037
0.044
0.028
-0.028
-0.050
-0.053
-0.039
-0.026
-0.033
0.016
-0.026
0.023
-0.036
-0.039
0.029
-0.068
0.033
0.038
0.033
-0.048
-0.075
-0.001
-0.071
-0.068
-0.025
-0.017
-0.058
-0.124
-0.049
-0.044
-0.048
-0.040
-0.058
-0.053
-0.019
-0.006
-0.043
-0.049
-0.100
-0.033
-0.048
-0.033
-0.031
-0.043
-0.113
-0.019
-0.029
-0.043
-0.057
-0.047
-0.038
-0.087
