0.025
-0.028
-0.036
-0.025
-0.048
-0.041
-0.039
0.028
-0.036
-0.030
-0.011
-0.045
-0.041
0.038
-0.037
-0.034
-0.043
-0.036
0.027
0.045
-0.031
-0.044
0.028
-0.023
-0.033
-0.039
-0.042
0.014
-0.023
-0.040
0.033
-0.022
-0.051
0.046
-0.026
-0.032
-0.032
0.034
-0.057
-0.029
0.047
-0.027
-0.044
-0.041
0.045
0.022
-0.029
-0.034
-0.052
-0.034
0.012
0.026
-0.025
-0.043
-0.037
-0.035
-0.046
-0.052
-0.031
-0.043
-0.023
-0.022
-0.035
0.018
-0.064
0.036
-0.058
-0.021
0.019
-0.033
-0.043
-0.026
0.024
-0.038
-0.034
-0.034
-0.031
-0.045
-0.024
-0.026
-0.015
-0.035
0.046
-0.025
-0.032
-0.039
-0.040
-0.051
-0.039
-0.055
-0.047
-0.055
0.026
-0.044
0.035
-0.048
-0.038
0.054
-0.027
0.041
0.038
-0.041
-0.047
-0.045
-0.035
-0.026
-0.034
0.021
-0.019
0.022
-0.028
-0.034
0.036
-0.051
0.037
0.024
0.030
-0.043
-0.052
0.017
-0.059
-0.056
-0.025
-0.030
-0.058
-0.117
-0.038
-0.046
-0.029
-0.044
-0.045
-0.046
-0.038
-0.015
-0.041
-0.052
-0.102
-0.040
-0.045
-0.033
-0.033
-0.055
-0.096
-0.031
-0.029
-0.033
-0.053
-0.041
-0.046
-0.091
