0.018
-0.045
-0.048
-0.031
-0.041
-0.057
-0.048
0.009
-0.039
-0.034
-0.015
-0.075
-0.047
0.039
-0.028
-0.052
-0.035
-0.047
0.023
0.056
-0.037
-0.050
0.025
-0.039
-0.042
-0.050
-0.043
0.006
-0.022
-0.037
0.035
-0.025
-0.069
0.033
-0.010
-0.035
-0.025
0.005
-0.062
-0.045
0.060
-0.033
-0.065
-0.046
0.033
0.019
-0.036
-0.044
-0.053
-0.025
-0.001
0.008
-0.032
-0.045
-0.016
-0.050
-0.047
-0.071
-0.033
-0.055
-0.019
-0.026
-0.033
0.020
-0.074
0.016
-0.065
-0.015
0.021
-0.024
-0.039
-0.024
0.020
-0.050
-0.043
-0.036
-0.025
-0.051
-0.035
-0.028
-0.025
-0.046
0.044
-0.032
-0.026
-0.035
-0.029
-0.064
-0.049
-0.061
-0.038
-0.053
0.031
-0.054
0.028
-0.063
-0.055
0.048
-0.034
0.042
0.028
-0.035
-0.049
-0.053
-0.039
-0.029
-0.031
0.007
-0.022
0.016
-0.032
-0.044
0.029
-0.066
0.031
0.040
0.041
-0.052
-0.075
-0.002
-0.066
-0.068
-0.030
-0.021
-0.058
-0.120
-0.045
-0.041
-0.055
-0.044
-0.066
-0.046
-0.024
-0.004
-0.038
-0.055
-0.105
-0.024
-0.051
-0.030
-0.035
-0.048
-0.116
-0.022
-0.031
-0.054
-0.058
-0.046
-0.038
-0.085
