0.017
-0.036
-0.044
-0.027
-0.048
-0.053
-0.049
0.026
-0.038
-0.034
-0.017
-0.050
-0.046
0.029
-0.036
-0.040
-0.038
-0.045
0.023
0.045
-0.037
-0.050
0.022
-0.029
-0.039
-0.039
-0.046
0.011
-0.023
-0.036
0.028
-0.022
-0.064
0.038
-0.026
-0.035
-0.037
0.027
-0.057
-0.035
0.048
-0.031
-0.051
-0.045
0.045
0.015
-0.035
-0.041
-0.054
-0.039
0.007
0.026
-0.025
-0.045
-0.036
-0.043
-0.053
-0.059
-0.040
-0.042
-0.030
-0.023
-0.037
0.013
-0.075
0.031
-0.072
-0.025
0.018
-0.039
-0.046
-0.033
0.016
-0.047
-0.032
-0.036
-0.036
-0.049
-0.031
-0.036
-0.019
-0.036
0.042
-0.025
-0.034
-0.048
-0.051
-0.055
-0.044
-0.062
-0.053
-0.055
0.024
-0.049
0.026
-0.055
-0.053
0.047
-0.038
0.036
0.032
-0.037
-0.055
-0.058
-0.039
-0.032
-0.038
0.013
-0.029
0.017
-0.042
-0.035
0.031
-0.059
0.028
0.020
0.032
-0.055
-0.057
0.011
-0.058
-0.062
-0.033
-0.032
-0.059
-0.123
-0.042
-0.049
-0.031
-0.042
-0.058
-0.049
-0.035
-0.018
-0.049
-0.055
-0.110
-0.042
-0.042
-0.034
-0.036
-0.056
-0.100
-0.029
-0.026
-0.036
-0.062
-0.042
-0.051
-0.091
