0.006
-0.054
-0.054
-0.019
-0.037
-0.061
-0.059
0.014
-0.047
-0.039
-0.033
-0.071
-0.046
0.031
-0.039
-0.063
-0.047
-0.054
0.026
0.060
-0.043
-0.054
-0.006
-0.046
-0.049
-0.063
-0.053
0.003
-0.019
-0.054
0.044
-0.030
-0.067
0.036
-0.036
-0.037
-0.037
-0.013
-0.067
-0.063
0.051
-0.041
-0.073
-0.030
0.017
0.006
-0.039
-0.071
-0.053
-0.049
0.010
0.010
-0.053
-0.059
-0.033
-0.056
-0.057
-0.076
-0.043
-0.076
-0.029
-0.020
-0.036
0.003
-0.073
0.001
-0.071
-0.031
-0.004
-0.047
-0.033
-0.006
0.019
-0.046
-0.043
-0.069
-0.039
-0.043
-0.049
-0.069
-0.030
-0.041
0.039
-0.039
-0.060
-0.041
-0.043
-0.066
-0.057
-0.089
-0.059
-0.053
0.030
-0.060
0.009
-0.057
-0.050
0.059
-0.046
0.034
0.023
-0.033
-0.059
-0.057
-0.027
-0.041
-0.057
-0.016
-0.031
0.019
-0.044
-0.047
0.017
-0.083
0.010
0.031
0.031
-0.061
-0.090
-0.027
-0.089
-0.080
-0.031
-0.034
-0.073
-0.113
-0.044
-0.049
-0.064
-0.044
-0.061
-0.060
-0.056
-0.016
-0.064
-0.067
-0.113
-0.033
-0.047
-0.034
-0.059
-0.039
-0.133
-0.014
-0.036
-0.080
-0.070
-0.056
-0.050
-0.100
