0.156
0.111
-0.022
0.156
0.044
0.022
0.022
0.067
0.022
0.044
0.133
0.044
0.133
-0.022
0.067
0.044
0.289
0.044
0.089
0.156
0.089
0.156
0.244
0.089
0.022
0.022
0.044
0.044
0.022
0.022
-0.044
0.022
0.311
-0.022
-0.044
0.067
-0.044
-0.067
0.156
0.067
-0.067
0.000
-0.022
0.111
0.022
0.111
0.000
0.089
0.178
0.022
0.044
0.022
0.067
-0.022
0.044
-0.022
0.111
0.111
0.000
0.222
0.022
0.044
0.089
0.222
0.156
0.133
0.067
0.111
0.022
0.022
-0.067
0.067
0.133
-0.044
0.022
0.000
0.000
0.156
0.067
0.222
0.156
-0.067
0.178
0.200
0.133
0.156
-0.022
0.067
0.111
0.089
0.244
-0.111
0.089
0.067
0.022
0.044
0.067
0.111
0.178
0.067
0.111
0.111
0.111
0.111
0.089
0.111
0.044
0.089
0.067
-0.067
0.067
-0.022
-0.044
0.089
0.044
0.156
0.089
0.044
0.111
0.156
0.022
0.044
0.000
0.044
-0.067
0.067
-0.044
0.111
0.156
0.089
0.089
0.089
0.067
0.222
0.156
-0.022
0.022
0.178
0.111
0.067
0.067
0.178
0.067
0.111
0.067
-0.022
-0.067
0.022
0.133
0.178
