0.008
-0.057
-0.049
-0.027
-0.032
-0.063
-0.047
0.008
-0.043
-0.036
-0.024
-0.071
-0.053
0.038
-0.033
-0.050
-0.051
-0.049
0.020
0.051
-0.034
-0.047
-0.001
-0.044
-0.042
-0.061
-0.049
0.000
-0.022
-0.047
0.041
-0.032
-0.073
0.026
-0.022
-0.037
-0.026
0.004
-0.063
-0.052
0.056
-0.046
-0.060
-0.042
0.034
0.018
-0.046
-0.052
-0.057
-0.038
-0.004
0.010
-0.034
-0.053
-0.027
-0.049
-0.047
-0.070
-0.046
-0.052
-0.014
-0.018
-0.032
0.001
-0.069
0.016
-0.071
-0.018
0.000
-0.024
-0.042
-0.023
0.017
-0.050
-0.044
-0.056
-0.027
-0.052
-0.054
-0.043
-0.021
-0.046
0.044
-0.037
-0.030
-0.034
-0.039
-0.066
-0.062
-0.087
-0.049
-0.057
0.026
-0.054
0.021
-0.068
-0.052
0.041
-0.037
0.031
0.019
-0.030
-0.048
-0.062
-0.028
-0.039
-0.041
-0.001
-0.022
0.020
-0.033
-0.049
0.029
-0.077
0.020
0.037
0.047
-0.056
-0.083
-0.014
-0.079
-0.074
-0.036
-0.031
-0.071
-0.124
-0.048
-0.039
-0.064
-0.052
-0.071
-0.050
-0.044
-0.009
-0.050
-0.062
-0.102
-0.026
-0.048
-0.036
-0.051
-0.049
-0.130
-0.018
-0.036
-0.062
-0.067
-0.058
-0.058
-0.098
