0.078
0.067
0.067
0.044
0.033
0.044
0.033
-0.011
0.067
0.144
0.144
0.078
0.067
0.011
0.000
0.022
0.144
0.022
0.011
0.044
0.100
0.022
0.078
0.111
0.056
-0.011
0.011
-0.022
0.011
-0.033
-0.067
0.056
0.122
0.022
-0.022
0.022
0.000
-0.067
0.122
0.011
-0.022
0.044
-0.067
0.100
0.011
0.056
-0.011
0.000
0.044
-0.022
0.056
0.044
0.067
0.033
0.078
0.000
0.033
0.022
0.022
0.189
-0.022
0.056
0.067
0.067
0.178
0.089
-0.011
0.089
-0.033
0.000
0.011
-0.011
0.067
-0.067
0.033
0.033
0.000
0.144
0.000
0.189
0.111
-0.033
0.056
0.111
0.156
0.056
-0.011
0.011
0.100
0.122
0.100
-0.067
0.067
0.000
0.033
0.011
0.067
0.111
0.200
0.133
0.022
0.111
0.011
0.122
-0.033
0.067
0.078
0.022
0.056
-0.111
0.067
0.056
-0.011
0.033
0.011
0.144
0.056
0.044
0.056
0.144
0.033
-0.011
0.000
-0.067
-0.011
0.078
0.000
0.011
0.122
0.033
0.022
0.000
0.044
0.089
0.089
-0.011
-0.022
0.067
0.000
-0.033
-0.022
0.100
0.022
0.156
0.033
0.022
-0.011
-0.033
0.078
0.167
