-0.227
-0.217
-0.080
-0.153
-0.197
-0.130
-0.190
-0.137
-0.163
-0.173
-0.143
-0.173
-0.160
-0.183
-0.213
-0.183
-0.200
-0.150
-0.133
-0.080
-0.180
-0.123
-0.213
-0.190
-0.163
-0.170
-0.073
-0.163
-0.123
-0.077
-0.190
-0.170
-0.207
-0.117
-0.110
-0.140
-0.183
-0.220
-0.090
-0.203
-0.123
-0.147
-0.177
-0.107
-0.183
-0.167
-0.150
-0.173
-0.180
-0.093
-0.177
-0.170
-0.167
-0.123
-0.130
-0.183
-0.093
-0.207
-0.110
-0.127
-0.140
-0.090
-0.160
-0.193
-0.167
-0.173
-0.193
-0.120
-0.127
-0.137
-0.203
-0.177
-0.157
-0.177
-0.103
-0.137
-0.160
-0.153
-0.173
-0.213
-0.203
-0.173
-0.120
-0.150
-0.157
-0.127
-0.123
-0.043
-0.167
-0.140
-0.177
-0.193
-0.153
-0.137
-0.103
-0.147
-0.157
-0.163
-0.137
-0.143
-0.187
-0.180
-0.200
-0.127
-0.100
-0.163
-0.130
-0.097
-0.130
-0.207
-0.190
-0.163
-0.107
-0.160
-0.080
-0.110
-0.160
-0.197
-0.170
-0.117
-0.180
-0.147
-0.170
-0.240
-0.250
-0.217
-0.167
-0.223
-0.127
-0.153
-0.143
-0.180
-0.143
-0.197
-0.243
-0.170
-0.213
-0.103
-0.180
-0.237
-0.187
-0.140
-0.133
-0.200
-0.177
-0.177
-0.207
-0.180
-0.097
-0.187
