0.024
-0.028
-0.033
-0.026
-0.046
-0.036
-0.036
0.028
-0.029
-0.033
-0.023
-0.042
-0.043
0.036
-0.030
-0.043
-0.038
-0.037
0.031
0.041
-0.027
-0.044
0.031
-0.026
-0.036
-0.037
-0.037
0.025
-0.031
-0.041
0.033
-0.033
-0.047
0.045
-0.034
-0.036
-0.028
0.031
-0.051
-0.030
0.045
-0.030
-0.030
-0.037
0.040
0.027
-0.035
-0.034
-0.045
-0.038
0.016
0.023
-0.038
-0.031
-0.045
-0.032
-0.038
-0.044
-0.035
-0.037
-0.023
-0.029
-0.044
0.029
-0.061
0.036
-0.055
-0.025
0.020
-0.037
-0.046
-0.031
0.030
-0.039
-0.033
-0.031
-0.037
-0.041
-0.034
-0.031
-0.022
-0.037
0.054
-0.033
-0.034
-0.037
-0.046
-0.046
-0.035
-0.038
-0.042
-0.048
0.029
-0.036
0.036
-0.040
-0.038
0.044
-0.033
0.045
0.033
-0.038
-0.044
-0.045
-0.035
-0.029
-0.025
0.026
-0.027
0.020
-0.025
-0.036
0.042
-0.039
0.037
0.025
0.031
-0.043
-0.044
0.024
-0.055
-0.045
-0.032
-0.025
-0.047
-0.113
-0.036
-0.048
-0.025
-0.042
-0.035
-0.041
-0.035
-0.025
-0.031
-0.053
-0.102
-0.031
-0.038
-0.029
-0.030
-0.042
-0.104
-0.030
-0.032
-0.039
-0.047
-0.032
-0.040
-0.092
