0.024
-0.028
-0.034
-0.026
-0.044
-0.037
-0.041
0.027
-0.025
-0.036
-0.018
-0.038
-0.044
0.036
-0.031
-0.041
-0.038
-0.036
0.030
0.042
-0.029
-0.042
0.033
-0.028
-0.036
-0.032
-0.038
0.023
-0.027
-0.041
0.034
-0.033
-0.051
0.044
-0.033
-0.040
-0.030
0.031
-0.053
-0.032
0.046
-0.032
-0.031
-0.037
0.041
0.029
-0.034
-0.032
-0.046
-0.040
0.019
0.023
-0.036
-0.030
-0.045
-0.033
-0.040
-0.045
-0.033
-0.036
-0.024
-0.026
-0.044
0.026
-0.060
0.040
-0.055
-0.024
0.017
-0.033
-0.045
-0.029
0.029
-0.038
-0.031
-0.033
-0.035
-0.044
-0.032
-0.029
-0.019
-0.038
0.051
-0.031
-0.032
-0.035
-0.044
-0.046
-0.037
-0.042
-0.039
-0.049
0.028
-0.036
0.035
-0.040
-0.040
0.045
-0.036
0.044
0.034
-0.038
-0.042
-0.045
-0.033
-0.026
-0.029
0.027
-0.024
0.019
-0.027
-0.039
0.043
-0.038
0.040
0.026
0.028
-0.044
-0.042
0.022
-0.057
-0.047
-0.032
-0.028
-0.051
-0.115
-0.036
-0.046
-0.027
-0.042
-0.037
-0.043
-0.036
-0.022
-0.032
-0.054
-0.102
-0.032
-0.035
-0.029
-0.030
-0.044
-0.104
-0.029
-0.031
-0.045
-0.047
-0.033
-0.042
-0.095
