0.030
-0.028
-0.025
-0.020
-0.042
-0.028
-0.026
0.034
-0.021
-0.022
-0.015
-0.039
-0.035
0.042
-0.024
-0.033
-0.031
-0.027
0.038
0.047
-0.020
-0.036
0.035
-0.017
-0.031
-0.025
-0.028
0.034
-0.025
-0.032
0.036
-0.027
-0.039
0.049
-0.027
-0.031
-0.020
0.035
-0.039
-0.021
0.049
-0.026
-0.022
-0.033
0.045
0.032
-0.029
-0.024
-0.041
-0.027
0.029
0.031
-0.035
-0.025
-0.037
-0.026
-0.032
-0.039
-0.029
-0.031
-0.017
-0.027
-0.038
0.040
-0.051
0.044
-0.052
-0.019
0.029
-0.027
-0.039
-0.022
0.033
-0.030
-0.029
-0.031
-0.033
-0.031
-0.027
-0.026
-0.013
-0.029
0.061
-0.020
-0.029
-0.027
-0.040
-0.045
-0.029
-0.030
-0.034
-0.042
0.034
-0.033
0.041
-0.036
-0.028
0.049
-0.026
0.049
0.038
-0.032
-0.035
-0.035
-0.027
-0.026
-0.027
0.032
-0.016
0.030
-0.026
-0.028
0.048
-0.032
0.035
0.030
0.039
-0.038
-0.035
0.029
-0.046
-0.036
-0.030
-0.017
-0.041
-0.102
-0.032
-0.044
-0.016
-0.038
-0.029
-0.037
-0.034
-0.022
-0.025
-0.042
-0.099
-0.026
-0.032
-0.019
-0.028
-0.031
-0.099
-0.026
-0.025
-0.035
-0.040
-0.028
-0.032
-0.086
