0.026
-0.063
-0.051
-0.011
-0.031
-0.051
-0.074
-0.003
-0.054
-0.051
-0.017
-0.057
-0.063
0.029
-0.040
-0.043
-0.040
-0.049
0.034
0.071
-0.011
-0.071
-0.026
-0.066
-0.069
-0.066
-0.077
0.014
-0.023
-0.043
0.040
-0.037
-0.109
0.043
-0.071
-0.037
-0.046
-0.003
-0.049
-0.083
0.034
-0.034
-0.071
-0.020
0.006
0.011
-0.029
-0.077
-0.026
-0.020
0.020
0.009
-0.034
-0.057
-0.046
-0.057
-0.083
-0.114
-0.046
-0.060
-0.026
-0.023
-0.020
-0.009
-0.074
0.054
-0.077
-0.040
0.003
-0.063
-0.051
-0.020
0.014
-0.017
-0.049
-0.083
0.000
-0.023
-0.031
-0.071
-0.011
-0.046
0.017
-0.026
-0.071
-0.034
-0.051
-0.043
-0.074
-0.080
-0.034
-0.080
0.040
-0.034
0.023
-0.051
-0.077
0.057
-0.031
0.037
0.026
0.017
-0.049
-0.069
-0.023
-0.031
-0.003
0.026
-0.029
-0.023
-0.057
-0.020
0.011
-0.077
0.031
0.040
0.017
-0.054
-0.080
-0.043
-0.046
-0.069
-0.034
-0.023
-0.063
-0.100
-0.034
-0.014
-0.069
-0.026
-0.069
-0.046
-0.066
0.011
-0.060
-0.060
-0.114
-0.074
-0.071
-0.049
-0.046
-0.049
-0.100
-0.006
-0.037
-0.043
-0.069
-0.046
-0.023
-0.100
