0.012
-0.056
-0.046
-0.028
-0.037
-0.059
-0.047
0.003
-0.043
-0.035
-0.026
-0.073
-0.049
0.035
-0.033
-0.053
-0.047
-0.058
0.014
0.053
-0.037
-0.047
0.003
-0.043
-0.043
-0.061
-0.042
0.004
-0.022
-0.044
0.040
-0.036
-0.073
0.031
-0.023
-0.035
-0.020
0.006
-0.064
-0.054
0.058
-0.040
-0.063
-0.038
0.035
0.015
-0.044
-0.049
-0.056
-0.037
-0.003
0.009
-0.035
-0.051
-0.032
-0.053
-0.046
-0.074
-0.045
-0.055
-0.016
-0.017
-0.033
0.002
-0.074
0.013
-0.067
-0.019
-0.001
-0.020
-0.045
-0.025
0.016
-0.059
-0.046
-0.056
-0.024
-0.049
-0.048
-0.042
-0.025
-0.044
0.042
-0.036
-0.031
-0.032
-0.040
-0.071
-0.058
-0.081
-0.043
-0.058
0.025
-0.052
0.026
-0.074
-0.055
0.046
-0.032
0.036
0.017
-0.037
-0.047
-0.058
-0.033
-0.037
-0.034
0.002
-0.024
0.018
-0.033
-0.045
0.031
-0.072
0.024
0.035
0.042
-0.053
-0.084
-0.009
-0.079
-0.078
-0.034
-0.031
-0.073
-0.128
-0.052
-0.042
-0.058
-0.049
-0.071
-0.047
-0.041
-0.012
-0.049
-0.055
-0.102
-0.024
-0.051
-0.038
-0.051
-0.048
-0.128
-0.022
-0.040
-0.063
-0.064
-0.059
-0.052
-0.097
