0.026
-0.027
-0.030
-0.024
-0.046
-0.031
-0.029
0.030
-0.025
-0.026
-0.020
-0.042
-0.041
0.038
-0.029
-0.040
-0.035
-0.036
0.033
0.046
-0.023
-0.040
0.032
-0.021
-0.034
-0.033
-0.033
0.028
-0.028
-0.036
0.036
-0.027
-0.044
0.049
-0.030
-0.034
-0.025
0.032
-0.044
-0.026
0.046
-0.027
-0.025
-0.038
0.044
0.026
-0.034
-0.028
-0.045
-0.031
0.023
0.025
-0.036
-0.028
-0.041
-0.030
-0.035
-0.041
-0.032
-0.034
-0.020
-0.028
-0.038
0.032
-0.057
0.041
-0.054
-0.023
0.026
-0.031
-0.044
-0.026
0.031
-0.035
-0.030
-0.033
-0.037
-0.039
-0.030
-0.027
-0.017
-0.030
0.059
-0.027
-0.030
-0.033
-0.046
-0.046
-0.035
-0.034
-0.038
-0.046
0.031
-0.035
0.043
-0.037
-0.033
0.046
-0.031
0.047
0.035
-0.033
-0.041
-0.040
-0.033
-0.028
-0.029
0.029
-0.022
0.023
-0.030
-0.030
0.046
-0.036
0.036
0.029
0.036
-0.038
-0.041
0.026
-0.050
-0.042
-0.033
-0.021
-0.044
-0.106
-0.033
-0.046
-0.021
-0.041
-0.034
-0.040
-0.033
-0.022
-0.027
-0.046
-0.099
-0.028
-0.036
-0.025
-0.028
-0.034
-0.103
-0.029
-0.030
-0.035
-0.043
-0.031
-0.038
-0.089
