-0.175
-0.191
-0.073
-0.165
-0.184
-0.129
-0.169
-0.140
-0.158
-0.155
-0.138
-0.155
-0.169
-0.135
-0.167
-0.165
-0.169
-0.133
-0.129
-0.089
-0.185
-0.115
-0.171
-0.185
-0.151
-0.158
-0.087
-0.118
-0.138
-0.089
-0.173
-0.167
-0.198
-0.098
-0.075
-0.138
-0.153
-0.185
-0.075
-0.160
-0.116
-0.149
-0.153
-0.096
-0.165
-0.165
-0.149
-0.158
-0.169
-0.087
-0.164
-0.175
-0.140
-0.129
-0.155
-0.160
-0.098
-0.193
-0.109
-0.098
-0.133
-0.095
-0.176
-0.185
-0.151
-0.176
-0.164
-0.120
-0.118
-0.120
-0.164
-0.167
-0.142
-0.182
-0.087
-0.131
-0.175
-0.140
-0.178
-0.184
-0.187
-0.175
-0.127
-0.156
-0.144
-0.116
-0.133
-0.047
-0.167
-0.151
-0.156
-0.171
-0.145
-0.153
-0.062
-0.142
-0.147
-0.147
-0.109
-0.165
-0.182
-0.205
-0.167
-0.133
-0.089
-0.122
-0.136
-0.087
-0.145
-0.184
-0.178
-0.156
-0.156
-0.160
-0.091
-0.109
-0.153
-0.207
-0.151
-0.113
-0.165
-0.151
-0.147
-0.200
-0.213
-0.171
-0.158
-0.222
-0.127
-0.131
-0.155
-0.167
-0.140
-0.215
-0.195
-0.144
-0.182
-0.131
-0.173
-0.189
-0.191
-0.131
-0.164
-0.175
-0.156
-0.173
-0.198
-0.173
-0.113
-0.176
