-0.161
-0.194
-0.086
-0.163
-0.191
-0.138
-0.170
-0.144
-0.151
-0.163
-0.147
-0.164
-0.174
-0.118
-0.164
-0.181
-0.163
-0.138
-0.141
-0.089
-0.180
-0.099
-0.169
-0.158
-0.136
-0.156
-0.090
-0.118
-0.145
-0.089
-0.165
-0.170
-0.200
-0.101
-0.098
-0.144
-0.165
-0.174
-0.085
-0.165
-0.109
-0.151
-0.156
-0.094
-0.165
-0.175
-0.149
-0.180
-0.163
-0.085
-0.151
-0.173
-0.146
-0.140
-0.145
-0.168
-0.125
-0.168
-0.122
-0.101
-0.135
-0.104
-0.163
-0.189
-0.156
-0.164
-0.147
-0.144
-0.103
-0.122
-0.170
-0.168
-0.147
-0.170
-0.095
-0.141
-0.181
-0.144
-0.138
-0.156
-0.184
-0.184
-0.131
-0.164
-0.139
-0.107
-0.136
-0.072
-0.159
-0.154
-0.164
-0.155
-0.139
-0.188
-0.079
-0.151
-0.138
-0.144
-0.106
-0.170
-0.171
-0.190
-0.175
-0.152
-0.088
-0.119
-0.135
-0.098
-0.165
-0.166
-0.160
-0.150
-0.149
-0.177
-0.086
-0.140
-0.165
-0.196
-0.175
-0.118
-0.193
-0.160
-0.149
-0.198
-0.225
-0.165
-0.180
-0.242
-0.143
-0.146
-0.147
-0.168
-0.151
-0.226
-0.199
-0.150
-0.190
-0.131
-0.180
-0.179
-0.189
-0.135
-0.154
-0.181
-0.166
-0.161
-0.198
-0.165
-0.124
-0.181
