-0.250
-0.320
-0.100
-0.120
-0.250
-0.130
-0.260
-0.130
-0.210
-0.140
-0.160
-0.240
-0.150
-0.220
-0.260
-0.200
-0.240
-0.160
-0.130
-0.080
-0.170
-0.140
-0.170
-0.190
-0.200
-0.220
-0.070
-0.150
-0.130
-0.120
-0.180
-0.170
-0.190
-0.100
-0.110
-0.140
-0.290
-0.280
-0.110
-0.240
-0.140
-0.170
-0.200
-0.130
-0.200
-0.200
-0.160
-0.160
-0.240
-0.080
-0.160
-0.210
-0.150
-0.190
-0.160
-0.110
-0.060
-0.180
-0.140
-0.130
-0.170
-0.120
-0.190
-0.200
-0.210
-0.160
-0.200
-0.120
-0.150
-0.160
-0.210
-0.190
-0.190
-0.280
-0.130
-0.130
-0.140
-0.150
-0.170
-0.210
-0.160
-0.190
-0.180
-0.190
-0.180
-0.180
-0.090
-0.040
-0.220
-0.240
-0.230
-0.250
-0.220
-0.150
-0.100
-0.190
-0.190
-0.170
-0.160
-0.110
-0.190
-0.180
-0.180
-0.150
-0.160
-0.120
-0.080
-0.110
-0.100
-0.250
-0.150
-0.190
-0.130
-0.130
-0.110
-0.170
-0.170
-0.210
-0.190
-0.130
-0.230
-0.230
-0.150
-0.270
-0.270
-0.270
-0.240
-0.200
-0.170
-0.150
-0.140
-0.170
-0.170
-0.250
-0.330
-0.220
-0.300
-0.150
-0.130
-0.220
-0.220
-0.150
-0.120
-0.160
-0.240
-0.190
-0.220
-0.100
-0.100
-0.200
