0.030
-0.025
-0.029
-0.021
-0.040
-0.038
-0.042
0.030
-0.024
-0.024
-0.008
-0.036
-0.035
0.039
-0.032
-0.035
-0.033
-0.034
0.036
0.046
-0.022
-0.037
0.033
-0.020
-0.026
-0.035
-0.036
0.025
-0.020
-0.038
0.041
-0.022
-0.046
0.050
-0.026
-0.031
-0.028
0.038
-0.047
-0.026
0.053
-0.027
-0.028
-0.037
0.046
0.030
-0.027
-0.028
-0.045
-0.031
0.019
0.029
-0.030
-0.035
-0.037
-0.028
-0.038
-0.047
-0.029
-0.033
-0.017
-0.016
-0.035
0.024
-0.055
0.045
-0.051
-0.017
0.021
-0.025
-0.043
-0.023
0.031
-0.033
-0.029
-0.028
-0.031
-0.040
-0.021
-0.024
-0.011
-0.033
0.051
-0.020
-0.028
-0.030
-0.036
-0.044
-0.033
-0.050
-0.041
-0.047
0.032
-0.035
0.037
-0.042
-0.034
0.049
-0.024
0.052
0.042
-0.028
-0.039
-0.040
-0.030
-0.025
-0.030
0.027
-0.021
0.023
-0.023
-0.032
0.042
-0.039
0.044
0.030
0.035
-0.037
-0.040
0.027
-0.052
-0.052
-0.025
-0.028
-0.050
-0.109
-0.030
-0.044
-0.026
-0.036
-0.039
-0.037
-0.034
-0.014
-0.033
-0.049
-0.100
-0.031
-0.038
-0.027
-0.027
-0.045
-0.091
-0.025
-0.023
-0.041
-0.045
-0.030
-0.040
-0.090
