0.032
-0.022
-0.027
-0.017
-0.040
-0.038
-0.038
0.032
-0.021
-0.025
-0.008
-0.033
-0.036
0.040
-0.030
-0.035
-0.030
-0.033
0.038
0.048
-0.022
-0.039
0.037
-0.020
-0.026
-0.030
-0.036
0.026
-0.018
-0.037
0.044
-0.022
-0.045
0.053
-0.025
-0.032
-0.027
0.039
-0.045
-0.025
0.055
-0.025
-0.028
-0.035
0.045
0.030
-0.025
-0.026
-0.041
-0.030
0.020
0.031
-0.030
-0.033
-0.035
-0.027
-0.035
-0.045
-0.028
-0.032
-0.015
-0.015
-0.034
0.026
-0.056
0.046
-0.050
-0.013
0.024
-0.025
-0.042
-0.021
0.033
-0.032
-0.025
-0.028
-0.029
-0.037
-0.023
-0.022
-0.012
-0.032
0.054
-0.020
-0.028
-0.027
-0.038
-0.043
-0.031
-0.045
-0.041
-0.045
0.033
-0.035
0.035
-0.042
-0.035
0.048
-0.023
0.050
0.043
-0.028
-0.035
-0.040
-0.026
-0.022
-0.027
0.029
-0.019
0.025
-0.022
-0.032
0.045
-0.036
0.048
0.032
0.037
-0.037
-0.039
0.025
-0.050
-0.047
-0.022
-0.024
-0.047
-0.109
-0.028
-0.044
-0.021
-0.034
-0.036
-0.036
-0.030
-0.015
-0.032
-0.048
-0.098
-0.030
-0.033
-0.027
-0.029
-0.043
-0.093
-0.025
-0.022
-0.040
-0.044
-0.028
-0.039
-0.089
