0.100
-0.033
0.000
0.167
-0.033
-0.033
-0.033
0.133
-0.100
-0.033
0.100
0.033
0.100
-0.067
0.100
0.067
0.267
0.067
0.100
0.067
0.033
0.167
0.267
0.100
-0.067
0.000
0.000
0.000
-0.233
0.000
-0.133
0.000
0.300
-0.100
-0.033
0.133
-0.033
-0.133
0.167
0.000
-0.167
-0.067
-0.067
0.067
-0.033
0.133
-0.133
0.067
0.133
0.000
0.000
-0.033
0.000
-0.033
0.100
-0.100
0.133
0.133
-0.167
0.200
0.000
-0.033
0.000
0.233
0.033
0.033
0.033
0.000
-0.067
-0.033
-0.067
0.033
0.100
-0.067
-0.067
0.000
-0.100
0.067
0.033
0.233
0.100
-0.167
0.100
0.200
0.133
0.100
-0.067
0.033
0.067
0.067
0.267
-0.133
0.067
0.033
0.000
0.033
0.000
0.067
0.100
0.033
0.000
0.133
0.033
0.100
0.133
0.033
0.100
0.000
0.033
-0.100
0.033
0.033
-0.167
0.067
0.033
0.133
0.067
0.000
-0.033
0.200
-0.033
-0.033
0.033
0.100
-0.100
-0.033
-0.067
0.033
0.133
0.000
0.033
0.000
0.000
0.200
0.133
-0.033
-0.033
0.233
0.133
0.100
0.067
0.233
0.100
0.133
0.100
-0.133
-0.133
0.067
0.100
0.167
