0.028
-0.044
-0.049
-0.028
-0.041
-0.050
-0.050
0.021
-0.036
-0.030
-0.016
-0.070
-0.048
0.042
-0.026
-0.040
-0.035
-0.050
0.023
0.059
-0.038
-0.046
0.026
-0.037
-0.044
-0.049
-0.042
0.008
-0.019
-0.045
0.030
-0.022
-0.069
0.041
-0.013
-0.046
-0.030
0.010
-0.052
-0.034
0.062
-0.032
-0.054
-0.045
0.038
0.011
-0.030
-0.041
-0.046
-0.038
0.006
0.010
-0.026
-0.047
-0.017
-0.050
-0.042
-0.067
-0.038
-0.044
-0.018
-0.026
-0.034
0.022
-0.068
0.021
-0.061
-0.015
0.021
-0.026
-0.048
-0.034
0.022
-0.047
-0.039
-0.033
-0.029
-0.045
-0.033
-0.024
-0.024
-0.043
0.039
-0.030
-0.027
-0.046
-0.034
-0.058
-0.045
-0.066
-0.038
-0.057
0.032
-0.054
0.031
-0.060
-0.050
0.053
-0.034
0.041
0.027
-0.029
-0.052
-0.055
-0.034
-0.021
-0.034
0.020
-0.027
0.027
-0.033
-0.034
0.028
-0.064
0.034
0.038
0.034
-0.051
-0.072
0.004
-0.065
-0.066
-0.023
-0.019
-0.051
-0.120
-0.045
-0.043
-0.046
-0.038
-0.054
-0.052
-0.019
-0.006
-0.045
-0.047
-0.098
-0.032
-0.046
-0.031
-0.028
-0.043
-0.109
-0.014
-0.028
-0.042
-0.061
-0.044
-0.037
-0.086
