0.025
-0.030
-0.035
-0.022
-0.045
-0.041
-0.036
0.026
-0.030
-0.028
-0.007
-0.045
-0.036
0.040
-0.035
-0.030
-0.042
-0.035
0.030
0.047
-0.027
-0.042
0.034
-0.019
-0.027
-0.039
-0.040
0.022
-0.023
-0.038
0.036
-0.021
-0.051
0.051
-0.029
-0.033
-0.029
0.039
-0.052
-0.030
0.050
-0.026
-0.038
-0.036
0.047
0.026
-0.028
-0.031
-0.048
-0.036
0.010
0.026
-0.028
-0.040
-0.038
-0.032
-0.044
-0.050
-0.034
-0.040
-0.018
-0.019
-0.035
0.020
-0.061
0.040
-0.055
-0.016
0.017
-0.030
-0.042
-0.026
0.027
-0.036
-0.035
-0.032
-0.030
-0.042
-0.025
-0.025
-0.015
-0.037
0.049
-0.024
-0.033
-0.036
-0.038
-0.048
-0.040
-0.054
-0.044
-0.051
0.027
-0.039
0.036
-0.048
-0.036
0.048
-0.026
0.043
0.035
-0.035
-0.048
-0.044
-0.031
-0.026
-0.033
0.023
-0.022
0.020
-0.026
-0.035
0.038
-0.049
0.037
0.026
0.032
-0.040
-0.049
0.018
-0.056
-0.057
-0.022
-0.030
-0.057
-0.116
-0.034
-0.047
-0.025
-0.041
-0.042
-0.044
-0.040
-0.013
-0.041
-0.050
-0.105
-0.036
-0.044
-0.029
-0.032
-0.050
-0.095
-0.026
-0.025
-0.035
-0.053
-0.035
-0.045
-0.092
