0.022
-0.032
-0.043
-0.028
-0.042
-0.050
-0.048
0.028
-0.034
-0.033
-0.013
-0.050
-0.048
0.030
-0.035
-0.038
-0.041
-0.045
0.024
0.049
-0.033
-0.045
0.022
-0.027
-0.040
-0.038
-0.045
0.012
-0.019
-0.033
0.029
-0.019
-0.063
0.041
-0.023
-0.035
-0.039
0.028
-0.056
-0.032
0.052
-0.031
-0.050
-0.044
0.045
0.017
-0.035
-0.040
-0.053
-0.036
0.012
0.026
-0.025
-0.040
-0.035
-0.038
-0.048
-0.056
-0.040
-0.036
-0.029
-0.022
-0.034
0.016
-0.073
0.028
-0.065
-0.021
0.019
-0.032
-0.047
-0.036
0.017
-0.042
-0.037
-0.030
-0.032
-0.047
-0.029
-0.033
-0.016
-0.034
0.044
-0.023
-0.030
-0.049
-0.047
-0.054
-0.043
-0.059
-0.050
-0.055
0.025
-0.049
0.028
-0.055
-0.052
0.048
-0.037
0.035
0.033
-0.034
-0.051
-0.059
-0.038
-0.028
-0.036
0.017
-0.027
0.021
-0.038
-0.031
0.032
-0.055
0.027
0.023
0.038
-0.052
-0.060
0.016
-0.055
-0.062
-0.029
-0.031
-0.058
-0.124
-0.038
-0.051
-0.031
-0.039
-0.057
-0.046
-0.030
-0.014
-0.048
-0.050
-0.108
-0.042
-0.042
-0.032
-0.037
-0.051
-0.099
-0.024
-0.025
-0.034
-0.061
-0.039
-0.047
-0.088
