0.020
-0.037
-0.044
-0.026
-0.029
-0.048
-0.046
0.025
-0.034
-0.032
-0.009
-0.052
-0.042
0.033
-0.028
-0.040
-0.041
-0.041
0.025
0.055
-0.034
-0.045
0.028
-0.030
-0.039
-0.045
-0.041
0.014
-0.017
-0.041
0.027
-0.023
-0.069
0.054
-0.015
-0.038
-0.035
0.022
-0.053
-0.032
0.057
-0.031
-0.049
-0.043
0.042
0.015
-0.033
-0.040
-0.044
-0.034
0.015
0.021
-0.026
-0.039
-0.023
-0.042
-0.041
-0.060
-0.034
-0.045
-0.017
-0.023
-0.034
0.020
-0.074
0.028
-0.066
-0.021
0.022
-0.032
-0.050
-0.034
0.021
-0.040
-0.035
-0.024
-0.029
-0.048
-0.026
-0.032
-0.019
-0.031
0.041
-0.028
-0.030
-0.047
-0.037
-0.056
-0.039
-0.057
-0.043
-0.052
0.026
-0.052
0.030
-0.060
-0.050
0.055
-0.032
0.041
0.029
-0.029
-0.052
-0.058
-0.034
-0.024
-0.035
0.018
-0.027
0.028
-0.027
-0.034
0.034
-0.052
0.035
0.035
0.040
-0.050
-0.062
0.009
-0.055
-0.053
-0.036
-0.021
-0.053
-0.117
-0.037
-0.046
-0.035
-0.036
-0.053
-0.055
-0.026
-0.008
-0.046
-0.042
-0.105
-0.040
-0.044
-0.031
-0.039
-0.047
-0.106
-0.017
-0.025
-0.038
-0.057
-0.042
-0.037
-0.088
