0.026
-0.029
-0.037
-0.024
-0.046
-0.043
-0.038
0.027
-0.034
-0.029
-0.009
-0.047
-0.039
0.037
-0.037
-0.035
-0.042
-0.036
0.028
0.044
-0.030
-0.043
0.031
-0.022
-0.033
-0.037
-0.042
0.018
-0.022
-0.040
0.035
-0.020
-0.051
0.046
-0.029
-0.034
-0.032
0.036
-0.054
-0.031
0.048
-0.027
-0.042
-0.038
0.047
0.024
-0.029
-0.030
-0.048
-0.037
0.009
0.025
-0.028
-0.044
-0.037
-0.033
-0.048
-0.050
-0.033
-0.043
-0.022
-0.021
-0.039
0.019
-0.061
0.038
-0.057
-0.019
0.018
-0.030
-0.044
-0.026
0.025
-0.036
-0.036
-0.035
-0.032
-0.045
-0.024
-0.027
-0.019
-0.037
0.046
-0.025
-0.032
-0.037
-0.040
-0.050
-0.037
-0.054
-0.047
-0.053
0.026
-0.042
0.035
-0.047
-0.036
0.049
-0.028
0.043
0.037
-0.039
-0.049
-0.047
-0.033
-0.025
-0.034
0.022
-0.021
0.021
-0.027
-0.035
0.036
-0.049
0.036
0.025
0.030
-0.041
-0.050
0.017
-0.056
-0.056
-0.024
-0.031
-0.058
-0.119
-0.033
-0.047
-0.028
-0.043
-0.045
-0.046
-0.040
-0.014
-0.041
-0.051
-0.104
-0.039
-0.046
-0.031
-0.030
-0.052
-0.096
-0.029
-0.028
-0.036
-0.054
-0.035
-0.047
-0.092
