0.071
0.059
0.071
0.071
0.035
0.047
0.024
-0.012
0.047
0.118
0.129
0.047
0.082
0.035
0.000
0.000
0.141
0.012
0.024
0.047
0.082
0.024
0.071
0.118
0.035
0.000
0.035
-0.024
0.012
-0.012
-0.071
0.059
0.153
0.012
-0.035
0.035
-0.012
-0.059
0.118
0.012
-0.035
0.024
-0.059
0.094
0.012
0.059
0.000
-0.024
0.047
0.000
0.059
0.035
0.047
0.024
0.094
-0.035
0.035
0.035
0.012
0.176
-0.035
0.071
0.071
0.071
0.176
0.094
0.000
0.082
-0.047
0.000
-0.024
-0.024
0.059
-0.059
0.047
0.012
-0.024
0.153
0.000
0.188
0.118
-0.035
0.071
0.106
0.153
0.059
0.012
0.012
0.082
0.118
0.106
-0.059
0.059
-0.012
0.047
0.000
0.047
0.118
0.176
0.118
0.012
0.106
0.012
0.094
-0.035
0.047
0.059
0.012
0.047
-0.118
0.082
0.035
0.000
0.035
0.000
0.118
0.071
0.047
0.047
0.118
0.024
-0.035
-0.012
-0.082
-0.035
0.047
-0.012
0.000
0.141
0.059
0.035
0.024
0.035
0.071
0.094
-0.035
-0.035
0.059
0.000
-0.047
-0.012
0.094
0.000
0.141
0.024
0.012
0.000
-0.012
0.082
0.153
