0.025
-0.027
-0.032
-0.026
-0.046
-0.034
-0.033
0.030
-0.026
-0.029
-0.022
-0.041
-0.043
0.038
-0.030
-0.043
-0.035
-0.035
0.031
0.044
-0.027
-0.041
0.033
-0.025
-0.036
-0.035
-0.037
0.027
-0.032
-0.040
0.035
-0.028
-0.045
0.046
-0.033
-0.036
-0.028
0.032
-0.047
-0.030
0.047
-0.028
-0.027
-0.038
0.039
0.028
-0.036
-0.032
-0.045
-0.036
0.018
0.025
-0.035
-0.029
-0.043
-0.029
-0.036
-0.044
-0.035
-0.034
-0.023
-0.028
-0.040
0.028
-0.059
0.037
-0.055
-0.023
0.021
-0.035
-0.044
-0.028
0.030
-0.036
-0.032
-0.031
-0.037
-0.041
-0.030
-0.030
-0.022
-0.033
0.054
-0.031
-0.033
-0.035
-0.045
-0.046
-0.035
-0.039
-0.040
-0.047
0.031
-0.035
0.041
-0.038
-0.037
0.044
-0.033
0.048
0.034
-0.035
-0.042
-0.043
-0.034
-0.028
-0.027
0.028
-0.027
0.022
-0.027
-0.033
0.042
-0.037
0.037
0.027
0.033
-0.039
-0.042
0.023
-0.053
-0.044
-0.032
-0.024
-0.047
-0.110
-0.034
-0.047
-0.022
-0.040
-0.034
-0.038
-0.034
-0.025
-0.030
-0.053
-0.099
-0.030
-0.037
-0.028
-0.028
-0.039
-0.103
-0.029
-0.032
-0.037
-0.048
-0.030
-0.040
-0.093
