-0.215
-0.230
-0.100
-0.165
-0.240
-0.135
-0.240
-0.120
-0.220
-0.140
-0.145
-0.185
-0.120
-0.180
-0.185
-0.160
-0.210
-0.150
-0.100
-0.100
-0.145
-0.110
-0.190
-0.170
-0.155
-0.165
-0.060
-0.170
-0.115
-0.095
-0.180
-0.195
-0.160
-0.120
-0.095
-0.105
-0.220
-0.195
-0.095
-0.210
-0.115
-0.150
-0.185
-0.110
-0.160
-0.160
-0.135
-0.205
-0.195
-0.070
-0.135
-0.185
-0.160
-0.120
-0.105
-0.165
-0.095
-0.200
-0.130
-0.120
-0.105
-0.090
-0.145
-0.190
-0.160
-0.170
-0.200
-0.100
-0.145
-0.100
-0.200
-0.165
-0.140
-0.205
-0.095
-0.135
-0.165
-0.170
-0.185
-0.220
-0.165
-0.165
-0.160
-0.160
-0.125
-0.180
-0.130
-0.060
-0.145
-0.130
-0.185
-0.240
-0.175
-0.140
-0.110
-0.150
-0.170
-0.170
-0.150
-0.110
-0.160
-0.200
-0.185
-0.135
-0.120
-0.135
-0.100
-0.110
-0.090
-0.240
-0.175
-0.165
-0.105
-0.175
-0.075
-0.135
-0.165
-0.200
-0.175
-0.135
-0.200
-0.175
-0.150
-0.240
-0.240
-0.230
-0.195
-0.205
-0.125
-0.125
-0.145
-0.160
-0.160
-0.200
-0.270
-0.190
-0.245
-0.100
-0.150
-0.230
-0.205
-0.135
-0.150
-0.215
-0.190
-0.180
-0.225
-0.150
-0.115
-0.210
