0.200
0.185
0.077
0.123
0.092
0.138
0.077
0.077
0.123
0.169
0.169
0.154
0.169
0.108
0.092
0.046
0.292
0.092
0.092
0.138
0.185
0.123
0.215
0.185
0.123
0.092
0.092
0.077
0.077
0.123
0.046
0.077
0.231
0.031
0.031
0.123
0.092
0.031
0.200
0.108
0.046
0.077
0.031
0.215
0.092
0.169
0.092
0.092
0.200
0.108
0.185
0.123
0.154
0.077
0.185
0.031
0.123
0.108
0.092
0.292
0.108
0.092
0.185
0.215
0.246
0.154
0.092
0.138
0.092
0.077
0.000
0.077
0.215
0.000
0.108
0.108
0.031
0.262
0.108
0.262
0.185
0.046
0.200
0.200
0.215
0.200
0.108
0.108
0.200
0.231
0.246
0.015
0.169
0.108
0.077
0.092
0.169
0.215
0.262
0.169
0.108
0.200
0.077
0.154
0.123
0.123
0.138
0.138
0.154
-0.031
0.108
0.092
0.077
0.154
0.108
0.200
0.154
0.154
0.138
0.154
0.108
0.077
0.062
0.031
0.031
0.108
0.046
0.092
0.169
0.154
0.138
0.123
0.123
0.200
0.215
0.077
0.062
0.215
0.154
0.092
0.092
0.231
0.108
0.231
0.108
0.092
0.077
0.077
0.200
0.262
