0.120
0.107
0.067
0.120
0.080
0.080
0.080
0.040
0.067
0.160
0.160
0.093
0.080
0.080
0.027
0.040
0.213
0.067
0.040
0.080
0.120
0.080
0.133
0.160
0.093
0.040
0.080
0.040
0.040
0.040
-0.027
0.067
0.187
0.027
0.013
0.067
0.027
-0.027
0.173
0.040
0.013
0.027
-0.027
0.147
0.053
0.093
0.013
0.040
0.120
0.080
0.120
0.040
0.080
0.080
0.147
-0.013
0.067
0.067
0.027
0.253
0.000
0.080
0.107
0.147
0.213
0.120
0.040
0.120
0.027
0.013
-0.027
0.000
0.147
-0.053
0.067
0.067
0.013
0.200
0.053
0.213
0.147
0.013
0.107
0.133
0.187
0.133
0.040
0.067
0.120
0.147
0.133
-0.027
0.120
0.013
0.067
0.040
0.120
0.173
0.227
0.147
0.053
0.147
0.040
0.093
0.013
0.080
0.080
0.067
0.107
-0.067
0.093
0.080
0.040
0.053
0.027
0.160
0.093
0.093
0.053
0.120
0.067
0.027
0.027
-0.053
-0.013
0.080
-0.013
0.040
0.160
0.080
0.080
0.067
0.080
0.120
0.147
0.040
0.027
0.133
0.067
0.013
0.027
0.160
0.040
0.200
0.053
0.040
0.040
0.027
0.147
0.173
