0.133
-0.003
-0.003
0.025
0.010
-0.013
-0.006
0.129
0.010
0.021
0.058
-0.043
0.001
0.147
0.033
-0.003
0.004
-0.006
0.127
0.193
0.013
-0.006
0.135
0.010
-0.004
-0.010
-0.001
0.096
0.049
-0.007
0.147
0.037
-0.049
0.178
0.050
-0.006
0.022
0.126
-0.016
0.013
0.197
0.015
-0.019
-0.001
0.160
0.111
0.028
0.013
-0.007
0.010
0.108
0.117
0.030
0.000
0.027
-0.012
-0.003
-0.040
0.007
-0.012
0.046
0.030
0.009
0.121
-0.064
0.132
-0.050
0.047
0.116
0.012
-0.019
0.013
0.126
-0.004
0.018
0.031
0.022
-0.010
0.016
0.027
0.034
0.000
0.157
0.022
0.024
-0.004
0.007
-0.034
-0.003
-0.031
0.006
-0.024
0.141
-0.021
0.141
-0.043
-0.019
0.190
0.018
0.159
0.138
0.024
-0.016
-0.040
0.012
0.036
0.024
0.123
0.034
0.139
0.030
0.007
0.145
-0.025
0.141
0.156
0.153
-0.027
-0.053
0.104
-0.033
-0.040
0.025
0.049
-0.022
-0.154
0.003
-0.009
0.001
0.006
-0.025
-0.021
0.034
0.071
-0.007
-0.010
-0.127
0.000
-0.010
0.022
0.015
-0.018
-0.136
0.049
0.027
0.007
-0.039
-0.001
0.003
-0.095
