0.108
0.077
-0.138
-0.046
-0.108
-0.015
-0.138
-0.138
-0.046
0.046
0.046
0.015
0.046
-0.077
-0.108
-0.200
0.292
-0.108
-0.108
-0.015
0.077
-0.046
0.138
0.077
-0.046
-0.108
-0.108
-0.138
-0.138
-0.046
-0.200
-0.138
0.169
-0.231
-0.231
-0.046
-0.108
-0.231
0.108
-0.077
-0.200
-0.138
-0.231
0.138
-0.108
0.046
-0.108
-0.108
0.108
-0.077
0.077
-0.046
0.015
-0.138
0.077
-0.231
-0.046
-0.077
-0.108
0.292
-0.077
-0.108
0.077
0.138
0.200
0.015
-0.108
-0.015
-0.108
-0.138
-0.292
-0.138
0.138
-0.292
-0.077
-0.077
-0.231
0.231
-0.077
0.231
0.077
-0.200
0.108
0.108
0.138
0.108
-0.077
-0.077
0.108
0.169
0.200
-0.262
0.046
-0.077
-0.138
-0.108
0.046
0.138
0.231
0.046
-0.077
0.108
-0.138
0.015
-0.046
-0.046
-0.015
-0.015
0.015
-0.354
-0.077
-0.108
-0.138
0.015
-0.077
0.108
0.015
0.015
-0.015
0.015
-0.077
-0.138
-0.169
-0.231
-0.231
-0.077
-0.200
-0.108
0.046
0.015
-0.015
-0.046
-0.046
0.108
0.138
-0.138
-0.169
0.138
0.015
-0.108
-0.108
0.169
-0.077
0.169
-0.077
-0.108
-0.138
-0.138
0.108
0.231
