0.130
0.009
0.000
0.028
0.006
-0.022
-0.012
0.141
0.014
0.009
0.057
-0.015
-0.003
0.143
0.014
0.010
0.009
-0.006
0.135
0.190
0.022
-0.005
0.130
0.023
0.000
0.003
-0.004
0.103
0.049
0.009
0.130
0.048
-0.052
0.174
0.044
0.012
0.005
0.137
-0.022
0.023
0.186
0.021
-0.021
-0.015
0.178
0.108
0.017
0.004
-0.023
0.009
0.107
0.132
0.022
0.004
0.025
0.004
-0.009
-0.037
-0.001
-0.003
0.037
0.027
0.013
0.124
-0.065
0.138
-0.048
0.040
0.124
0.030
-0.014
0.021
0.117
0.003
0.000
0.022
0.014
-0.023
0.021
0.010
0.049
0.018
0.165
0.026
0.021
-0.019
-0.003
-0.030
0.000
-0.036
-0.017
-0.026
0.133
-0.015
0.148
-0.032
-0.022
0.181
0.009
0.148
0.154
0.019
-0.026
-0.037
0.001
0.032
0.008
0.115
0.027
0.132
0.019
0.027
0.139
-0.027
0.145
0.139
0.156
-0.015
-0.037
0.103
-0.034
-0.032
0.023
0.026
-0.039
-0.165
0.006
-0.019
0.013
0.013
-0.026
-0.018
0.025
0.059
-0.014
-0.017
-0.132
-0.001
-0.005
0.025
0.005
-0.012
-0.120
0.035
0.032
0.005
-0.032
-0.004
0.005
-0.097
