0.139
-0.005
-0.014
0.027
0.002
-0.018
-0.016
0.125
0.011
0.024
0.051
-0.056
-0.013
0.166
0.032
0.003
0.013
-0.018
0.130
0.202
0.008
-0.010
0.134
0.010
-0.005
-0.014
-0.002
0.099
0.045
-0.006
0.142
0.040
-0.054
0.165
0.058
-0.008
0.022
0.104
-0.021
0.016
0.208
0.019
-0.024
-0.006
0.158
0.106
0.022
0.002
-0.008
0.008
0.096
0.104
0.030
-0.011
0.050
-0.016
-0.002
-0.051
0.008
-0.005
0.048
0.032
0.016
0.128
-0.053
0.125
-0.038
0.053
0.125
0.030
-0.013
0.014
0.126
-0.011
0.005
0.018
0.026
-0.006
0.018
0.035
0.035
-0.003
0.162
0.024
0.029
-0.008
0.014
-0.032
-0.006
-0.050
0.006
-0.030
0.147
-0.026
0.146
-0.037
-0.018
0.189
0.016
0.165
0.138
0.026
-0.021
-0.027
0.014
0.042
0.016
0.123
0.029
0.138
0.018
0.014
0.139
-0.045
0.150
0.158
0.150
-0.019
-0.061
0.091
-0.046
-0.048
0.037
0.045
-0.019
-0.157
-0.006
-0.003
-0.010
0.008
-0.026
-0.021
0.045
0.072
-0.006
-0.011
-0.114
0.019
-0.008
0.021
0.027
-0.003
-0.134
0.054
0.027
0.000
-0.038
-0.005
0.010
-0.088
