-0.013
0.007
0.280
0.133
0.047
0.180
0.060
0.167
0.113
0.093
0.153
0.093
0.120
0.073
0.013
0.073
0.040
0.140
0.173
0.280
0.080
0.193
0.013
0.060
0.113
0.100
0.293
0.113
0.193
0.287
0.060
0.100
0.027
0.207
0.220
0.160
0.073
0.000
0.260
0.033
0.193
0.147
0.087
0.227
0.073
0.107
0.140
0.093
0.080
0.253
0.087
0.100
0.107
0.193
0.180
0.073
0.253
0.027
0.220
0.187
0.160
0.260
0.120
0.053
0.107
0.093
0.053
0.200
0.187
0.167
0.033
0.087
0.127
0.087
0.233
0.167
0.120
0.133
0.093
0.013
0.033
0.093
0.200
0.140
0.127
0.187
0.193
0.353
0.107
0.160
0.087
0.053
0.133
0.167
0.233
0.147
0.127
0.113
0.167
0.153
0.067
0.080
0.040
0.187
0.240
0.113
0.180
0.247
0.180
0.027
0.060
0.113
0.227
0.120
0.280
0.220
0.120
0.047
0.100
0.207
0.080
0.147
0.100
-0.040
-0.060
0.007
0.107
-0.007
0.187
0.133
0.153
0.080
0.153
0.047
-0.047
0.100
0.013
0.233
0.080
-0.033
0.067
0.160
0.173
0.040
0.087
0.087
0.027
0.080
0.247
0.067
