0.080
-0.040
0.030
-0.030
0.060
0.000
-0.090
0.150
-0.020
-0.050
0.100
0.030
0.060
0.080
0.000
-0.020
-0.050
-0.020
0.280
0.230
0.060
-0.050
0.000
-0.010
-0.050
-0.120
-0.090
0.100
0.000
-0.030
0.210
0.000
-0.130
0.250
-0.010
0.050
-0.020
0.090
0.000
-0.020
0.230
0.060
-0.030
0.090
0.180
0.140
0.010
-0.040
-0.010
0.020
0.100
0.180
0.060
0.040
-0.040
0.010
-0.080
-0.110
0.020
0.000
0.090
0.050
0.020
0.050
-0.070
0.210
-0.060
-0.030
0.050
0.020
0.050
0.080
0.100
0.110
-0.010
-0.110
0.090
0.090
0.030
-0.090
0.090
-0.010
0.220
0.060
0.000
-0.030
0.050
-0.070
0.010
-0.070
-0.030
-0.040
0.200
0.080
0.140
0.030
-0.080
0.170
0.030
0.110
0.120
0.090
0.010
-0.020
0.080
0.090
0.130
0.100
0.080
0.020
-0.010
0.030
0.160
-0.090
0.200
0.200
0.040
0.040
0.000
0.050
0.020
0.080
0.050
0.060
-0.040
-0.090
-0.030
0.100
-0.020
-0.030
0.000
0.050
-0.010
0.170
-0.040
-0.040
-0.140
0.010
-0.070
0.030
0.060
-0.020
-0.100
0.080
-0.030
-0.020
-0.060
0.120
0.120
-0.160
