0.124
0.016
0.010
0.016
-0.016
-0.014
-0.016
0.121
0.015
0.002
0.039
-0.006
-0.016
0.140
0.003
-0.007
0.003
-0.010
0.136
0.155
0.017
-0.013
0.136
0.017
0.008
0.003
-0.010
0.112
0.017
-0.017
0.150
0.010
-0.025
0.166
0.011
-0.010
0.005
0.136
-0.032
0.010
0.165
0.009
0.002
-0.002
0.152
0.124
0.010
0.012
-0.020
-0.003
0.098
0.123
-0.001
0.003
-0.013
0.006
-0.014
-0.021
0.009
-0.003
0.024
0.021
-0.015
0.119
-0.043
0.150
-0.041
0.028
0.108
0.013
-0.022
0.014
0.123
-0.009
0.006
0.010
-0.001
-0.011
0.003
0.018
0.030
-0.004
0.175
0.011
0.003
0.001
-0.018
-0.028
-0.001
-0.030
-0.015
-0.027
0.132
-0.007
0.140
-0.017
-0.008
0.159
0.017
0.157
0.147
-0.008
-0.010
-0.019
0.006
0.019
0.009
0.118
0.023
0.116
0.021
-0.007
0.153
-0.010
0.153
0.123
0.127
-0.016
-0.017
0.115
-0.041
-0.028
0.013
0.013
-0.034
-0.150
-0.001
-0.023
0.019
-0.010
-0.012
-0.015
-0.002
0.030
-0.002
-0.038
-0.139
0.003
-0.003
0.007
0.005
-0.021
-0.130
0.011
0.012
-0.020
-0.025
-0.001
-0.017
-0.113
