0.122
-0.010
0.002
0.044
0.011
-0.019
0.000
0.107
0.006
0.015
0.051
-0.053
-0.006
0.164
0.019
-0.021
0.017
-0.008
0.131
0.204
0.025
-0.006
0.131
0.011
0.002
-0.008
0.000
0.107
0.042
0.010
0.175
0.030
-0.040
0.152
0.063
0.019
0.042
0.097
-0.027
-0.010
0.206
0.025
-0.040
-0.002
0.158
0.133
0.013
0.002
-0.019
0.032
0.091
0.109
0.029
-0.002
0.053
-0.006
-0.002
-0.046
0.030
-0.013
0.050
0.051
0.032
0.120
-0.057
0.122
-0.032
0.051
0.118
0.046
0.006
0.040
0.131
-0.011
0.004
0.000
0.046
-0.002
0.011
0.025
0.053
0.002
0.185
0.025
0.036
0.017
0.027
-0.044
-0.013
-0.044
0.019
-0.019
0.145
-0.021
0.149
-0.036
-0.017
0.179
0.025
0.177
0.139
0.017
-0.002
-0.019
0.011
0.034
0.032
0.103
0.036
0.124
0.015
0.008
0.143
-0.042
0.139
0.171
0.175
-0.023
-0.063
0.086
-0.046
-0.050
0.032
0.057
-0.034
-0.154
0.004
0.010
-0.021
-0.002
-0.048
-0.006
0.032
0.084
-0.006
-0.021
-0.128
0.055
-0.002
0.023
0.015
-0.011
-0.147
0.040
0.015
-0.025
-0.030
0.000
0.008
-0.090
