0.123
0.003
0.003
0.074
0.037
-0.011
-0.006
0.140
0.017
0.034
0.046
-0.031
0.020
0.174
0.034
-0.014
0.017
0.003
0.163
0.231
0.026
0.003
0.100
0.020
0.014
-0.014
0.006
0.117
0.074
0.003
0.200
0.051
-0.023
0.183
0.040
0.037
0.037
0.086
-0.023
-0.014
0.214
0.029
-0.034
0.051
0.146
0.123
0.034
-0.031
0.006
0.014
0.131
0.131
0.006
-0.006
0.046
0.000
-0.003
-0.040
0.026
-0.040
0.054
0.071
0.040
0.117
-0.034
0.114
-0.031
0.049
0.103
0.017
0.046
0.100
0.149
0.020
0.026
-0.026
0.034
0.026
0.014
-0.026
0.051
0.029
0.189
0.034
-0.009
0.029
0.026
-0.020
-0.003
-0.066
-0.006
0.006
0.171
-0.009
0.129
-0.003
0.011
0.229
0.020
0.180
0.157
0.046
-0.006
-0.003
0.057
0.029
-0.003
0.080
0.049
0.149
0.023
0.017
0.146
-0.054
0.131
0.174
0.174
-0.011
-0.069
0.057
-0.066
-0.049
0.049
0.043
-0.034
-0.114
0.023
0.014
-0.017
0.023
-0.011
-0.009
0.000
0.080
-0.017
-0.023
-0.114
0.046
0.017
0.043
-0.006
0.034
-0.154
0.083
0.040
-0.049
-0.029
0.000
0.011
-0.089
