0.123
0.015
0.003
0.020
-0.017
-0.012
-0.011
0.124
0.023
0.000
0.035
-0.005
-0.014
0.145
0.006
-0.009
0.002
-0.005
0.133
0.153
0.010
-0.014
0.139
0.014
0.004
0.008
-0.008
0.113
0.019
-0.008
0.141
0.010
-0.032
0.164
0.009
-0.009
0.013
0.133
-0.033
0.011
0.164
0.008
0.008
0.001
0.153
0.128
0.006
0.009
-0.020
-0.005
0.107
0.119
0.001
0.009
-0.017
0.009
-0.018
-0.019
0.009
-0.003
0.026
0.021
-0.018
0.121
-0.046
0.150
-0.034
0.026
0.108
0.011
-0.022
0.012
0.128
-0.004
0.008
0.009
-0.001
-0.015
0.008
0.013
0.033
-0.003
0.176
0.011
0.010
0.001
-0.022
-0.023
-0.003
-0.020
-0.008
-0.024
0.128
-0.005
0.141
-0.013
-0.006
0.161
0.007
0.157
0.147
-0.008
-0.015
-0.021
0.001
0.018
0.016
0.123
0.019
0.111
0.016
-0.007
0.158
-0.008
0.152
0.121
0.131
-0.020
-0.016
0.113
-0.038
-0.023
0.008
0.013
-0.033
-0.154
0.000
-0.022
0.014
-0.011
-0.009
-0.016
-0.006
0.025
0.008
-0.036
-0.132
0.006
0.001
0.013
0.006
-0.017
-0.133
0.014
0.006
-0.018
-0.022
0.007
-0.013
-0.113
