0.124
0.015
0.000
0.028
-0.021
-0.013
-0.004
0.129
0.006
0.017
0.049
-0.013
-0.002
0.149
0.002
0.001
-0.003
0.006
0.128
0.171
0.006
-0.011
0.130
0.031
0.003
-0.006
-0.011
0.108
0.034
-0.002
0.137
0.029
-0.032
0.163
0.029
0.015
0.006
0.141
-0.035
0.018
0.170
0.021
-0.010
-0.006
0.172
0.117
0.021
0.004
-0.026
0.008
0.097
0.130
0.027
-0.008
0.002
0.004
-0.021
-0.036
0.012
-0.003
0.031
0.032
0.004
0.114
-0.057
0.144
-0.046
0.039
0.115
0.012
-0.010
0.015
0.123
-0.001
0.009
0.009
0.014
-0.016
0.034
0.023
0.044
0.008
0.174
0.025
0.011
-0.006
-0.011
-0.030
-0.005
-0.037
-0.013
-0.038
0.131
-0.009
0.144
-0.021
-0.006
0.178
0.021
0.156
0.152
0.001
-0.022
-0.022
0.003
0.024
0.010
0.115
0.034
0.112
0.009
0.012
0.148
-0.030
0.150
0.130
0.143
-0.015
-0.029
0.110
-0.036
-0.037
0.028
0.018
-0.039
-0.159
-0.003
-0.024
0.016
-0.010
-0.014
-0.006
0.000
0.045
-0.005
-0.026
-0.123
-0.002
-0.006
0.015
0.004
-0.029
-0.118
0.019
0.023
0.009
-0.029
-0.005
-0.017
-0.104
