0.147
0.000
-0.013
0.080
0.013
-0.033
-0.040
0.127
0.000
0.013
0.073
-0.007
0.007
0.160
0.013
0.013
0.007
-0.047
0.187
0.227
0.100
-0.013
0.033
0.000
-0.013
-0.053
-0.047
0.133
0.020
0.000
0.207
0.027
-0.140
0.187
-0.013
0.053
0.020
0.133
0.027
-0.053
0.233
0.060
-0.040
0.040
0.120
0.120
0.060
-0.080
0.053
0.040
0.147
0.140
0.047
0.013
0.007
-0.027
-0.100
-0.113
0.000
-0.013
0.053
0.053
0.053
0.100
-0.073
0.207
-0.033
0.020
0.107
-0.027
0.013
0.053
0.113
0.093
0.000
-0.060
0.107
0.047
0.060
-0.053
0.107
0.020
0.153
0.033
-0.033
0.007
0.033
-0.013
-0.093
-0.060
0.007
-0.053
0.193
0.073
0.173
0.020
-0.040
0.207
0.060
0.160
0.113
0.120
0.027
-0.027
0.073
0.053
0.120
0.140
0.047
0.040
-0.020
0.033
0.120
-0.060
0.140
0.193
0.100
0.007
-0.033
0.013
0.020
0.020
0.047
0.053
-0.020
-0.060
0.047
0.100
0.000
0.020
-0.027
0.040
-0.013
0.120
-0.013
-0.033
-0.140
-0.053
-0.060
0.027
0.040
-0.013
-0.133
0.087
0.013
0.000
-0.047
0.047
0.067
-0.127
