0.121
0.011
0.003
0.025
-0.020
-0.012
-0.015
0.121
0.009
0.013
0.050
-0.015
-0.010
0.146
0.000
0.008
-0.012
0.001
0.128
0.158
0.018
-0.011
0.130
0.027
0.013
-0.007
-0.009
0.113
0.023
-0.012
0.139
0.024
-0.030
0.170
0.008
0.005
0.014
0.145
-0.035
0.011
0.166
0.013
0.000
-0.006
0.161
0.122
0.016
0.001
-0.023
-0.002
0.094
0.118
0.013
-0.012
-0.010
0.011
-0.019
-0.031
0.002
-0.008
0.030
0.032
-0.004
0.111
-0.049
0.145
-0.041
0.033
0.100
0.013
-0.020
0.020
0.126
0.000
0.001
0.004
0.003
-0.014
0.021
0.017
0.034
0.003
0.166
0.021
0.006
0.001
-0.007
-0.020
-0.012
-0.041
-0.023
-0.030
0.126
-0.007
0.138
-0.024
-0.009
0.160
0.017
0.162
0.140
0.000
-0.022
-0.017
0.010
0.020
0.006
0.113
0.023
0.113
0.020
-0.001
0.145
-0.024
0.147
0.122
0.130
-0.007
-0.023
0.111
-0.042
-0.043
0.020
0.012
-0.040
-0.161
0.004
-0.022
0.013
-0.009
-0.018
-0.020
-0.010
0.039
-0.012
-0.031
-0.142
-0.003
-0.020
0.012
0.012
-0.027
-0.122
0.017
0.020
-0.007
-0.035
0.005
-0.020
-0.114
