0.120
0.010
0.001
0.021
-0.015
-0.009
-0.017
0.120
0.009
0.014
0.049
-0.013
-0.008
0.143
-0.001
-0.001
-0.007
-0.006
0.130
0.155
0.016
-0.010
0.130
0.024
0.012
-0.006
-0.008
0.115
0.026
-0.012
0.142
0.020
-0.031
0.160
0.008
0.006
0.010
0.141
-0.031
0.010
0.167
0.010
0.002
-0.009
0.154
0.126
0.012
0.004
-0.024
0.004
0.098
0.121
0.010
-0.010
-0.012
0.002
-0.018
-0.033
0.004
-0.009
0.031
0.028
-0.009
0.109
-0.050
0.148
-0.042
0.032
0.102
0.016
-0.023
0.019
0.125
-0.005
0.000
0.003
0.002
-0.019
0.023
0.015
0.037
0.000
0.162
0.019
0.003
0.002
-0.010
-0.026
-0.012
-0.037
-0.025
-0.031
0.126
-0.010
0.133
-0.026
-0.007
0.158
0.007
0.162
0.146
0.001
-0.019
-0.020
0.005
0.016
0.006
0.117
0.018
0.110
0.015
0.000
0.145
-0.022
0.146
0.124
0.130
-0.013
-0.018
0.114
-0.050
-0.041
0.017
0.007
-0.040
-0.157
-0.001
-0.023
0.010
-0.009
-0.019
-0.016
-0.006
0.035
-0.010
-0.033
-0.140
-0.006
-0.014
0.004
0.010
-0.030
-0.122
0.013
0.018
-0.013
-0.031
0.004
-0.018
-0.115
