0.126
0.019
-0.004
0.027
-0.002
-0.017
-0.015
0.138
0.015
0.016
0.056
-0.018
-0.013
0.142
0.013
0.007
0.001
-0.008
0.131
0.181
0.016
-0.008
0.126
0.029
0.002
0.007
-0.008
0.105
0.044
0.017
0.141
0.044
-0.044
0.164
0.036
0.012
0.005
0.138
-0.030
0.018
0.187
0.021
-0.018
-0.005
0.173
0.116
0.012
0.002
-0.023
0.010
0.105
0.135
0.033
0.002
0.013
0.006
-0.015
-0.029
0.002
0.011
0.024
0.038
0.015
0.115
-0.064
0.138
-0.047
0.040
0.121
0.018
-0.012
0.011
0.116
-0.001
0.008
0.022
0.018
-0.012
0.024
0.016
0.051
0.015
0.170
0.036
0.022
-0.016
-0.011
-0.025
-0.004
-0.036
-0.017
-0.027
0.133
-0.016
0.139
-0.028
-0.021
0.178
0.008
0.153
0.149
0.015
-0.019
-0.036
0.007
0.027
0.011
0.116
0.028
0.124
0.007
0.021
0.147
-0.027
0.136
0.128
0.159
-0.021
-0.038
0.114
-0.027
-0.042
0.024
0.021
-0.034
-0.165
0.006
-0.019
0.021
0.005
-0.032
-0.010
0.023
0.055
-0.013
-0.018
-0.135
-0.002
-0.002
0.019
0.008
-0.019
-0.115
0.035
0.033
0.015
-0.039
0.005
-0.011
-0.095
