0.114
0.003
0.003
0.089
0.037
0.003
0.006
0.132
0.009
0.022
0.055
-0.028
0.015
0.157
0.034
-0.018
0.031
0.012
0.175
0.237
0.037
0.009
0.098
0.003
0.009
-0.003
0.009
0.120
0.086
0.012
0.200
0.040
-0.031
0.191
0.049
0.046
0.034
0.086
-0.015
-0.015
0.234
0.015
-0.031
0.043
0.138
0.129
0.034
-0.018
0.006
0.018
0.132
0.108
0.012
0.000
0.040
-0.006
-0.015
-0.046
0.015
-0.037
0.062
0.068
0.037
0.117
-0.034
0.145
-0.046
0.046
0.102
0.012
0.046
0.095
0.154
0.022
0.028
-0.043
0.052
0.018
0.028
-0.022
0.040
0.031
0.182
0.034
-0.006
0.046
0.015
-0.018
-0.012
-0.052
0.003
-0.012
0.169
-0.012
0.142
-0.009
0.028
0.237
0.012
0.191
0.157
0.040
0.003
0.000
0.058
0.046
0.009
0.080
0.043
0.157
0.006
0.015
0.157
-0.052
0.135
0.182
0.178
-0.012
-0.068
0.046
-0.068
-0.046
0.049
0.031
-0.037
-0.114
0.025
0.028
-0.025
0.022
-0.006
0.000
-0.006
0.083
-0.003
-0.034
-0.117
0.037
0.006
0.046
-0.006
0.034
-0.148
0.083
0.034
-0.055
-0.012
0.012
0.009
-0.089
