0.016
-0.032
0.256
0.136
0.008
0.176
0.016
0.128
0.104
0.104
0.144
0.080
0.136
0.088
0.024
0.104
0.056
0.184
0.176
0.264
0.072
0.200
0.040
0.056
0.104
0.080
0.288
0.088
0.224
0.264
0.064
0.096
0.040
0.168
0.240
0.176
0.064
0.024
0.280
-0.008
0.184
0.152
0.080
0.216
0.120
0.104
0.144
0.056
0.056
0.248
0.128
0.088
0.136
0.176
0.184
0.104
0.264
0.064
0.176
0.152
0.176
0.248
0.120
0.072
0.080
0.064
0.048
0.256
0.184
0.176
0.048
0.088
0.168
0.088
0.256
0.152
0.096
0.096
0.096
-0.016
0.056
0.072
0.184
0.152
0.152
0.144
0.152
0.328
0.128
0.160
0.080
0.024
0.160
0.152
0.216
0.120
0.104
0.112
0.128
0.152
0.080
0.056
0.056
0.184
0.240
0.136
0.200
0.216
0.224
0.024
0.088
0.104
0.216
0.080
0.296
0.208
0.136
0.016
0.080
0.168
0.056
0.128
0.120
-0.064
-0.064
0.016
0.120
0.008
0.184
0.152
0.152
0.072
0.120
0.040
-0.096
0.048
-0.008
0.208
0.120
-0.016
0.056
0.168
0.144
0.024
0.080
0.088
0.000
0.064
0.248
0.008
