0.118
0.013
0.005
0.019
-0.026
0.004
0.002
0.128
0.017
0.014
0.023
-0.022
-0.017
0.140
0.005
-0.019
-0.007
-0.003
0.132
0.155
0.014
-0.016
0.131
0.020
-0.003
0.000
-0.004
0.122
0.008
-0.007
0.136
0.010
-0.022
0.162
0.003
0.002
0.016
0.131
-0.026
0.009
0.158
0.012
0.017
-0.008
0.151
0.122
-0.005
0.004
-0.020
0.000
0.106
0.118
-0.004
0.009
-0.017
0.008
-0.004
-0.021
-0.001
0.002
0.023
0.014
-0.013
0.124
-0.049
0.146
-0.042
0.023
0.114
-0.002
-0.023
0.012
0.125
-0.004
0.004
0.000
-0.003
-0.013
0.009
0.011
0.027
0.007
0.179
0.008
-0.001
-0.005
-0.026
-0.026
-0.004
-0.010
-0.010
-0.023
0.130
-0.006
0.150
-0.008
-0.001
0.159
0.005
0.162
0.136
-0.003
-0.017
-0.014
0.002
0.009
0.011
0.122
0.017
0.112
0.014
0.004
0.152
-0.010
0.140
0.123
0.136
-0.011
-0.019
0.116
-0.037
-0.020
0.001
0.023
-0.027
-0.149
0.001
-0.024
0.024
-0.014
0.001
-0.012
0.002
0.017
0.011
-0.034
-0.133
0.006
-0.008
0.014
0.011
-0.007
-0.139
0.007
0.004
-0.004
-0.023
0.006
-0.013
-0.117
