0.131
0.015
0.000
0.028
0.004
-0.020
-0.010
0.143
0.018
0.016
0.059
-0.015
-0.010
0.140
0.020
0.009
0.005
-0.003
0.134
0.184
0.020
-0.003
0.134
0.029
0.004
0.005
-0.007
0.106
0.054
0.016
0.138
0.049
-0.048
0.171
0.041
0.010
0.004
0.139
-0.022
0.020
0.181
0.021
-0.016
-0.011
0.166
0.118
0.014
0.003
-0.020
0.006
0.107
0.135
0.033
0.005
0.018
0.004
-0.011
-0.035
0.001
0.004
0.034
0.034
0.013
0.119
-0.062
0.141
-0.046
0.044
0.122
0.026
-0.015
0.014
0.115
0.004
-0.001
0.020
0.016
-0.016
0.030
0.016
0.049
0.014
0.165
0.037
0.020
-0.014
-0.007
-0.021
-0.003
-0.036
-0.013
-0.026
0.131
-0.019
0.145
-0.030
-0.021
0.180
0.009
0.154
0.151
0.018
-0.020
-0.039
-0.001
0.035
0.013
0.115
0.022
0.129
0.015
0.028
0.141
-0.030
0.143
0.134
0.160
-0.018
-0.031
0.114
-0.031
-0.039
0.024
0.024
-0.039
-0.163
0.007
-0.019
0.016
0.014
-0.033
-0.016
0.028
0.059
-0.021
-0.009
-0.134
-0.001
0.001
0.026
0.006
-0.014
-0.116
0.036
0.034
0.016
-0.033
-0.001
-0.001
-0.100
