0.116
0.010
0.004
0.016
-0.027
0.001
0.005
0.123
0.014
0.013
0.024
-0.021
-0.019
0.139
0.007
-0.016
-0.007
-0.008
0.130
0.155
0.019
-0.017
0.128
0.021
-0.005
-0.002
-0.001
0.120
0.008
-0.009
0.135
0.010
-0.024
0.161
0.003
-0.004
0.014
0.128
-0.025
0.012
0.156
0.010
0.014
-0.012
0.153
0.116
-0.004
0.008
-0.026
0.002
0.110
0.114
-0.008
0.007
-0.018
0.004
-0.007
-0.018
0.000
-0.004
0.023
0.008
-0.013
0.128
-0.050
0.146
-0.044
0.017
0.116
0.001
-0.024
0.013
0.125
-0.006
0.004
-0.002
-0.010
-0.013
0.004
0.010
0.029
0.004
0.181
0.009
0.004
-0.002
-0.029
-0.028
-0.006
-0.005
-0.012
-0.027
0.127
-0.007
0.149
-0.010
-0.001
0.156
0.002
0.158
0.133
-0.003
-0.019
-0.016
-0.001
0.008
0.007
0.122
0.020
0.110
0.004
0.004
0.155
-0.009
0.136
0.121
0.136
-0.012
-0.019
0.116
-0.037
-0.020
-0.003
0.022
-0.024
-0.148
-0.001
-0.029
0.021
-0.019
-0.004
-0.016
-0.003
0.019
0.009
-0.027
-0.135
0.008
-0.009
0.014
0.008
-0.004
-0.141
0.007
0.004
-0.007
-0.023
0.001
-0.012
-0.113
