0.114
-0.001
0.006
0.015
-0.029
-0.001
0.003
0.122
0.013
0.011
0.025
-0.024
-0.015
0.138
0.008
-0.011
-0.007
0.000
0.130
0.148
0.015
-0.018
0.126
0.021
-0.006
0.006
-0.002
0.124
0.006
-0.008
0.126
0.001
-0.023
0.153
0.001
-0.008
0.015
0.124
-0.024
0.012
0.153
0.003
0.010
-0.011
0.145
0.119
-0.003
0.006
-0.028
0.001
0.112
0.116
-0.016
0.005
-0.019
0.002
-0.008
-0.023
-0.004
-0.008
0.020
0.000
-0.022
0.135
-0.047
0.142
-0.048
0.016
0.112
0.000
-0.024
0.011
0.120
-0.006
-0.004
-0.008
-0.011
-0.008
0.001
0.003
0.028
-0.004
0.177
0.015
-0.004
0.001
-0.025
-0.036
-0.004
-0.005
-0.014
-0.030
0.123
-0.011
0.136
-0.018
-0.001
0.154
0.002
0.152
0.130
-0.009
-0.016
-0.015
0.001
0.004
0.001
0.119
0.022
0.115
0.004
-0.001
0.151
-0.008
0.124
0.114
0.133
-0.020
-0.016
0.114
-0.038
-0.018
-0.005
0.021
-0.027
-0.149
-0.009
-0.032
0.022
-0.020
-0.004
-0.019
-0.013
0.011
0.005
-0.029
-0.142
0.003
-0.008
0.017
-0.002
-0.008
-0.142
0.002
0.006
-0.015
-0.025
-0.002
-0.010
-0.118
