0.082
0.040
0.240
0.094
0.047
0.146
0.089
0.118
0.115
0.099
0.120
0.089
0.080
0.188
0.094
0.068
0.111
0.146
0.136
0.235
0.049
0.221
0.078
0.087
0.144
0.113
0.221
0.193
0.127
0.240
0.094
0.087
0.031
0.226
0.209
0.129
0.111
0.096
0.266
0.078
0.200
0.111
0.099
0.228
0.096
0.080
0.127
0.056
0.080
0.254
0.120
0.082
0.127
0.136
0.127
0.078
0.172
0.066
0.188
0.202
0.146
0.205
0.094
0.040
0.111
0.085
0.120
0.134
0.202
0.184
0.087
0.087
0.122
0.085
0.228
0.136
0.066
0.127
0.132
0.087
0.047
0.054
0.146
0.080
0.132
0.205
0.136
0.271
0.115
0.104
0.087
0.120
0.141
0.059
0.256
0.125
0.144
0.146
0.198
0.068
0.068
0.045
0.068
0.099
0.252
0.172
0.146
0.226
0.087
0.082
0.096
0.120
0.129
0.056
0.242
0.136
0.073
0.031
0.087
0.186
0.035
0.099
0.118
0.019
-0.028
0.096
0.059
-0.064
0.136
0.118
0.118
0.080
0.108
-0.049
0.031
0.115
0.028
0.151
0.061
0.054
0.024
0.151
0.118
0.056
0.092
0.099
0.016
0.078
0.162
0.066
