0.144
-0.024
0.000
0.048
0.040
-0.032
-0.064
0.128
0.064
0.008
0.104
0.000
0.048
0.128
0.048
0.000
-0.048
-0.040
0.256
0.248
0.072
-0.008
0.024
0.000
-0.040
-0.072
-0.048
0.112
0.024
0.024
0.240
0.032
-0.104
0.200
0.000
0.056
-0.008
0.128
0.000
0.008
0.240
0.064
-0.016
0.056
0.128
0.096
0.040
-0.080
0.048
0.008
0.144
0.176
0.056
0.016
0.024
-0.024
-0.104
-0.112
0.056
-0.024
0.072
0.056
0.056
0.088
-0.072
0.208
-0.072
0.008
0.112
-0.040
0.080
0.040
0.112
0.128
0.008
-0.072
0.128
0.048
0.040
-0.064
0.136
0.000
0.160
0.072
-0.024
0.000
0.072
-0.016
-0.056
-0.080
-0.024
-0.048
0.208
0.080
0.160
0.032
-0.024
0.176
0.056
0.136
0.104
0.096
0.032
0.008
0.096
0.080
0.144
0.168
0.072
0.008
-0.008
0.048
0.144
-0.064
0.144
0.200
0.064
0.024
0.000
0.008
0.056
0.072
0.048
0.072
-0.008
-0.104
0.008
0.080
-0.040
0.024
-0.032
0.040
-0.048
0.160
-0.008
-0.032
-0.152
-0.040
-0.064
0.024
0.040
-0.016
-0.112
0.088
0.008
-0.016
-0.080
0.088
0.104
-0.128
