0.104
0.024
0.245
0.083
0.037
0.136
0.075
0.117
0.112
0.099
0.131
0.101
0.067
0.171
0.096
0.061
0.085
0.139
0.141
0.245
0.056
0.211
0.080
0.096
0.144
0.120
0.237
0.168
0.131
0.237
0.083
0.077
0.021
0.221
0.232
0.133
0.091
0.051
0.240
0.083
0.197
0.123
0.123
0.224
0.093
0.072
0.115
0.072
0.104
0.248
0.109
0.059
0.128
0.133
0.109
0.085
0.155
0.064
0.173
0.213
0.157
0.208
0.085
0.035
0.099
0.080
0.123
0.128
0.213
0.163
0.064
0.077
0.115
0.072
0.240
0.136
0.069
0.133
0.115
0.083
0.045
0.048
0.147
0.101
0.136
0.192
0.149
0.277
0.104
0.107
0.077
0.104
0.136
0.043
0.269
0.131
0.136
0.133
0.200
0.077
0.069
0.024
0.056
0.117
0.251
0.179
0.147
0.229
0.091
0.088
0.088
0.117
0.125
0.067
0.245
0.139
0.096
0.019
0.093
0.179
0.053
0.093
0.128
0.027
-0.013
0.080
0.045
-0.069
0.155
0.139
0.123
0.085
0.115
-0.032
0.027
0.120
0.053
0.155
0.043
0.061
0.016
0.152
0.099
0.056
0.101
0.085
0.013
0.069
0.157
0.059
