0.122
0.013
0.004
0.020
-0.019
-0.013
-0.022
0.122
0.014
0.014
0.046
-0.009
-0.008
0.140
-0.001
-0.007
-0.004
-0.007
0.134
0.153
0.018
-0.012
0.127
0.021
0.010
-0.008
-0.010
0.113
0.023
-0.013
0.145
0.018
-0.029
0.163
0.010
0.001
0.007
0.138
-0.033
0.011
0.168
0.009
0.007
-0.011
0.153
0.122
0.008
0.007
-0.027
0.001
0.100
0.120
0.003
-0.007
-0.012
0.007
-0.013
-0.032
0.005
-0.004
0.028
0.031
-0.008
0.111
-0.048
0.152
-0.040
0.029
0.104
0.012
-0.023
0.017
0.125
-0.004
0.004
0.007
0.001
-0.019
0.020
0.015
0.040
-0.004
0.164
0.021
0.007
0.003
-0.010
-0.025
-0.004
-0.037
-0.020
-0.032
0.126
-0.007
0.136
-0.022
-0.007
0.160
0.014
0.166
0.147
0.007
-0.015
-0.019
0.002
0.013
0.003
0.116
0.020
0.109
0.016
-0.001
0.147
-0.015
0.150
0.123
0.132
-0.011
-0.018
0.117
-0.041
-0.042
0.013
0.006
-0.037
-0.156
0.002
-0.025
0.011
-0.010
-0.015
-0.012
-0.006
0.033
-0.005
-0.035
-0.138
0.000
-0.014
0.007
0.007
-0.027
-0.120
0.012
0.016
-0.020
-0.027
0.003
-0.017
-0.118
