0.075
0.025
0.000
0.050
-0.025
0.000
0.000
-0.150
0.000
0.150
0.175
0.000
0.025
-0.025
-0.075
-0.075
0.250
-0.025
-0.025
-0.025
0.100
-0.050
0.075
0.175
0.000
-0.100
0.000
-0.075
-0.075
-0.125
-0.200
0.000
0.200
-0.100
-0.150
0.000
-0.125
-0.175
0.150
-0.100
-0.150
-0.075
-0.200
0.125
-0.075
0.050
-0.100
-0.100
0.025
-0.025
0.050
-0.025
0.000
-0.025
0.100
-0.150
0.000
-0.025
-0.100
0.325
-0.150
0.025
0.050
0.075
0.275
0.100
-0.050
0.075
-0.175
-0.125
-0.150
-0.125
0.050
-0.250
-0.025
-0.075
-0.150
0.225
-0.075
0.250
0.125
-0.125
0.025
0.150
0.225
0.050
-0.075
-0.075
0.050
0.125
0.100
-0.175
0.050
-0.125
-0.050
-0.050
0.050
0.225
0.275
0.125
-0.100
0.125
-0.025
0.050
-0.125
-0.025
0.025
-0.050
0.000
-0.275
0.050
0.000
-0.075
-0.025
-0.100
0.150
0.025
0.000
-0.025
0.125
0.000
-0.175
-0.075
-0.300
-0.175
0.000
-0.125
-0.075
0.150
0.050
-0.025
-0.025
-0.025
0.075
0.125
-0.125
-0.125
0.050
-0.050
-0.175
-0.125
0.125
-0.075
0.225
-0.050
-0.050
-0.100
-0.075
0.075
0.200
