0.080
-0.067
-0.027
-0.093
0.040
-0.067
-0.080
0.093
-0.040
-0.093
0.093
-0.093
0.080
0.013
0.000
-0.027
-0.080
-0.120
0.253
0.200
0.053
-0.093
-0.013
-0.013
-0.120
-0.187
-0.133
0.053
-0.013
-0.013
0.147
-0.080
-0.133
0.293
-0.027
0.027
-0.093
0.053
0.000
-0.053
0.227
0.027
-0.053
0.147
0.160
0.067
-0.040
-0.053
-0.040
-0.067
0.120
0.173
0.053
-0.013
0.000
0.027
-0.093
-0.093
-0.027
0.013
0.040
-0.027
-0.013
0.120
-0.187
0.213
-0.080
-0.013
0.040
0.027
0.053
0.080
0.173
0.040
-0.027
-0.120
0.067
0.067
-0.027
-0.133
0.120
-0.040
0.213
0.013
-0.040
-0.053
0.000
-0.093
0.027
-0.053
-0.013
-0.013
0.187
0.013
0.133
0.040
-0.080
0.147
-0.027
-0.013
0.133
0.093
-0.093
-0.013
0.080
0.040
0.147
0.080
0.040
-0.027
0.000
0.000
0.133
-0.133
0.200
0.240
-0.013
0.053
-0.013
0.067
0.000
0.080
-0.040
0.027
0.000
-0.120
-0.067
0.027
-0.067
-0.013
0.027
-0.013
0.013
0.133
-0.013
-0.067
-0.120
0.027
-0.160
0.013
0.000
-0.067
-0.080
0.107
-0.080
-0.120
-0.067
0.133
0.133
-0.147
