0.089
0.031
0.249
0.074
0.052
0.129
0.062
0.129
0.102
0.095
0.117
0.105
0.065
0.160
0.095
0.065
0.052
0.142
0.157
0.225
0.062
0.175
0.065
0.071
0.120
0.108
0.246
0.166
0.132
0.234
0.098
0.065
0.025
0.222
0.249
0.138
0.068
0.040
0.243
0.058
0.188
0.114
0.111
0.231
0.086
0.083
0.108
0.095
0.083
0.228
0.098
0.068
0.126
0.148
0.098
0.080
0.172
0.037
0.175
0.215
0.148
0.212
0.049
0.031
0.102
0.062
0.105
0.154
0.194
0.157
0.062
0.083
0.092
0.071
0.246
0.142
0.065
0.123
0.071
0.077
0.055
0.049
0.163
0.083
0.154
0.185
0.135
0.302
0.089
0.092
0.077
0.089
0.120
0.065
0.277
0.117
0.145
0.132
0.194
0.071
0.068
0.000
0.049
0.129
0.225
0.175
0.129
0.237
0.117
0.052
0.077
0.089
0.098
0.074
0.249
0.145
0.117
-0.003
0.095
0.188
0.074
0.086
0.126
0.012
-0.006
0.074
0.062
-0.055
0.157
0.151
0.095
0.077
0.142
-0.022
0.034
0.114
0.052
0.135
0.046
0.052
0.018
0.132
0.086
0.062
0.120
0.092
0.031
0.083
0.172
0.055
