0.074
0.053
0.032
0.011
-0.011
0.011
-0.011
-0.137
0.011
0.179
0.179
0.053
0.053
-0.095
-0.116
-0.032
0.200
-0.053
-0.053
0.032
0.158
-0.053
0.074
0.095
0.011
-0.053
-0.074
-0.116
-0.032
-0.158
-0.263
0.032
0.179
-0.053
-0.116
-0.011
-0.095
-0.242
0.137
-0.053
-0.137
0.011
-0.221
0.095
-0.053
0.011
-0.095
-0.116
-0.011
-0.095
0.011
0.011
0.032
-0.032
0.095
-0.074
-0.032
-0.074
-0.095
0.326
-0.116
0.032
0.053
0.032
0.305
0.095
-0.158
0.053
-0.158
-0.074
-0.074
-0.095
0.011
-0.200
-0.074
-0.074
-0.095
0.158
-0.116
0.263
0.158
-0.158
0.032
0.116
0.242
0.053
-0.116
-0.053
0.095
0.158
0.137
-0.200
0.053
-0.095
-0.032
-0.053
0.032
0.137
0.326
0.158
-0.074
0.137
-0.011
0.137
-0.137
0.053
0.032
-0.074
0.053
-0.284
0.074
0.032
-0.116
-0.053
-0.074
0.200
-0.011
-0.011
-0.011
0.221
0.011
-0.074
-0.074
-0.242
-0.074
0.032
-0.095
-0.053
0.179
-0.011
-0.074
-0.074
-0.011
0.116
0.074
-0.095
-0.074
0.032
-0.095
-0.158
-0.158
0.095
-0.032
0.221
-0.011
-0.074
-0.116
-0.158
0.053
0.221
