0.113
0.015
0.000
0.065
0.029
-0.011
-0.011
0.127
0.004
0.000
0.076
-0.029
0.015
0.171
0.047
-0.015
0.036
0.015
0.160
0.258
0.058
0.000
0.084
0.004
-0.022
-0.018
-0.018
0.109
0.076
0.029
0.211
0.025
-0.055
0.178
0.018
0.051
0.018
0.076
-0.025
-0.029
0.211
0.007
-0.022
0.073
0.135
0.131
0.025
-0.033
0.018
0.047
0.167
0.105
0.029
-0.011
0.033
-0.007
-0.047
-0.065
0.000
-0.018
0.058
0.084
0.022
0.120
-0.055
0.164
-0.029
0.025
0.124
-0.022
0.015
0.076
0.142
0.036
0.015
-0.055
0.073
0.036
0.036
-0.040
0.062
0.029
0.167
0.018
-0.025
0.036
0.007
0.025
-0.011
-0.080
0.025
-0.018
0.149
-0.022
0.131
0.000
-0.004
0.236
-0.015
0.185
0.164
0.069
0.015
-0.004
0.058
0.018
0.004
0.080
0.055
0.138
-0.007
0.022
0.149
-0.044
0.124
0.193
0.182
0.018
-0.087
0.040
-0.025
-0.047
0.029
0.004
-0.022
-0.102
0.033
0.062
-0.011
0.022
-0.044
0.007
0.004
0.091
-0.007
-0.033
-0.120
0.025
-0.040
0.040
-0.007
0.022
-0.127
0.076
0.044
-0.044
-0.004
0.015
0.025
-0.098
