0.135
-0.012
-0.010
0.030
0.008
-0.023
-0.005
0.117
0.018
0.017
0.050
-0.055
-0.008
0.173
0.030
0.003
0.012
-0.010
0.132
0.203
0.010
-0.013
0.138
0.015
-0.007
-0.020
0.007
0.098
0.047
0.007
0.153
0.032
-0.052
0.162
0.053
0.002
0.037
0.103
-0.028
0.003
0.207
0.028
-0.028
-0.005
0.155
0.110
0.023
0.003
-0.015
0.023
0.092
0.095
0.035
-0.008
0.053
-0.010
-0.002
-0.057
0.017
-0.007
0.050
0.033
0.013
0.137
-0.047
0.123
-0.038
0.053
0.133
0.035
-0.002
0.033
0.120
-0.012
0.007
0.027
0.038
-0.003
0.018
0.037
0.030
-0.005
0.168
0.022
0.028
-0.003
0.018
-0.035
-0.013
-0.048
0.007
-0.030
0.148
-0.027
0.147
-0.033
-0.020
0.192
0.013
0.175
0.143
0.030
-0.013
-0.020
0.008
0.035
0.022
0.118
0.035
0.132
0.015
0.008
0.145
-0.048
0.152
0.162
0.152
-0.010
-0.063
0.085
-0.055
-0.050
0.037
0.053
-0.028
-0.162
-0.012
-0.002
-0.008
0.007
-0.028
-0.020
0.048
0.075
0.000
-0.012
-0.113
0.022
-0.008
0.022
0.025
0.000
-0.140
0.048
0.028
0.002
-0.027
-0.007
0.010
-0.087
