0.010
-0.020
0.240
0.110
-0.040
0.170
-0.040
0.200
0.000
0.160
0.150
0.070
0.200
0.080
0.070
0.120
0.020
0.140
0.240
0.240
0.150
0.220
0.060
0.100
0.130
0.110
0.320
0.100
0.210
0.250
0.080
0.050
0.120
0.200
0.250
0.230
0.000
0.050
0.250
0.020
0.210
0.140
0.070
0.220
0.120
0.120
0.170
0.030
0.050
0.300
0.170
0.070
0.120
0.200
0.230
0.110
0.250
0.040
0.180
0.200
0.230
0.260
0.150
0.060
0.120
0.100
0.040
0.240
0.150
0.240
0.040
0.110
0.160
0.030
0.250
0.170
0.110
0.100
0.070
0.000
0.110
0.110
0.120
0.120
0.190
0.080
0.180
0.320
0.150
0.180
0.070
-0.040
0.090
0.160
0.220
0.140
0.100
0.100
0.140
0.220
0.120
0.040
0.070
0.170
0.200
0.170
0.240
0.220
0.260
-0.040
0.090
0.110
0.230
0.090
0.290
0.170
0.110
0.040
0.090
0.170
0.040
0.090
0.140
-0.040
-0.040
-0.020
0.050
0.030
0.190
0.190
0.150
0.120
0.120
0.040
-0.100
0.060
-0.050
0.240
0.140
-0.020
0.030
0.170
0.140
0.010
0.060
0.080
-0.010
0.140
0.210
0.020
