0.126
0.017
0.000
0.027
-0.016
-0.010
-0.002
0.128
0.007
0.016
0.056
-0.019
-0.004
0.150
0.000
0.004
-0.008
0.002
0.130
0.162
0.014
-0.010
0.136
0.032
0.008
0.000
-0.008
0.111
0.032
-0.005
0.145
0.035
-0.028
0.166
0.016
0.007
0.010
0.148
-0.034
0.013
0.170
0.021
-0.008
-0.002
0.169
0.123
0.016
0.014
-0.022
0.001
0.093
0.124
0.018
-0.012
0.000
0.008
-0.022
-0.025
0.008
-0.011
0.032
0.033
-0.004
0.113
-0.047
0.151
-0.039
0.037
0.111
0.014
-0.012
0.023
0.124
0.002
0.002
0.005
0.011
-0.014
0.027
0.022
0.037
0.000
0.166
0.026
0.011
0.001
-0.005
-0.025
0.000
-0.033
-0.019
-0.032
0.126
-0.008
0.146
-0.019
0.003
0.172
0.019
0.160
0.150
-0.004
-0.024
-0.018
0.008
0.026
0.006
0.119
0.034
0.116
0.022
0.005
0.148
-0.024
0.148
0.124
0.134
-0.007
-0.025
0.110
-0.038
-0.038
0.028
0.013
-0.041
-0.164
0.008
-0.019
0.018
-0.010
-0.014
-0.016
-0.005
0.047
-0.006
-0.027
-0.132
-0.003
-0.017
0.012
0.015
-0.030
-0.118
0.016
0.019
0.002
-0.034
0.005
-0.019
-0.109
