0.091
0.029
0.232
0.093
0.025
0.131
0.091
0.120
0.122
0.103
0.107
0.107
0.076
0.183
0.105
0.055
0.101
0.141
0.139
0.240
0.042
0.217
0.072
0.078
0.133
0.118
0.213
0.198
0.109
0.251
0.101
0.091
0.040
0.248
0.200
0.114
0.091
0.084
0.248
0.091
0.208
0.109
0.086
0.213
0.088
0.078
0.112
0.063
0.065
0.244
0.109
0.080
0.137
0.137
0.137
0.057
0.166
0.069
0.189
0.196
0.131
0.211
0.099
0.048
0.107
0.086
0.093
0.152
0.211
0.179
0.069
0.076
0.122
0.097
0.213
0.131
0.072
0.126
0.116
0.067
0.048
0.038
0.128
0.078
0.156
0.213
0.122
0.263
0.103
0.105
0.093
0.128
0.143
0.059
0.246
0.116
0.137
0.133
0.215
0.059
0.080
0.042
0.072
0.093
0.246
0.173
0.128
0.225
0.093
0.099
0.109
0.118
0.126
0.042
0.238
0.137
0.080
0.032
0.091
0.179
0.027
0.091
0.120
0.017
-0.019
0.103
0.069
-0.088
0.135
0.109
0.122
0.097
0.097
-0.044
0.025
0.114
0.029
0.154
0.067
0.059
0.027
0.137
0.128
0.044
0.080
0.114
0.027
0.074
0.154
0.091
