0.134
0.003
-0.007
0.024
0.017
-0.013
-0.010
0.133
0.000
0.023
0.057
-0.037
-0.003
0.141
0.026
-0.001
0.004
-0.009
0.126
0.191
0.010
-0.007
0.139
0.017
0.004
-0.014
-0.006
0.104
0.044
-0.014
0.140
0.046
-0.057
0.180
0.049
-0.001
0.016
0.121
-0.023
0.016
0.203
0.010
-0.013
-0.004
0.163
0.107
0.020
0.000
-0.010
0.014
0.103
0.116
0.027
-0.007
0.027
-0.009
0.001
-0.046
0.011
-0.007
0.049
0.033
0.013
0.117
-0.070
0.134
-0.046
0.043
0.119
0.009
-0.016
0.011
0.114
0.000
0.014
0.033
0.023
-0.013
0.019
0.031
0.039
0.006
0.159
0.020
0.027
0.000
0.009
-0.033
-0.003
-0.031
0.000
-0.020
0.136
-0.020
0.134
-0.034
-0.019
0.186
0.014
0.154
0.136
0.024
-0.029
-0.040
0.013
0.034
0.026
0.114
0.033
0.146
0.026
0.009
0.144
-0.030
0.143
0.157
0.161
-0.021
-0.051
0.104
-0.029
-0.027
0.009
0.041
-0.026
-0.159
0.004
-0.016
0.006
0.009
-0.023
-0.024
0.031
0.074
-0.006
-0.007
-0.124
-0.001
-0.014
0.014
0.010
-0.019
-0.137
0.044
0.029
0.004
-0.034
0.000
-0.001
-0.100
