0.122
0.016
0.000
0.034
-0.007
-0.018
-0.009
0.140
0.012
0.021
0.054
-0.012
-0.005
0.146
0.016
0.008
0.012
-0.002
0.134
0.179
0.014
-0.012
0.133
0.029
0.009
0.009
-0.004
0.109
0.042
0.016
0.144
0.044
-0.039
0.164
0.035
0.018
0.014
0.142
-0.026
0.018
0.185
0.026
-0.013
-0.001
0.179
0.119
0.019
0.007
-0.019
0.009
0.102
0.140
0.039
-0.002
0.015
0.002
-0.018
-0.031
0.008
0.005
0.028
0.042
0.014
0.114
-0.061
0.149
-0.055
0.039
0.125
0.011
-0.004
0.022
0.121
-0.006
0.024
0.016
0.015
-0.011
0.027
0.015
0.051
0.015
0.172
0.038
0.021
-0.007
-0.013
-0.022
0.001
-0.035
-0.018
-0.021
0.136
-0.009
0.140
-0.022
-0.018
0.182
0.013
0.161
0.152
0.014
-0.022
-0.028
0.009
0.025
0.013
0.114
0.029
0.122
0.005
0.018
0.151
-0.029
0.144
0.128
0.153
-0.022
-0.026
0.109
-0.027
-0.036
0.022
0.024
-0.031
-0.158
0.005
-0.011
0.026
0.004
-0.028
-0.009
0.018
0.052
-0.009
-0.021
-0.132
0.004
0.004
0.020
0.015
-0.025
-0.112
0.029
0.035
0.016
-0.035
0.005
-0.013
-0.093
