0.095
0.030
0.245
0.092
0.035
0.143
0.077
0.130
0.115
0.092
0.122
0.090
0.070
0.182
0.090
0.055
0.092
0.143
0.135
0.240
0.058
0.220
0.080
0.103
0.145
0.105
0.238
0.182
0.128
0.240
0.088
0.077
0.018
0.215
0.223
0.130
0.088
0.070
0.247
0.088
0.200
0.115
0.105
0.230
0.088
0.068
0.120
0.058
0.092
0.247
0.115
0.072
0.125
0.138
0.128
0.083
0.168
0.083
0.173
0.215
0.147
0.210
0.092
0.040
0.105
0.090
0.122
0.130
0.212
0.173
0.077
0.083
0.122
0.077
0.228
0.135
0.055
0.130
0.143
0.105
0.050
0.050
0.155
0.090
0.140
0.203
0.145
0.273
0.100
0.110
0.090
0.107
0.140
0.043
0.260
0.115
0.143
0.130
0.205
0.077
0.075
0.037
0.068
0.113
0.242
0.180
0.147
0.223
0.088
0.085
0.098
0.118
0.120
0.062
0.245
0.138
0.088
0.025
0.068
0.182
0.033
0.098
0.120
0.022
-0.033
0.088
0.058
-0.068
0.133
0.125
0.122
0.083
0.115
-0.035
0.020
0.118
0.037
0.155
0.058
0.060
0.040
0.147
0.110
0.055
0.085
0.095
0.022
0.088
0.170
0.055
