0.106
0.003
0.000
0.008
-0.031
0.003
0.005
0.127
0.017
0.008
0.027
-0.018
-0.012
0.136
0.007
-0.019
-0.011
-0.003
0.131
0.147
0.014
-0.022
0.119
0.021
-0.005
0.006
0.005
0.120
0.000
-0.010
0.121
-0.003
-0.021
0.155
-0.006
0.001
0.013
0.127
-0.025
0.015
0.150
0.005
0.007
-0.012
0.142
0.121
-0.005
0.003
-0.019
0.001
0.107
0.113
-0.018
0.007
-0.024
0.004
-0.007
-0.022
-0.007
-0.007
0.018
-0.003
-0.022
0.131
-0.049
0.139
-0.045
0.013
0.111
0.003
-0.022
0.014
0.121
-0.009
0.001
-0.007
-0.009
-0.007
0.000
0.003
0.022
-0.005
0.174
0.014
-0.007
0.001
-0.025
-0.040
-0.012
-0.001
-0.010
-0.033
0.121
-0.016
0.134
-0.016
-0.002
0.149
-0.001
0.154
0.135
-0.007
-0.016
-0.021
0.003
-0.002
-0.005
0.128
0.024
0.112
0.003
-0.001
0.151
-0.005
0.123
0.114
0.133
-0.020
-0.022
0.115
-0.031
-0.020
-0.002
0.026
-0.026
-0.148
-0.011
-0.035
0.020
-0.028
-0.003
-0.014
-0.012
0.014
0.007
-0.032
-0.140
0.006
-0.014
0.011
0.001
-0.009
-0.144
0.000
0.007
-0.016
-0.034
-0.001
-0.013
-0.125
