0.120
-0.016
0.011
0.067
0.035
-0.011
0.000
0.128
0.003
0.032
0.051
-0.029
0.008
0.173
0.027
-0.016
-0.008
0.011
0.163
0.232
0.037
0.011
0.104
0.024
0.016
-0.027
0.000
0.107
0.064
-0.005
0.208
0.040
-0.032
0.165
0.029
0.029
0.029
0.088
-0.035
-0.011
0.208
0.011
-0.027
0.045
0.152
0.125
0.021
-0.032
0.003
0.003
0.125
0.123
0.013
-0.008
0.043
-0.011
-0.011
-0.048
0.019
-0.029
0.053
0.069
0.035
0.112
-0.043
0.115
-0.037
0.045
0.099
0.032
0.051
0.069
0.128
0.019
0.019
-0.021
0.032
0.013
0.011
-0.011
0.053
0.027
0.181
0.032
0.008
0.029
0.019
-0.019
-0.008
-0.075
0.008
0.013
0.176
0.005
0.123
0.000
0.005
0.224
0.029
0.165
0.152
0.045
-0.011
-0.011
0.053
0.024
0.003
0.077
0.053
0.160
0.024
0.013
0.144
-0.051
0.144
0.176
0.173
-0.008
-0.075
0.069
-0.069
-0.056
0.037
0.035
-0.040
-0.139
0.008
0.003
-0.016
0.019
-0.008
-0.019
0.003
0.085
-0.016
-0.021
-0.117
0.053
0.016
0.029
-0.013
0.013
-0.155
0.069
0.032
-0.021
-0.021
-0.016
0.016
-0.107
