0.125
0.005
0.000
0.090
0.025
-0.020
-0.035
0.100
0.000
-0.005
0.055
-0.010
0.010
0.175
0.020
0.000
0.030
0.000
0.180
0.250
0.050
-0.015
0.085
0.000
-0.030
0.000
-0.065
0.100
0.070
0.015
0.190
0.045
-0.085
0.210
-0.025
0.010
-0.010
0.090
0.020
-0.060
0.195
0.035
-0.030
0.050
0.120
0.130
0.025
-0.010
0.060
0.065
0.140
0.105
0.040
0.000
0.010
-0.015
-0.055
-0.095
0.005
-0.010
0.070
0.075
0.055
0.115
-0.035
0.190
-0.020
0.045
0.135
-0.010
0.020
0.060
0.135
0.055
0.010
-0.080
0.080
0.070
0.040
-0.060
0.045
0.015
0.160
0.070
-0.030
0.020
0.035
0.000
-0.025
-0.040
0.040
-0.025
0.155
0.030
0.135
0.010
-0.065
0.230
0.050
0.210
0.160
0.125
0.020
-0.015
0.070
0.025
0.060
0.155
0.060
0.105
-0.010
0.055
0.125
-0.035
0.140
0.200
0.145
0.005
-0.060
0.020
0.015
-0.040
0.015
0.045
-0.050
-0.100
0.040
0.090
-0.030
0.040
-0.035
0.015
-0.020
0.115
-0.015
-0.020
-0.125
-0.030
-0.030
0.035
0.025
0.020
-0.095
0.090
0.015
-0.015
-0.020
-0.005
0.050
-0.070
