0.125
0.020
0.003
0.025
-0.020
-0.006
-0.002
0.133
0.004
0.016
0.055
-0.015
-0.006
0.152
0.001
0.007
-0.011
0.004
0.129
0.166
0.014
-0.013
0.132
0.031
0.011
-0.003
-0.008
0.104
0.029
-0.004
0.142
0.032
-0.026
0.167
0.023
0.013
0.012
0.144
-0.039
0.017
0.169
0.022
-0.012
-0.005
0.166
0.120
0.017
0.008
-0.027
0.007
0.099
0.128
0.025
-0.011
0.002
0.005
-0.017
-0.027
0.014
-0.009
0.029
0.032
0.005
0.112
-0.053
0.147
-0.041
0.035
0.114
0.011
-0.009
0.023
0.124
0.000
0.007
0.008
0.014
-0.014
0.028
0.023
0.046
0.005
0.168
0.026
0.013
-0.002
-0.004
-0.026
-0.002
-0.034
-0.018
-0.034
0.128
-0.012
0.146
-0.020
0.000
0.183
0.022
0.158
0.153
-0.005
-0.019
-0.015
0.006
0.024
0.007
0.117
0.037
0.119
0.019
0.008
0.147
-0.025
0.151
0.123
0.136
-0.009
-0.027
0.109
-0.042
-0.037
0.026
0.016
-0.040
-0.159
0.000
-0.017
0.018
-0.013
-0.015
-0.016
0.000
0.045
-0.006
-0.028
-0.127
-0.004
-0.015
0.009
0.009
-0.034
-0.116
0.014
0.017
0.009
-0.031
-0.005
-0.016
-0.105
