0.049
0.044
0.284
0.089
0.031
0.173
0.084
0.151
0.107
0.093
0.147
0.102
0.080
0.133
0.049
0.071
0.044
0.142
0.160
0.236
0.049
0.204
0.071
0.058
0.129
0.080
0.262
0.173
0.156
0.267
0.067
0.098
0.036
0.209
0.240
0.124
0.107
0.044
0.262
0.067
0.178
0.116
0.111
0.236
0.089
0.089
0.133
0.098
0.093
0.262
0.076
0.031
0.111
0.164
0.151
0.076
0.267
0.022
0.196
0.200
0.156
0.236
0.076
0.067
0.120
0.076
0.107
0.169
0.178
0.191
0.080
0.084
0.120
0.084
0.231
0.173
0.093
0.124
0.076
0.049
0.067
0.071
0.138
0.116
0.116
0.187
0.164
0.338
0.067
0.133
0.107
0.102
0.124
0.120
0.284
0.151
0.147
0.116
0.196
0.071
0.053
0.053
0.084
0.182
0.218
0.147
0.178
0.227
0.147
0.036
0.058
0.111
0.107
0.102
0.218
0.222
0.111
0.022
0.093
0.182
0.080
0.116
0.107
-0.018
-0.004
0.067
0.093
-0.009
0.178
0.142
0.120
0.067
0.156
0.004
0.004
0.147
0.044
0.182
0.080
0.013
0.040
0.147
0.098
0.040
0.116
0.093
0.004
0.080
0.200
0.036
