0.132
-0.005
-0.010
0.024
0.007
-0.023
-0.007
0.118
0.019
0.021
0.054
-0.057
-0.005
0.169
0.038
-0.002
0.016
-0.002
0.129
0.203
0.010
-0.010
0.146
0.012
0.003
-0.019
0.002
0.096
0.042
0.012
0.151
0.031
-0.056
0.155
0.059
0.010
0.052
0.099
-0.031
0.003
0.205
0.017
-0.033
-0.002
0.158
0.118
0.023
-0.002
-0.016
0.033
0.089
0.097
0.033
-0.007
0.054
-0.005
-0.003
-0.059
0.019
-0.012
0.047
0.031
0.017
0.139
-0.054
0.120
-0.043
0.054
0.139
0.040
-0.002
0.035
0.122
-0.012
-0.002
0.023
0.043
-0.005
0.033
0.033
0.031
-0.002
0.169
0.030
0.030
0.002
0.019
-0.031
-0.016
-0.037
0.002
-0.021
0.146
-0.021
0.151
-0.037
-0.024
0.197
0.016
0.162
0.148
0.026
-0.007
-0.009
0.017
0.033
0.024
0.106
0.038
0.130
0.019
0.009
0.150
-0.043
0.155
0.158
0.162
-0.017
-0.059
0.092
-0.056
-0.042
0.042
0.057
-0.024
-0.158
-0.007
-0.005
-0.016
0.002
-0.033
-0.009
0.045
0.073
0.007
-0.012
-0.115
0.033
-0.009
0.028
0.028
-0.005
-0.148
0.050
0.028
-0.005
-0.031
-0.009
0.012
-0.082
