0.125
0.000
-0.007
0.027
0.007
-0.025
-0.007
0.107
0.011
0.022
0.058
-0.060
-0.005
0.167
0.033
-0.015
0.018
-0.005
0.135
0.202
0.015
-0.011
0.138
0.011
0.005
-0.011
0.004
0.102
0.045
0.015
0.158
0.040
-0.049
0.155
0.069
0.020
0.038
0.098
-0.035
-0.002
0.209
0.024
-0.040
-0.004
0.155
0.127
0.016
0.002
-0.016
0.040
0.087
0.105
0.025
-0.002
0.056
-0.011
-0.005
-0.053
0.024
-0.020
0.051
0.036
0.024
0.129
-0.058
0.122
-0.042
0.058
0.131
0.042
0.011
0.042
0.129
-0.011
0.004
0.016
0.040
-0.013
0.020
0.033
0.040
-0.004
0.176
0.025
0.036
0.018
0.031
-0.038
-0.009
-0.033
0.013
-0.016
0.151
-0.018
0.145
-0.036
-0.020
0.185
0.022
0.173
0.145
0.020
-0.009
-0.016
0.011
0.031
0.027
0.104
0.045
0.122
0.025
0.002
0.147
-0.044
0.151
0.169
0.171
-0.015
-0.060
0.085
-0.044
-0.047
0.029
0.047
-0.027
-0.151
0.000
0.007
-0.020
0.002
-0.044
-0.004
0.042
0.082
0.013
-0.020
-0.122
0.042
-0.013
0.029
0.020
-0.007
-0.144
0.045
0.027
-0.018
-0.027
-0.004
0.013
-0.080
