0.062
0.029
0.265
0.080
0.044
0.153
0.073
0.131
0.095
0.102
0.135
0.102
0.073
0.142
0.076
0.080
0.073
0.145
0.153
0.233
0.040
0.182
0.069
0.040
0.109
0.095
0.236
0.175
0.135
0.233
0.065
0.076
0.015
0.215
0.262
0.135
0.105
0.040
0.262
0.091
0.178
0.113
0.105
0.218
0.080
0.080
0.113
0.095
0.073
0.236
0.084
0.062
0.131
0.153
0.102
0.091
0.215
0.025
0.193
0.215
0.145
0.222
0.058
0.040
0.109
0.058
0.084
0.171
0.175
0.171
0.084
0.076
0.127
0.047
0.236
0.149
0.062
0.131
0.055
0.044
0.036
0.062
0.156
0.098
0.124
0.178
0.145
0.316
0.076
0.109
0.098
0.069
0.120
0.105
0.287
0.127
0.116
0.116
0.193
0.080
0.047
0.000
0.076
0.145
0.233
0.167
0.138
0.236
0.120
0.044
0.055
0.098
0.098
0.091
0.229
0.193
0.105
-0.004
0.109
0.185
0.080
0.109
0.116
0.011
-0.015
0.069
0.095
-0.033
0.156
0.149
0.102
0.076
0.131
-0.018
0.022
0.124
0.047
0.149
0.065
0.033
0.029
0.149
0.084
0.062
0.098
0.065
0.015
0.065
0.185
0.058
