0.156
0.067
-0.200
0.156
-0.067
-0.111
-0.111
-0.022
-0.111
-0.067
0.111
-0.067
0.111
-0.200
-0.022
-0.067
0.422
-0.067
0.022
0.156
0.022
0.156
0.333
0.022
-0.111
-0.111
-0.067
-0.067
-0.111
-0.111
-0.244
-0.111
0.467
-0.200
-0.244
-0.022
-0.244
-0.289
0.156
-0.022
-0.289
-0.156
-0.200
0.067
-0.111
0.067
-0.156
0.022
0.200
-0.111
-0.067
-0.111
-0.022
-0.200
-0.067
-0.200
0.067
0.067
-0.156
0.289
-0.111
-0.067
0.022
0.289
0.156
0.111
-0.022
0.067
-0.111
-0.111
-0.289
-0.022
0.111
-0.244
-0.111
-0.156
-0.156
0.156
-0.022
0.289
0.156
-0.289
0.200
0.244
0.111
0.156
-0.200
-0.022
0.067
0.022
0.333
-0.378
0.022
-0.022
-0.111
-0.067
-0.022
0.067
0.200
-0.022
0.067
0.067
0.067
0.067
0.022
0.067
-0.067
0.022
-0.022
-0.289
-0.022
-0.200
-0.244
0.022
-0.067
0.156
0.022
-0.067
0.067
0.156
-0.111
-0.067
-0.156
-0.067
-0.289
-0.022
-0.244
0.067
0.156
0.022
0.022
0.022
-0.022
0.289
0.156
-0.200
-0.111
0.200
0.067
-0.022
-0.022
0.200
-0.022
0.067
-0.022
-0.200
-0.289
-0.111
0.111
0.200
