0.128
-0.005
0.018
0.058
0.043
-0.015
0.003
0.133
0.007
0.035
0.058
-0.025
0.005
0.185
0.028
-0.003
-0.010
0.007
0.152
0.223
0.043
0.010
0.090
0.020
0.022
-0.010
0.000
0.105
0.065
0.007
0.195
0.048
-0.037
0.170
0.037
0.035
0.035
0.095
-0.022
-0.013
0.212
0.000
-0.022
0.045
0.155
0.125
0.013
-0.015
-0.010
0.033
0.120
0.133
0.033
-0.020
0.043
-0.003
0.013
-0.055
0.013
-0.028
0.058
0.065
0.035
0.113
-0.048
0.098
-0.043
0.040
0.107
0.033
0.045
0.060
0.140
0.013
0.013
-0.013
0.052
0.003
0.005
0.018
0.048
0.015
0.190
0.035
0.018
0.037
0.018
-0.018
-0.013
-0.077
0.005
0.013
0.168
0.000
0.133
-0.022
0.000
0.217
0.040
0.170
0.138
0.050
-0.018
-0.025
0.048
0.018
0.007
0.095
0.060
0.158
0.035
0.010
0.135
-0.062
0.138
0.180
0.180
0.000
-0.075
0.077
-0.055
-0.065
0.030
0.043
-0.037
-0.145
0.003
0.025
-0.005
0.013
-0.020
0.000
0.010
0.083
-0.025
-0.015
-0.122
0.048
0.007
0.013
-0.015
0.028
-0.150
0.068
0.033
-0.025
-0.022
-0.007
0.015
-0.100
