0.015
0.040
0.275
0.110
0.025
0.175
0.055
0.160
0.115
0.100
0.150
0.100
0.095
0.135
0.015
0.060
0.035
0.130
0.175
0.255
0.070
0.190
0.060
0.075
0.135
0.065
0.275
0.155
0.180
0.270
0.055
0.125
0.030
0.190
0.235
0.130
0.110
0.050
0.275
0.065
0.170
0.140
0.115
0.220
0.085
0.095
0.150
0.120
0.095
0.235
0.080
0.055
0.120
0.165
0.125
0.085
0.255
0.030
0.210
0.190
0.170
0.230
0.090
0.055
0.120
0.080
0.095
0.190
0.180
0.215
0.065
0.080
0.115
0.090
0.230
0.170
0.090
0.135
0.100
0.020
0.080
0.075
0.160
0.105
0.115
0.190
0.155
0.365
0.080
0.155
0.105
0.090
0.120
0.140
0.285
0.155
0.160
0.115
0.190
0.125
0.060
0.070
0.100
0.200
0.230
0.145
0.175
0.240
0.130
0.025
0.050
0.125
0.115
0.130
0.240
0.225
0.110
0.015
0.135
0.175
0.070
0.125
0.095
-0.015
0.005
0.065
0.090
-0.035
0.200
0.140
0.135
0.080
0.150
0.040
-0.015
0.115
0.045
0.190
0.065
-0.005
0.050
0.175
0.115
0.045
0.095
0.085
0.005
0.090
0.190
0.060
