0.121
0.011
0.001
0.026
-0.019
-0.011
-0.002
0.123
0.010
0.015
0.057
-0.020
-0.002
0.151
0.001
0.010
-0.012
0.002
0.130
0.165
0.017
-0.012
0.138
0.032
0.017
-0.007
-0.008
0.114
0.025
-0.006
0.144
0.030
-0.031
0.172
0.013
0.006
0.014
0.149
-0.033
0.012
0.171
0.020
-0.005
-0.002
0.165
0.122
0.015
0.009
-0.024
0.000
0.091
0.123
0.015
-0.008
-0.006
0.008
-0.018
-0.029
0.004
-0.008
0.034
0.033
0.001
0.111
-0.052
0.150
-0.039
0.039
0.105
0.011
-0.013
0.019
0.125
-0.002
0.002
0.007
0.010
-0.013
0.022
0.022
0.040
-0.003
0.169
0.023
0.006
0.000
-0.006
-0.024
-0.009
-0.037
-0.018
-0.031
0.125
-0.007
0.142
-0.024
0.000
0.166
0.018
0.156
0.141
0.001
-0.025
-0.016
0.009
0.020
0.006
0.117
0.028
0.111
0.020
0.002
0.147
-0.027
0.145
0.122
0.134
-0.008
-0.027
0.107
-0.040
-0.042
0.027
0.011
-0.043
-0.161
0.004
-0.023
0.021
-0.010
-0.013
-0.018
-0.009
0.046
-0.011
-0.028
-0.139
-0.001
-0.016
0.014
0.008
-0.029
-0.119
0.019
0.021
0.002
-0.036
0.002
-0.020
-0.114
