0.0000	0.0010	0.0010	0.0010	0.0010	0.0000	0.0000	0.0000	0.0010	0.0010	0.0000	0.0010	0.0010	0.0000	0.0010	0.0000	0.0000	0.0010	0.0000	0.0010	0.0000	0.0010	0.0000	0.0000	0.0000	0.0000	0.0000	0.0000	0.0000	0.0000	0.0000	0.0000	0.0010	0.0000	0.0000	0.0000	0.0000	0.0000	0.0000	0.0000	0.0000	0.0000	0.0000	0.0000	0.0010	0.0000	0.0000	0.0000	0.0010	0.0000
0.0010	0.0000	0.0000	0.0000	0.0010	0.0000	0.0010	0.0000	0.0000	0.0000	0.0000	0.0010	0.0010	0.0000	0.0000	0.0000	0.0000	0.0010	0.0000	0.0000	0.0010	0.0000	0.0000	0.0000	0.0010	0.0000	0.0000	0.0000	0.0000	0.0000	0.0000	0.0010	0.0000	0.0000	0.0000	0.0010	0.0000	0.0010	0.0000	0.0000	0.0010	0.0010	0.0000	0.0010	0.0010	0.0000	0.0000	0.0000	0.0010	0.0010
0.0000	0.0000	0.0000	0.0010	0.0000	0.0000	0.0000	0.0010	0.0000	0.0000	0.0000	0.0000	0.0000	0.0010	0.0000	0.0000	0.0000	0.0000	0.0000	0.0000	0.0000	0.0010	0.0000	0.0000	0.0000	0.0000	0.0010	0.0010	0.0000	0.0010	0.0000	0.0000	0.0000	0.0000	0.0000	0.0000	0.0000	0.0010	0.0010	0.0010	0.0000	0.0000	0.0000	0.0010	0.0010	0.0000	0.0000	0.0000	0.0000	0.0000
0.0010	0.0010	0.0000	0.0010	0.0010	0.0000	0.0010	0.0000	0.0010	0.0000	0.0010	0.0010	0.0000	0.0000	0.0000	0.0000	0.0010	0.0010	0.0000	0.0000	0.0000	0.0000	0.0000	0.0000	0.0000	0.0000	0.0000	0.0000	0.0000	0.0010	0.0000	0.0000	0.0010	0.0000	0.0010	0.0000	0.0000	0.0000	0.0000	0.0000	0.0000	0.0000	0.0000	0.0010	0.0000	0.0000	0.0000	0.0000	0.0010	0.0000
0.0000	0.0000	0.0010	0.0000	0.0000	0.0000	0.0010	0.0010	0.0000	0.0010	0.0010	0.0000	0.0000	0.0000	0.0000	0.0000	0.0000	0.0000	0.0000	0.0000	0.0000	0.0010	0.0000	0.0000	0.0000	0.0000	0.0010	0.0010	0.0000	0.0000	0.0000	0.0000	0.0000	0.0000	0.0000	0.0000	0.0010	0.0000	0.0010	0.0010	0.0000	0.0000	0.0000	0.0010	0.0010	0.0000	0.0000	0.0000	0.0010	0.0010
0.0000	0.0010	0.0000	0.0000	0.0000	0.0000	0.0000	0.0010	0.0000	0.0010	0.0000	0.0000	0.0000	0.0000	0.0010	0.0000	0.0000	0.0000	0.0010	0.0000	0.0010	0.0000	0.0000	0.0010	0.0000	0.0000	0.0000	0.0000	0.0000	0.0000	0.0010	0.0000	0.0000	0.0000	0.0010	0.0000	0.0000	0.0000	0.0010	0.0010	0.0000	0.0000	0.0010	0.0000	0.0000	0.0000	0.0000	0.0000	0.0010	0.0000
0.0000	0.0000	0.0010	0.0010	0.0000	0.0000	0.0000	0.0010	0.0000	0.0010	0.0010	0.0000	0.0010	0.0010	0.0010	0.0010	0.0000	0.0000	0.0000	0.0000	0.0000	0.0000	0.0010	0.0010	0.0000	0.0000	0.0000	0.0000	0.0000	0.0010	0.0010	0.0010	0.0000	0.0010	0.0000	0.0000	0.0010	0.0000	0.0000	0.0000	0.0000	0.0000	0.0000	0.0010	0.0000	0.0000	0.0000	0.0000	0.0000	0.0000
0.0000	0.0010	0.0000	0.0000	0.0010	0.0010	0.0000	0.0000	0.0000	0.0000	0.0000	0.0000	0.0000	0.0010	0.0000	0.0000	0.0000	0.0000	0.0000	0.0000	0.0000	0.0010	0.0000	0.0000	0.0010	0.0000	0.0000	0.0000	0.0000	0.0010	0.0000	0.0000	0.0000	0.0000	0.0000	0.0000	0.0000	0.0000	0.0000	0.0000	0.0000	0.0010	0.0000	0.0010	0.0000	0.0000	0.0000	0.0000	0.0000	0.0000
0.0010	0.0010	0.0000	0.0000	0.0000	0.0010	0.0000	0.0000	0.0000	0.0000	0.0000	0.0000	0.0000	0.0000	0.0000	0.0000	0.0010	0.0010	0.0000	0.0000	0.0010	0.0000	0.0000	0.0000	0.0010	0.0000	0.0000	0.0000	0.0000	0.0000	0.0000	0.0000	0.0010	0.0000	0.0000	0.0000	0.0000	0.0010	0.0010	0.0010	0.0000	0.0000	0.0000	0.0010	0.0000	0.0000	0.0010	0.0000	0.0010	0.0010
0.0000	0.0000	0.0000	0.0010	0.0010	0.0010	0.0000	0.0010	0.0000	0.0000	0.0000	0.0000	0.0000	0.0010	0.0000	0.0000	0.0000	0.0000	0.0010	0.0010	0.0000	0.0000	0.0000	0.0010	0.0000	0.0010	0.0000	0.0000	0.0000	0.0000	0.0000	0.0010	0.0000	0.0000	0.0010	0.0000	0.0000	0.0000	0.0000	0.0010	0.0000	0.0010	0.0010	0.0000	0.0000	0.0010	0.0000	0.0000	0.0000	0.0000
0.0000	0.0000	0.0000	0.0000	0.0000	0.0000	0.0000	0.0010	0.0010	0.0010	0.0000	0.0000	0.0010	0.0000	0.0000	0.0000	0.0010	0.0000	0.0010	0.0000	0.0010	0.0000	0.0010	0.0000	0.0010	0.0000	0.0000	0.0000	0.0000	0.0010	0.0010	0.0010	0.0010	0.0010	0.0000	0.0000	0.0000	0.0000	0.0000	0.0010	0.0000	0.0010	0.0000	0.0000	0.0000	0.0000	0.0000	0.0010	0.0000	0.0000
0.0000	0.0000	0.0000	0.0010	0.0010	0.0000	0.0000	0.0010	0.0000	0.0000	0.0000	0.0000	0.0010	0.0000	0.0000	0.0000	0.0000	0.0000	0.0000	0.0010	0.0010	0.0000	0.0000	0.0000	0.0010	0.0000	0.0000	0.0000	0.0010	0.0010	0.0010	0.0010	0.0010	0.0000	0.0010	0.0000	0.0000	0.0000	0.0010	0.0000	0.0000	0.0000	0.0000	0.0000	0.0010	0.0000	0.0000	0.0000	0.0000	0.0010
0.0000	0.0000	0.0000	0.0000	0.0000	0.0000	0.0000	0.0000	0.0000	0.0010	0.0000	0.0010	0.0010	0.0000	0.0000	0.0000	0.0010	0.0010	0.0000	0.0000	0.0010	0.0010	0.0010	0.0000	0.0010	0.0010	0.0000	0.0000	0.0010	0.0000	0.0000	0.0000	0.0010	0.0000	0.0000	0.0010	0.0010	0.0000	0.0010	0.0010	0.0000	0.0000	0.0010	0.0000	0.0010	0.0000	0.0000	0.0000	0.0000	0.0000
0.0010	0.0010	0.0000	0.0000	0.0010	0.0000	0.0000	0.0000	0.0000	0.0010	0.0000	0.0000	0.0000	0.0010	0.0010	0.0010	0.0000	0.0000	0.0000	0.0000	0.0000	0.0000	0.0000	0.0000	0.0010	0.0000	0.0000	0.0000	0.0000	0.0010	0.0000	0.0010	0.0000	0.0000	0.0010	0.0010	0.0000	0.0000	0.0000	0.0000	0.0000	0.0000	0.0000	0.0000	0.0000	0.0000	0.0010	0.0000	0.0000	0.0000
0.0010	0.0000	0.0010	0.0010	0.0000	0.0010	0.0000	0.0000	0.0000	0.0010	0.0010	0.0000	0.0010	0.0000	0.0000	0.0000	0.0000	0.0000	0.0000	0.0000	0.0000	0.0000	0.0000	0.0010	0.0000	0.0000	0.0000	0.0000	0.0010	0.0010	0.0000	0.0000	0.0010	0.0000	0.0010	0.0000	0.0010	0.0000	0.0000	0.0000	0.0000	0.0000	0.0000	0.0000	0.0000	0.0000	0.0000	0.0010	0.0000	0.0000
0.0000	0.0010	0.0000	0.0000	0.0000	0.0000	0.0000	0.0000	0.0010	0.0010	0.0000	0.0000	0.0010	0.0000	0.0000	0.0010	0.0000	0.0000	0.0000	0.0000	0.0000	0.0010	0.0000	0.0010	0.0000	0.0000	0.0000	0.0000	0.0000	0.0000	0.0000	0.0000	0.0000	0.0010	0.0000	0.0010	0.0000	0.0010	0.0000	0.0010	0.0000	0.0000	0.0010	0.0000	0.0000	0.0000	0.0000	0.0000	0.0000	0.0000
0.0010	0.0010	0.0010	0.0000	0.0010	0.0000	0.0000	0.0000	0.0010	0.0010	0.0010	0.0010	0.0000	0.0000	0.0000	0.0010	0.0010	0.0000	0.0000	0.0000	0.0000	0.0000	0.0000	0.0000	0.0000	0.0000	0.0000	0.0000	0.0000	0.0000	0.0000	0.0000	0.0000	0.0000	0.0000	0.0000	0.0000	0.0000	0.0010	0.0010	0.0000	0.0000	0.0010	0.0000	0.0000	0.0000	0.0000	0.0000	0.0010	0.0000
0.0000	0.0000	0.0000	0.0000	0.0000	0.0000	0.0000	0.0000	0.0000	0.0000	0.0000	0.0000	0.0000	0.0000	0.0000	0.0000	0.0000	0.0000	0.0000	0.0010	0.0000	0.0000	0.0000	0.0000	0.0000	0.0000	0.0010	0.0010	0.0000	0.0000	0.0000	0.0010	0.0010	0.0000	0.0000	0.0010	0.0000	0.0010	0.0000	0.0000	0.0000	0.0000	0.0000	0.0000	0.0010	0.0000	0.0000	0.0000	0.0000	0.0010
0.0000	0.0010	0.0000	0.0000	0.0000	0.0000	0.0000	0.0010	0.0000	0.0000	0.0010	0.0000	0.0010	0.0010	0.0000	0.0000	0.0000	0.0000	0.0000	0.0000	0.0000	0.0000	0.0000	0.0010	0.0010	0.0000	0.0000	0.0000	0.0000	0.0000	0.0010	0.0010	0.0000	0.0000	0.0010	0.0010	0.0010	0.0000	0.0010	0.0000	0.0000	0.0010	0.0000	0.0000	0.0000	0.0000	0.0000	0.0000	0.0010	0.0000
0.0010	0.0000	0.0010	0.0000	0.0010	0.0010	0.0000	0.0000	0.0000	0.0010	0.0000	0.0000	0.0000	0.0010	0.0000	0.0010	0.0000	0.0010	0.0010	0.0000	0.0010	0.0000	0.0000	0.0000	0.0000	0.0000	0.0000	0.0010	0.0000	0.0000	0.0000	0.0000	0.0000	0.0000	0.0010	0.0000	0.0000	0.0010	0.0010	0.0000	0.0010	0.0000	0.0000	0.0000	0.0010	0.0000	0.0010	0.0000	0.0000	0.0000
0.0000	0.0010	0.0010	0.0000	0.0000	0.0000	0.0010	0.0010	0.0000	0.0010	0.0010	0.0000	0.0000	0.0000	0.0000	0.0000	0.0010	0.0000	0.0000	0.0000	0.0000	0.0010	0.0000	0.0000	0.0000	0.0010	0.0000	0.0000	0.0000	0.0000	0.0000	0.0000	0.0000	0.0000	0.0010	0.0000	0.0000	0.0010	0.0000	0.0000	0.0000	0.0000	0.0000	0.0000	0.0000	0.0010	0.0000	0.0000	0.0000	0.0000
0.0000	0.0000	0.0010	0.0000	0.0000	0.0000	0.0000	0.0000	0.0000	0.0000	0.0010	0.0010	0.0000	0.0010	0.0000	0.0010	0.0010	0.0000	0.0000	0.0000	0.0000	0.0000	0.0010	0.0010	0.0000	0.0000	0.0000	0.0010	0.0000	0.0000	0.0000	0.0000	0.0000	0.0010	0.0000	0.0000	0.0000	0.0010	0.0010	0.0000	0.0000	0.0000	0.0000	0.0000	0.0000	0.0000	0.0000	0.0000	0.0000	0.0000
0.0010	0.0010	0.0010	0.0000	0.0000	0.0010	0.0010	0.0000	0.0000	0.0000	0.0000	0.0000	0.0000	0.0000	0.0010	0.0010	0.0000	0.0000	0.0000	0.0000	0.0000	0.0000	0.0000	0.0000	0.0010	0.0000	0.0010	0.0000	0.0010	0.0010	0.0010	0.0000	0.0000	0.0010	0.0010	0.0000	0.0000	0.0010	0.0000	0.0010	0.0000	0.0010	0.0000	0.0000	0.0000	0.0000	0.0000	0.0000	0.0010	0.0000
0.0010	0.0000	0.0010	0.0010	0.0000	0.0000	0.0010	0.0010	0.0000	0.0000	0.0000	0.0010	0.0000	0.0000	0.0000	0.0010	0.0010	0.0000	0.0000	0.0000	0.0000	0.0000	0.0000	0.0000	0.0010	0.0000	0.0010	0.0000	0.0000	0.0000	0.0010	0.0010	0.0000	0.0010	0.0010	0.0000	0.0000	0.0000	0.0010	0.0000	0.0000	0.0000	0.0000	0.0000	0.0010	0.0000	0.0000	0.0000	0.0000	0.0010
0.0000	0.0010	0.0000	0.0000	0.0000	0.0000	0.0010	0.0000	0.0000	0.0000	0.0000	0.0000	0.0000	0.0010	0.0000	0.0000	0.0010	0.0000	0.0000	0.0000	0.0010	0.0000	0.0000	0.0010	0.0010	0.0000	0.0010	0.0010	0.0010	0.0000	0.0000	0.0000	0.0000	0.0000	0.0000	0.0000	0.0000	0.0000	0.0000	0.0000	0.0000	0.0000	0.0000	0.0000	0.0000	0.0000	0.0000	0.0000	0.0000	0.0010
0.0010	0.0010	0.0000	0.0000	0.0000	0.0010	0.0010	0.0010	0.0010	0.0000	0.0000	0.0010	0.0010	0.0010	0.0000	0.0000	0.0000	0.0010	0.0000	0.0000	0.0000	0.0010	0.0000	0.0010	0.0010	0.0000	0.0000	0.0000	0.0010	0.0010	0.0000	0.0000	0.0010	0.0000	0.0000	0.0010	0.0000	0.0000	0.0010	0.0010	0.0000	0.0000	0.0010	0.0010	0.0000	0.0010	0.0000	0.0000	0.0000	0.0010
0.0010	0.0010	0.0010	0.0000	0.0000	0.0010	0.0000	0.0000	0.0000	0.0010	0.0010	0.0000	0.0010	0.0000	0.0000	0.0000	0.0010	0.0010	0.0010	0.0000	0.0000	0.0010	0.0000	0.0010	0.0000	0.0010	0.0000	0.0010	0.0000	0.0000	0.0000	0.0010	0.0000	0.0000	0.0010	0.0010	0.0000	0.0000	0.0000	0.0000	0.0000	0.0010	0.0000	0.0000	0.0000	0.0000	0.0010	0.0010	0.0000	0.0010
0.0000	0.0000	0.0000	0.0000	0.0000	0.0000	0.0000	0.0010	0.0000	0.0000	0.0000	0.0000	0.0000	0.0000	0.0010	0.0000	0.0000	0.0010	0.0000	0.0010	0.0000	0.0000	0.0000	0.0010	0.0000	0.0000	0.0000	0.0000	0.0010	0.0010	0.0000	0.0000	0.0000	0.0000	0.0010	0.0000	0.0000	0.0000	0.0000	0.0000	0.0010	0.0000	0.0000	0.0000	0.0000	0.0010	0.0000	0.0000	0.0000	0.0010
0.0000	0.0000	0.0000	0.0000	0.0000	0.0000	0.0010	0.0000	0.0000	0.0000	0.0000	0.0000	0.0010	0.0010	0.0010	0.0010	0.0000	0.0000	0.0000	0.0000	0.0000	0.0010	0.0010	0.0000	0.0000	0.0000	0.0010	0.0000	0.0010	0.0000	0.0000	0.0010	0.0000	0.0000	0.0000	0.0000	0.0000	0.0000	0.0000	0.0010	0.0000	0.0000	0.0000	0.0010	0.0000	0.0000	0.0010	0.0000	0.0000	0.0000
0.0000	0.0010	0.0000	0.0000	0.0000	0.0000	0.0010	0.0010	0.0000	0.0010	0.0010	0.0000	0.0000	0.0000	0.0000	0.0010	0.0000	0.0010	0.0000	0.0000	0.0000	0.0000	0.0000	0.0010	0.0010	0.0000	0.0000	0.0000	0.0000	0.0010	0.0010	0.0000	0.0000	0.0010	0.0000	0.0000	0.0000	0.0000	0.0010	0.0000	0.0000	0.0000	0.0000	0.0010	0.0000	0.0000	0.0010	0.0000	0.0000	0.0000
0.0000	0.0000	0.0010	0.0000	0.0000	0.0000	0.0000	0.0000	0.0010	0.0000	0.0000	0.0010	0.0000	0.0010	0.0000	0.0000	0.0000	0.0000	0.0000	0.0000	0.0010	0.0010	0.0000	0.0010	0.0000	0.0000	0.0000	0.0000	0.0010	0.0000	0.0010	0.0000	0.0000	0.0000	0.0010	0.0000	0.0000	0.0010	0.0000	0.0000	0.0000	0.0010	0.0010	0.0000	0.0000	0.0010	0.0000	0.0010	0.0010	0.0010
0.0000	0.0000	0.0010	0.0010	0.0010	0.0000	0.0000	0.0010	0.0010	0.0000	0.0010	0.0000	0.0000	0.0000	0.0000	0.0010	0.0010	0.0000	0.0000	0.0010	0.0010	0.0000	0.0010	0.0000	0.0000	0.0000	0.0000	0.0000	0.0000	0.0000	0.0010	0.0000	0.0000	0.0000	0.0000	0.0000	0.0010	0.0000	0.0000	0.0010	0.0000	0.0000	0.0010	0.0010	0.0010	0.0000	0.0010	0.0000	0.0000	0.0000
0.0000	0.0000	0.0000	0.0000	0.0010	0.0000	0.0010	0.0000	0.0000	0.0000	0.0000	0.0000	0.0000	0.0000	0.0010	0.0000	0.0000	0.0000	0.0010	0.0000	0.0000	0.0000	0.0000	0.0000	0.0000	0.0000	0.0000	0.0010	0.0000	0.0010	0.0010	0.0000	0.0000	0.0010	0.0000	0.0000	0.0000	0.0000	0.0000	0.0000	0.0000	0.0010	0.0000	0.0000	0.0010	0.0000	0.0000	0.0000	0.0000	0.0000
0.0000	0.0000	0.0000	0.0000	0.0000	0.0010	0.0000	0.0000	0.0000	0.0010	0.0010	0.0000	0.0000	0.0010	0.0000	0.0000	0.0000	0.0000	0.0010	0.0010	0.0000	0.0000	0.0000	0.0000	0.0000	0.0000	0.0000	0.0000	0.0000	0.0010	0.0000	0.0000	0.0010	0.0010	0.0000	0.0010	0.0000	0.0000	0.0000	0.0010	0.0010	0.0010	0.0010	0.0000	0.0000	0.0000	0.0010	0.0000	0.0000	0.0000
0.0000	0.0000	0.0000	0.0000	0.0010	0.0000	0.0000	0.0000	0.0000	0.0010	0.0000	0.0010	0.0010	0.0000	0.0000	0.0000	0.0000	0.0010	0.0000	0.0010	0.0000	0.0000	0.0000	0.0000	0.0000	0.0010	0.0000	0.0000	0.0000	0.0000	0.0000	0.0010	0.0000	0.0010	0.0000	0.0000	0.0000	0.0000	0.0000	0.0010	0.0000	0.0000	0.0000	0.0000	0.0000	0.0000	0.0010	0.0010	0.0000	0.0010
0.0000	0.0010	0.0000	0.0010	0.0000	0.0000	0.0000	0.0010	0.0010	0.0000	0.0000	0.0000	0.0000	0.0010	0.0000	0.0010	0.0000	0.0010	0.0010	0.0000	0.0000	0.0000	0.0000	0.0000	0.0000	0.0010	0.0010	0.0000	0.0010	0.0000	0.0000	0.0000	0.0000	0.0000	0.0000	0.0000	0.0000	0.0000	0.0010	0.0000	0.0000	0.0000	0.0000	0.0000	0.0000	0.0000	0.0000	0.0000	0.0010	0.0000
0.0010	0.0010	0.0000	0.0000	0.0000	0.0000	0.0000	0.0010	0.0010	0.0010	0.0000	0.0000	0.0010	0.0000	0.0000	0.0000	0.0010	0.0010	0.0000	0.0000	0.0000	0.0010	0.0000	0.0000	0.0000	0.0010	0.0000	0.0000	0.0000	0.0000	0.0000	0.0000	0.0000	0.0010	0.0000	0.0000	0.0000	0.0000	0.0000	0.0010	0.0000	0.0000	0.0010	0.0000	0.0000	0.0000	0.0000	0.0000	0.0000	0.0000
0.0000	0.0000	0.0000	0.0000	0.0000	0.0000	0.0000	0.0000	0.0000	0.0000	0.0010	0.0000	0.0000	0.0010	0.0000	0.0010	0.0000	0.0000	0.0000	0.0010	0.0000	0.0010	0.0000	0.0000	0.0000	0.0000	0.0010	0.0000	0.0010	0.0000	0.0010	0.0000	0.0000	0.0010	0.0010	0.0010	0.0000	0.0010	0.0010	0.0010	0.0000	0.0000	0.0000	0.0010	0.0000	0.0000	0.0000	0.0000	0.0000	0.0000
0.0000	0.0000	0.0010	0.0000	0.0000	0.0000	0.0000	0.0000	0.0000	0.0000	0.0010	0.0000	0.0000	0.0010	0.0000	0.0010	0.0010	0.0000	0.0000	0.0000	0.0000	0.0000	0.0000	0.0000	0.0000	0.0010	0.0000	0.0000	0.0010	0.0010	0.0000	0.0000	0.0000	0.0010	0.0000	0.0000	0.0010	0.0000	0.0000	0.0000	0.0000	0.0010	0.0010	0.0000	0.0000	0.0000	0.0000	0.0010	0.0000	0.0000
0.0000	0.0000	0.0000	0.0000	0.0010	0.0000	0.0000	0.0000	0.0000	0.0000	0.0000	0.0000	0.0000	0.0000	0.0000	0.0000	0.0000	0.0010	0.0000	0.0000	0.0010	0.0000	0.0000	0.0000	0.0010	0.0000	0.0000	0.0000	0.0010	0.0000	0.0010	0.0000	0.0010	0.0000	0.0010	0.0000	0.0000	0.0000	0.0000	0.0000	0.0000	0.0000	0.0000	0.0000	0.0010	0.0000	0.0000	0.0010	0.0010	0.0000
