0.000100 	0.002300 	-1 
0.000100 	0.002000 	-1 
0.002400 	-1 
0.001600 	-1 
0.001600 	-1 
0.001600 	-1 
0.002100 	-1 
0.001900 	-1 
0.001900 	-1 
0.002000 	-1 
0.000100 	0.001900 	-1 
0.001800 	-1 
0.000100 	0.002000 	-1 
0.000100 	0.002000 	-1 
0.000600 	-1 
0.000100 	0.001800 	-1 
0.001800 	-1 
0.002000 	-1 
0.002000 	-1 
0.001600 	-1 
0.002100 	-1 
0.001900 	-1 
0.001900 	-1 
0.001500 	-1 
0.000100 	0.002300 	-1 
0.001900 	-1 
0.002000 	-1 
0.001800 	-1 
0.002000 	-1 
0.002100 	-1 
0.002000 	-1 
0.001800 	-1 
0.002000 	-1 
0.002000 	-1 
0.002000 	-1 
0.002100 	-1 
0.001600 	-1 
0.001500 	-1 
0.001800 	-1 
0.002000 	-1 
0.002000 	-1 
0.002100 	-1 
0.002200 	-1 
0.002400 	-1 
0.000100 	0.002200 	-1 
0.002000 	-1 
0.002200 	-1 
0.000100 	0.002200 	-1 
0.001900 	-1 
0.002000 	-1 
0.001900 	-1 
0.001800 	-1 
0.002000 	-1 
0.002000 	-1 
0.001800 	-1 
0.002000 	-1 
0.000100 	0.002200 	-1 
0.002100 	-1 
0.002100 	-1 
0.002100 	-1 
0.002100 	-1 
0.002100 	-1 
0.000100 	0.002300 	-1 
0.002200 	-1 
0.000100 	0.002000 	-1 
0.001900 	-1 
0.000900 	-1 
0.001900 	-1 
0.001900 	-1 
0.002000 	-1 
0.002100 	-1 
0.001900 	-1 
0.001900 	-1 
0.002300 	-1 
0.001900 	-1 
0.001800 	-1 
0.001800 	-1 
0.000100 	0.002100 	-1 
0.001000 	-1 
0.002200 	-1 
0.001600 	-1 
0.002100 	-1 
0.000100 	0.002000 	-1 
0.002100 	-1 
0.002100 	-1 
0.002100 	-1 
0.001300 	-1 
0.002300 	-1 
0.002000 	-1 
0.001600 	-1 
0.002000 	-1 
0.002000 	-1 
0.001800 	-1 
0.002400 	-1 
0.000100 	0.002100 	-1 
0.001800 	-1 
0.001900 	-1 
0.001800 	-1 
0.001800 	-1 
0.001800 	-1 
0.002300 	-1 
0.001900 	-1 
0.000100 	0.002200 	-1 
0.000100 	0.002200 	-1 
0.002100 	-1 
0.001800 	-1 
0.000100 	0.002000 	-1 
0.002200 	-1 
0.000100 	0.001900 	-1 
0.001400 	-1 
0.002000 	-1 
0.000100 	0.001900 	-1 
0.001600 	-1 
0.001600 	-1 
0.001900 	-1 
0.001700 	-1 
0.001900 	-1 
0.001600 	-1 
0.002000 	-1 
0.001900 	-1 
0.002100 	-1 
0.000100 	0.002000 	-1 
0.001800 	-1 
0.000100 	0.002100 	-1 
0.002100 	-1 
0.002300 	-1 
0.001900 	-1 
0.002300 	-1 
0.001300 	-1 
0.000100 	0.002400 	-1 
0.000100 	0.002000 	-1 
0.000100 	0.001800 	-1 
0.002200 	-1 
0.001700 	-1 
0.001700 	-1 
0.001900 	-1 
0.002400 	-1 
0.000500 	-1 
0.001700 	-1 
0.002100 	-1 
0.002100 	-1 
0.001800 	-1 
0.002300 	-1 
0.002500 	-1 
0.001500 	-1 
0.002000 	-1 
0.000100 	0.001800 	-1 
0.001800 	-1 
0.000100 	0.001800 	-1 
0.002200 	-1 
0.001800 	-1 
0.001900 	-1 
0.001500 	-1 
0.002100 	-1 
0.002100 	-1 
0.001900 	-1 
0.001900 	-1 
0.002100 	-1 
0.002200 	-1 
0.002000 	-1 
0.001500 	-1 
0.001800 	-1 
0.001900 	-1 
0.002100 	-1 
0.002100 	-1 
0.002300 	-1 
0.002000 	-1 
0.002000 	-1 
0.002000 	-1 
0.001900 	-1 
0.002100 	-1 
0.002100 	-1 
0.002000 	-1 
0.001800 	-1 
0.002200 	-1 
0.000100 	0.001900 	-1 
0.001600 	-1 
0.000100 	0.002000 	-1 
0.001800 	-1 
0.001900 	-1 
0.002200 	-1 
0.002000 	-1 
0.002200 	-1 
0.001900 	-1 
0.002100 	-1 
0.001900 	-1 
0.001800 	-1 
0.002300 	-1 
0.002000 	-1 
0.002000 	-1 
0.000100 	0.002200 	-1 
0.002000 	-1 
0.002000 	-1 
0.000100 	0.002100 	-1 
0.002000 	-1 
0.000100 	0.002000 	-1 
0.000100 	0.002100 	-1 
0.002100 	-1 
0.001700 	-1 
0.002200 	-1 
0.001800 	-1 
0.002300 	-1 
0.002100 	-1 
0.001900 	-1 
0.002200 	-1 
0.002500 	-1 
0.002400 	-1 
0.002100 	-1 
0.001700 	-1 
0.002100 	-1 
0.001900 	-1 
0.002100 	-1 
0.001800 	-1 
0.002000 	-1 
0.002200 	-1 
0.000100 	0.002000 	-1 
0.002300 	-1 
0.001900 	-1 
0.000100 	0.002300 	-1 
0.002200 	-1 
0.002200 	-1 
0.001600 	-1 
0.000100 	0.002000 	-1 
0.002300 	-1 
0.001800 	-1 
0.001800 	-1 
0.002000 	-1 
0.000100 	0.002100 	-1 
0.001900 	-1 
0.001800 	-1 
0.001900 	-1 
0.002100 	-1 
0.001200 	-1 
0.001900 	-1 
0.001900 	-1 
0.002100 	-1 
0.002100 	-1 
0.001500 	-1 
0.002200 	-1 
0.002000 	-1 
0.001800 	-1 
0.001900 	-1 
0.002000 	-1 
0.002000 	-1 
0.001800 	-1 
0.002200 	-1 
0.002200 	-1 
0.001900 	-1 
0.002000 	-1 
0.001900 	-1 
0.002000 	-1 
0.000900 	-1 
0.001700 	-1 
0.002100 	-1 
0.002000 	-1 
0.002100 	-1 
0.001800 	-1 
0.001900 	-1 
0.001900 	-1 
0.000100 	0.002200 	-1 
0.002100 	-1 
0.000100 	0.001900 	-1 
0.000100 	0.002100 	-1 
0.002000 	-1 
0.002300 	-1 
0.001300 	-1 
0.001600 	-1 
0.000100 	0.002100 	-1 
0.001600 	-1 
0.000100 	0.001900 	-1 
0.001600 	-1 
0.002100 	-1 
0.002000 	-1 
0.001800 	-1 
0.001800 	-1 
0.001900 	-1 
0.002300 	-1 
0.001800 	-1 
0.001700 	-1 
0.001800 	-1 
0.001700 	-1 
0.000100 	0.002000 	-1 
0.000100 	0.002100 	-1 
0.001800 	-1 
0.002100 	-1 
0.002100 	-1 
0.001900 	-1 
0.002000 	-1 
0.002300 	-1 
0.000100 	0.002000 	-1 
0.002100 	-1 
0.001600 	-1 
0.001800 	-1 
0.001000 	-1 
0.001800 	-1 
0.001800 	-1 
0.001800 	-1 
0.001800 	-1 
0.002100 	-1 
0.002000 	-1 
0.000100 	0.002100 	-1 
0.000100 	0.002000 	-1 
0.002100 	-1 
0.002200 	-1 
0.002000 	-1 
0.000100 	0.002000 	-1 
0.002300 	-1 
0.002000 	-1 
0.002000 	-1 
0.002200 	-1 
0.002000 	-1 
0.002100 	-1 
0.002100 	-1 
0.002100 	-1 
0.001900 	-1 
0.002100 	-1 
0.001800 	-1 
0.002000 	-1 
0.002200 	-1 
0.002100 	-1 
0.002000 	-1 
0.002100 	-1 
0.001000 	-1 
0.001900 	-1 
0.002100 	-1 
0.002000 	-1 
0.001600 	-1 
0.002000 	-1 
0.001900 	-1 
0.002000 	-1 
0.002100 	-1 
0.001900 	-1 
0.002200 	-1 
0.000100 	0.002000 	-1 
0.002000 	-1 
0.001900 	-1 
0.002000 	-1 
0.001900 	-1 
0.001800 	-1 
0.000800 	-1 
0.002000 	-1 
0.001700 	-1 
0.001900 	-1 
0.001900 	-1 
0.001900 	-1 
0.000100 	0.001600 	-1 
0.000100 	0.002000 	-1 
0.001800 	-1 
0.002300 	-1 
0.002000 	-1 
0.001800 	-1 
0.001600 	-1 
0.002000 	-1 
0.002200 	-1 
0.002100 	-1 
0.000900 	-1 
0.001900 	-1 
0.001900 	-1 
0.002000 	-1 
0.002100 	-1 
0.001800 	-1 
0.000100 	0.002100 	-1 
0.002000 	-1 
0.001800 	-1 
0.001800 	-1 
0.002200 	-1 
0.001600 	-1 
0.001400 	-1 
0.002000 	-1 
0.002100 	-1 
0.001900 	-1 
0.002000 	-1 
0.001900 	-1 
0.000100 	0.001700 	-1 
0.001800 	-1 
0.002400 	-1 
0.002100 	-1 
0.002000 	-1 
0.001900 	-1 
0.002100 	-1 
0.000100 	0.002000 	-1 
0.002000 	-1 
0.002100 	-1 
0.001000 	-1 
0.002100 	-1 
0.000100 	0.001900 	-1 
0.002100 	-1 
0.001800 	-1 
0.002000 	-1 
0.002100 	-1 
0.001800 	-1 
0.002100 	-1 
0.000100 	0.002000 	-1 
0.001900 	-1 
0.001300 	-1 
0.001800 	-1 
0.002100 	-1 
0.001900 	-1 
0.001900 	-1 
0.001600 	-1 
-2 
0.005000 	-1 
0.005000 	-1 
0.005000 	-1 
0.005100 	-1 
0.005100 	-1 
0.005000 	-1 
0.005000 	-1 
0.005000 	-1 
0.005100 	-1 
0.005100 	-1 
0.005100 	-1 
0.005000 	-1 
0.005000 	-1 
0.005000 	-1 
0.005000 	-1 
0.005100 	-1 
0.005100 	-1 
0.005100 	-1 
0.005100 	-1 
0.005100 	-1 
0.005100 	-1 
0.005100 	-1 
0.005100 	-1 
0.005000 	-1 
0.005100 	-1 
0.005100 	-1 
0.005000 	-1 
0.005000 	-1 
0.005000 	-1 
0.005000 	-1 
0.005100 	-1 
0.005000 	-1 
0.005000 	-1 
0.005000 	-1 
0.005000 	-1 
0.005100 	-1 
0.005000 	-1 
0.005100 	-1 
0.005000 	-1 
0.005000 	-1 
0.005000 	-1 
0.005100 	-1 
0.005000 	-1 
0.005000 	-1 
0.005000 	-1 
0.005000 	-1 
0.005100 	-1 
0.005100 	-1 
0.005000 	-1 
0.005000 	-1 
0.005100 	-1 
0.005100 	-1 
0.005000 	-1 
0.005000 	-1 
0.005000 	-1 
0.005000 	-1 
0.005000 	-1 
0.005100 	-1 
0.005000 	-1 
0.005100 	-1 
0.005000 	-1 
0.005000 	-1 
0.005000 	-1 
0.005100 	-1 
0.005000 	-1 
0.005100 	-1 
0.005100 	-1 
0.005100 	-1 
0.005100 	-1 
0.005000 	-1 
0.005000 	-1 
0.005100 	-1 
0.005000 	-1 
0.005100 	-1 
0.005100 	-1 
0.005000 	-1 
0.005100 	-1 
0.005000 	-1 
0.005100 	-1 
0.005000 	-1 
0.005100 	-1 
0.005100 	-1 
0.005100 	-1 
0.005000 	-1 
0.005100 	-1 
0.005000 	-1 
0.005000 	-1 
0.005000 	-1 
0.005100 	-1 
0.005000 	-1 
0.005000 	-1 
0.005000 	-1 
0.005000 	-1 
0.005100 	-1 
0.005100 	-1 
0.005000 	-1 
0.005000 	-1 
0.005000 	-1 
0.005000 	-1 
0.005000 	-1 
0.005100 	-1 
0.005000 	-1 
0.005100 	-1 
0.005000 	-1 
0.005000 	-1 
0.005000 	-1 
0.005000 	-1 
0.005000 	-1 
0.005000 	-1 
0.005000 	-1 
0.005000 	-1 
0.005000 	-1 
0.005000 	-1 
0.005000 	-1 
0.005000 	-1 
0.005000 	-1 
0.005000 	-1 
0.005100 	-1 
0.005100 	-1 
0.005100 	-1 
0.005100 	-1 
0.005000 	-1 
0.005000 	-1 
0.005000 	-1 
0.005000 	-1 
0.005100 	-1 
0.005000 	-1 
0.005100 	-1 
0.005100 	-1 
0.005000 	-1 
0.005100 	-1 
0.005100 	-1 
0.005100 	-1 
0.005100 	-1 
0.005100 	-1 
0.005200 	-1 
0.005000 	-1 
0.005100 	-1 
0.005000 	-1 
0.005000 	-1 
0.005000 	-1 
0.005100 	-1 
0.005000 	-1 
0.005100 	-1 
0.005000 	-1 
0.005000 	-1 
0.005100 	-1 
0.005000 	-1 
0.005000 	-1 
0.005000 	-1 
0.005100 	-1 
0.005000 	-1 
0.005100 	-1 
0.005100 	-1 
0.005000 	-1 
0.005000 	-1 
0.005000 	-1 
0.005000 	-1 
0.005100 	-1 
0.005000 	-1 
0.005000 	-1 
0.005000 	-1 
0.005100 	-1 
0.005000 	-1 
0.005100 	-1 
0.005100 	-1 
0.005000 	-1 
0.005000 	-1 
0.005000 	-1 
0.005000 	-1 
0.005100 	-1 
0.005100 	-1 
0.005000 	-1 
0.005100 	-1 
0.005000 	-1 
0.005000 	-1 
0.005000 	-1 
0.005000 	-1 
0.005000 	-1 
0.005000 	-1 
0.005100 	-1 
0.005100 	-1 
0.005000 	-1 
0.005000 	-1 
0.005000 	-1 
0.005000 	-1 
0.005000 	-1 
0.005100 	-1 
0.005000 	-1 
0.005100 	-1 
0.005100 	-1 
0.005000 	-1 
0.005100 	-1 
0.005100 	-1 
0.005000 	-1 
0.005100 	-1 
0.005100 	-1 
0.005000 	-1 
0.005100 	-1 
0.005000 	-1 
0.005100 	-1 
0.005100 	-1 
0.005000 	-1 
0.005100 	-1 
0.005000 	-1 
0.005200 	-1 
0.005000 	-1 
0.005000 	-1 
0.005100 	-1 
0.005100 	-1 
0.005000 	-1 
0.005100 	-1 
0.005100 	-1 
0.005000 	-1 
0.005000 	-1 
0.005000 	-1 
0.005000 	-1 
0.005000 	-1 
0.005200 	-1 
0.005000 	-1 
0.005000 	-1 
0.005100 	-1 
0.005000 	-1 
0.005000 	-1 
0.005100 	-1 
0.005000 	-1 
0.005000 	-1 
0.005100 	-1 
0.005100 	-1 
0.005000 	-1 
0.005000 	-1 
0.005000 	-1 
0.005000 	-1 
0.005000 	-1 
0.005000 	-1 
0.005000 	-1 
0.005100 	-1 
0.005000 	-1 
0.005000 	-1 
0.005100 	-1 
0.005100 	-1 
0.005100 	-1 
0.005000 	-1 
0.005000 	-1 
0.005000 	-1 
0.005000 	-1 
0.005100 	-1 
0.005000 	-1 
0.005000 	-1 
0.005000 	-1 
0.005100 	-1 
0.005000 	-1 
0.005000 	-1 
0.005100 	-1 
0.005000 	-1 
0.005000 	-1 
0.005100 	-1 
0.005000 	-1 
0.005000 	-1 
0.005000 	-1 
0.005000 	-1 
0.005000 	-1 
0.005100 	-1 
0.005100 	-1 
0.005000 	-1 
0.005100 	-1 
0.005000 	-1 
0.005000 	-1 
0.005000 	-1 
0.005000 	-1 
0.005000 	-1 
0.005000 	-1 
0.005000 	-1 
0.005100 	-1 
0.005000 	-1 
0.005000 	-1 
0.005100 	-1 
0.005100 	-1 
0.005100 	-1 
0.005100 	-1 
0.005000 	-1 
0.005000 	-1 
0.005100 	-1 
0.005000 	-1 
0.005100 	-1 
0.005100 	-1 
0.005100 	-1 
0.005000 	-1 
0.005100 	-1 
0.005000 	-1 
0.005000 	-1 
0.005100 	-1 
0.005000 	-1 
0.005100 	-1 
0.005000 	-1 
0.005000 	-1 
0.005000 	-1 
0.005100 	-1 
0.005000 	-1 
0.005000 	-1 
0.005000 	-1 
0.005100 	-1 
0.005000 	-1 
0.005000 	-1 
0.005000 	-1 
0.005000 	-1 
0.005000 	-1 
0.005100 	-1 
0.005000 	-1 
0.005000 	-1 
0.005000 	-1 
0.005000 	-1 
0.005000 	-1 
0.005100 	-1 
0.005000 	-1 
0.005000 	-1 
0.005000 	-1 
0.005100 	-1 
0.005000 	-1 
0.005000 	-1 
0.005100 	-1 
0.005000 	-1 
0.005100 	-1 
0.005000 	-1 
0.005000 	-1 
0.005000 	-1 
0.005100 	-1 
0.005100 	-1 
0.005000 	-1 
0.005100 	-1 
0.005000 	-1 
0.005100 	-1 
0.005100 	-1 
0.005000 	-1 
0.005000 	-1 
0.005000 	-1 
0.005100 	-1 
0.005100 	-1 
0.005000 	-1 
0.005100 	-1 
0.005100 	-1 
0.005000 	-1 
0.005000 	-1 
0.005000 	-1 
0.005000 	-1 
0.005100 	-1 
0.005000 	-1 
0.005000 	-1 
0.005000 	-1 
0.005000 	-1 
0.005000 	-1 
0.005000 	-1 
0.005000 	-1 
0.005000 	-1 
0.005000 	-1 
0.005100 	-1 
0.005000 	-1 
0.005000 	-1 
0.005000 	-1 
0.005000 	-1 
0.005000 	-1 
0.005100 	-1 
0.005100 	-1 
0.005000 	-1 
0.005000 	-1 
0.005100 	-1 
0.005000 	-1 
0.005100 	-1 
0.005000 	-1 
0.005000 	-1 
0.005000 	-1 
0.005100 	-1 
0.005100 	-1 
0.005100 	-1 
0.005000 	-1 
0.005000 	-1 
0.005100 	-1 
0.005100 	-1 
0.005000 	-1 
0.005000 	-1 
0.005000 	-1 
0.005000 	-1 
0.005100 	-1 
0.005000 	-1 
0.005100 	-1 
0.005100 	-1 
0.005100 	-1 
0.005000 	-1 
0.005000 	-1 
0.005000 	-1 
0.005000 	-1 
0.005000 	-1 
0.005000 	-1 
0.005000 	-1 
0.005000 	-1 
0.005000 	-1 
0.005000 	-1 
0.005000 	-1 
0.005100 	-1 
0.005000 	-1 
-2 
0.010000 	-1 
0.010000 	-1 
0.010000 	-1 
0.010100 	-1 
0.010100 	-1 
0.010000 	-1 
0.010000 	-1 
0.010000 	-1 
0.010100 	-1 
0.010100 	-1 
0.010100 	-1 
0.010000 	-1 
0.010000 	-1 
0.010000 	-1 
0.010000 	-1 
0.010100 	-1 
0.010100 	-1 
0.010100 	-1 
0.010100 	-1 
0.010100 	-1 
0.010100 	-1 
0.010100 	-1 
0.010100 	-1 
0.010000 	-1 
0.010100 	-1 
0.010100 	-1 
0.010000 	-1 
0.010000 	-1 
0.010000 	-1 
0.010000 	-1 
0.010100 	-1 
0.010000 	-1 
0.010000 	-1 
0.010000 	-1 
0.010000 	-1 
0.010100 	-1 
0.010000 	-1 
0.010100 	-1 
0.010000 	-1 
0.010000 	-1 
0.010000 	-1 
0.010100 	-1 
0.010000 	-1 
0.010000 	-1 
0.010000 	-1 
0.010000 	-1 
0.010100 	-1 
0.010100 	-1 
0.010000 	-1 
0.010000 	-1 
0.010100 	-1 
0.010100 	-1 
0.010000 	-1 
0.010000 	-1 
0.010000 	-1 
0.010000 	-1 
0.010000 	-1 
0.010100 	-1 
0.010000 	-1 
0.010100 	-1 
0.010000 	-1 
0.010000 	-1 
0.010000 	-1 
0.010100 	-1 
0.010000 	-1 
0.010100 	-1 
0.010100 	-1 
0.010100 	-1 
0.010100 	-1 
0.010000 	-1 
0.010000 	-1 
0.010100 	-1 
0.010000 	-1 
0.010100 	-1 
0.010100 	-1 
0.010000 	-1 
0.010100 	-1 
0.010000 	-1 
0.010100 	-1 
0.010000 	-1 
0.010100 	-1 
0.010100 	-1 
0.010100 	-1 
0.010000 	-1 
0.010100 	-1 
0.010000 	-1 
0.010000 	-1 
0.010000 	-1 
0.010100 	-1 
0.010000 	-1 
0.010000 	-1 
0.010000 	-1 
0.010000 	-1 
0.010200 	-1 
0.010100 	-1 
0.010000 	-1 
0.010000 	-1 
0.010000 	-1 
0.010000 	-1 
0.010000 	-1 
0.010100 	-1 
0.010000 	-1 
0.010100 	-1 
0.010000 	-1 
0.010000 	-1 
0.010000 	-1 
0.010000 	-1 
0.010000 	-1 
0.010000 	-1 
0.010000 	-1 
0.010000 	-1 
0.010000 	-1 
0.010000 	-1 
0.010000 	-1 
0.010000 	-1 
0.010000 	-1 
0.010000 	-1 
0.010100 	-1 
0.010100 	-1 
0.010100 	-1 
0.010100 	-1 
0.010000 	-1 
0.010000 	-1 
0.010000 	-1 
0.010000 	-1 
0.010100 	-1 
0.010000 	-1 
0.010100 	-1 
0.010100 	-1 
0.010000 	-1 
0.010100 	-1 
0.010100 	-1 
0.010100 	-1 
0.010100 	-1 
0.010100 	-1 
0.010000 	-1 
0.010000 	-1 
0.010100 	-1 
0.010000 	-1 
0.010000 	-1 
0.010000 	-1 
0.010100 	-1 
0.010000 	-1 
0.010100 	-1 
0.010000 	-1 
0.010000 	-1 
0.010100 	-1 
0.010000 	-1 
0.010000 	-1 
0.010000 	-1 
0.010100 	-1 
0.010000 	-1 
0.010100 	-1 
0.010100 	-1 
0.010000 	-1 
0.010000 	-1 
0.010000 	-1 
0.010000 	-1 
0.010100 	-1 
0.010000 	-1 
0.010000 	-1 
0.010000 	-1 
0.010100 	-1 
0.010000 	-1 
0.010100 	-1 
0.010100 	-1 
0.010000 	-1 
0.010000 	-1 
0.010000 	-1 
0.010000 	-1 
0.010100 	-1 
0.010100 	-1 
0.010000 	-1 
0.010100 	-1 
0.010000 	-1 
0.010000 	-1 
0.010000 	-1 
0.010000 	-1 
0.010000 	-1 
0.010000 	-1 
0.010100 	-1 
0.010100 	-1 
0.010000 	-1 
0.010000 	-1 
0.010000 	-1 
0.010000 	-1 
0.010000 	-1 
0.010200 	-1 
0.010000 	-1 
0.010100 	-1 
0.010100 	-1 
0.010000 	-1 
0.010100 	-1 
0.010100 	-1 
0.010000 	-1 
0.010100 	-1 
0.010100 	-1 
0.010000 	-1 
0.010100 	-1 
0.010000 	-1 
0.010100 	-1 
0.010100 	-1 
0.010000 	-1 
0.010100 	-1 
0.010000 	-1 
0.010000 	-1 
0.010000 	-1 
0.010000 	-1 
0.010100 	-1 
0.010100 	-1 
0.010000 	-1 
0.010100 	-1 
0.010100 	-1 
0.010000 	-1 
0.010000 	-1 
0.010000 	-1 
0.010000 	-1 
0.010000 	-1 
0.010000 	-1 
0.010000 	-1 
0.010000 	-1 
0.010100 	-1 
0.010000 	-1 
0.010000 	-1 
0.010100 	-1 
0.010000 	-1 
0.010000 	-1 
0.010100 	-1 
0.010100 	-1 
0.010000 	-1 
0.010000 	-1 
0.010000 	-1 
0.010000 	-1 
0.010000 	-1 
0.010000 	-1 
0.010000 	-1 
0.010100 	-1 
0.010000 	-1 
0.010000 	-1 
0.010100 	-1 
0.010100 	-1 
0.010100 	-1 
0.010000 	-1 
0.010000 	-1 
0.010000 	-1 
0.010000 	-1 
0.010100 	-1 
0.010000 	-1 
0.010000 	-1 
0.010000 	-1 
0.010100 	-1 
0.010000 	-1 
0.010000 	-1 
0.010100 	-1 
0.010000 	-1 
0.010000 	-1 
0.010100 	-1 
0.010000 	-1 
0.010000 	-1 
0.010000 	-1 
0.010000 	-1 
0.010000 	-1 
0.010100 	-1 
0.010100 	-1 
0.010000 	-1 
0.010100 	-1 
0.010000 	-1 
0.010000 	-1 
0.010000 	-1 
0.010000 	-1 
0.010000 	-1 
0.010000 	-1 
0.010000 	-1 
0.010100 	-1 
0.010000 	-1 
0.010000 	-1 
0.010100 	-1 
0.010100 	-1 
0.010100 	-1 
0.010100 	-1 
0.010000 	-1 
0.010000 	-1 
0.010100 	-1 
0.010000 	-1 
0.010100 	-1 
0.010100 	-1 
0.010100 	-1 
0.010000 	-1 
0.010100 	-1 
0.010000 	-1 
0.010000 	-1 
0.010100 	-1 
0.010000 	-1 
0.010100 	-1 
0.010000 	-1 
0.010000 	-1 
0.010000 	-1 
0.010100 	-1 
0.010000 	-1 
0.010000 	-1 
0.010000 	-1 
0.010100 	-1 
0.010000 	-1 
0.010000 	-1 
0.010000 	-1 
0.010000 	-1 
0.010000 	-1 
0.010100 	-1 
0.010000 	-1 
0.010000 	-1 
0.010000 	-1 
0.010000 	-1 
0.010000 	-1 
0.010100 	-1 
0.010000 	-1 
0.010000 	-1 
0.010000 	-1 
0.010100 	-1 
0.010000 	-1 
0.010000 	-1 
0.010100 	-1 
0.010000 	-1 
0.010100 	-1 
0.010000 	-1 
0.010000 	-1 
0.010000 	-1 
0.010100 	-1 
0.010100 	-1 
0.010000 	-1 
0.010100 	-1 
0.010000 	-1 
0.010100 	-1 
0.010100 	-1 
0.010000 	-1 
0.010000 	-1 
0.010000 	-1 
0.010100 	-1 
0.010100 	-1 
0.010000 	-1 
0.010100 	-1 
0.010100 	-1 
0.010000 	-1 
0.010000 	-1 
0.010000 	-1 
0.010000 	-1 
0.010100 	-1 
0.010000 	-1 
0.010000 	-1 
0.010000 	-1 
0.010000 	-1 
0.010000 	-1 
0.010000 	-1 
0.010000 	-1 
0.010000 	-1 
0.010000 	-1 
0.010100 	-1 
0.010000 	-1 
0.010000 	-1 
0.010000 	-1 
0.010000 	-1 
0.010000 	-1 
0.010100 	-1 
0.010100 	-1 
0.010000 	-1 
0.010000 	-1 
0.010100 	-1 
0.010000 	-1 
0.010100 	-1 
0.010000 	-1 
0.010000 	-1 
0.010000 	-1 
0.010100 	-1 
0.010100 	-1 
0.010100 	-1 
0.010000 	-1 
0.010000 	-1 
0.010100 	-1 
0.010100 	-1 
0.010000 	-1 
0.010000 	-1 
0.010000 	-1 
0.010000 	-1 
0.010100 	-1 
0.010000 	-1 
0.010100 	-1 
0.010100 	-1 
0.010100 	-1 
0.010000 	-1 
0.010000 	-1 
0.010000 	-1 
0.010000 	-1 
0.010000 	-1 
0.010000 	-1 
0.010000 	-1 
0.010000 	-1 
0.010000 	-1 
0.010000 	-1 
0.010000 	-1 
0.010100 	-1 
0.010000 	-1 
-2 
0.015000 	-1 
0.015000 	-1 
0.015000 	-1 
0.015100 	-1 
0.015100 	-1 
0.015000 	-1 
0.015000 	-1 
0.015000 	-1 
0.015100 	-1 
0.015100 	-1 
0.015100 	-1 
0.015000 	-1 
0.015000 	-1 
0.015000 	-1 
0.015000 	-1 
0.015100 	-1 
0.015100 	-1 
0.015100 	-1 
0.015100 	-1 
0.015100 	-1 
0.015100 	-1 
0.015100 	-1 
0.015100 	-1 
0.015000 	-1 
0.015100 	-1 
0.015100 	-1 
0.015000 	-1 
0.015000 	-1 
0.015000 	-1 
0.015000 	-1 
0.015100 	-1 
0.015000 	-1 
0.015000 	-1 
0.015000 	-1 
0.015000 	-1 
0.015100 	-1 
0.015000 	-1 
0.015100 	-1 
0.015000 	-1 
0.015000 	-1 
0.015000 	-1 
0.015100 	-1 
0.015000 	-1 
0.015000 	-1 
0.015000 	-1 
0.015000 	-1 
0.015100 	-1 
0.015100 	-1 
0.015000 	-1 
0.015000 	-1 
0.015100 	-1 
0.015100 	-1 
0.015000 	-1 
0.015000 	-1 
0.015000 	-1 
0.015000 	-1 
0.015000 	-1 
0.015100 	-1 
0.015000 	-1 
0.015100 	-1 
0.015000 	-1 
0.015000 	-1 
0.015000 	-1 
0.015100 	-1 
0.015000 	-1 
0.015100 	-1 
0.015100 	-1 
0.015100 	-1 
0.015100 	-1 
0.015000 	-1 
0.015000 	-1 
0.015100 	-1 
0.015000 	-1 
0.015100 	-1 
0.015100 	-1 
0.015000 	-1 
0.015100 	-1 
0.015000 	-1 
0.015100 	-1 
0.015000 	-1 
0.015100 	-1 
0.015100 	-1 
0.015100 	-1 
0.015000 	-1 
0.015100 	-1 
0.015000 	-1 
0.015000 	-1 
0.015000 	-1 
0.015100 	-1 
0.015000 	-1 
0.015000 	-1 
0.015000 	-1 
0.015000 	-1 
0.015000 	-1 
0.015100 	-1 
0.015000 	-1 
0.015000 	-1 
0.015000 	-1 
0.015000 	-1 
0.015000 	-1 
0.015100 	-1 
0.015000 	-1 
0.015100 	-1 
0.015000 	-1 
0.015000 	-1 
0.015000 	-1 
0.015000 	-1 
0.015000 	-1 
0.015000 	-1 
0.015000 	-1 
0.015000 	-1 
0.015000 	-1 
0.015000 	-1 
0.015000 	-1 
0.015000 	-1 
0.015000 	-1 
0.015000 	-1 
0.015100 	-1 
0.015100 	-1 
0.015100 	-1 
0.015100 	-1 
0.015000 	-1 
0.015000 	-1 
0.015000 	-1 
0.015000 	-1 
0.015100 	-1 
0.015000 	-1 
0.015100 	-1 
0.015100 	-1 
0.015000 	-1 
0.015100 	-1 
0.015100 	-1 
0.015100 	-1 
0.015100 	-1 
0.015100 	-1 
0.015100 	-1 
0.015000 	-1 
0.015100 	-1 
0.015000 	-1 
0.015000 	-1 
0.015000 	-1 
0.015100 	-1 
0.015000 	-1 
0.015100 	-1 
0.015000 	-1 
0.015000 	-1 
0.015100 	-1 
0.015000 	-1 
0.015000 	-1 
0.015000 	-1 
0.015100 	-1 
0.015000 	-1 
0.015100 	-1 
0.015100 	-1 
0.015000 	-1 
0.015000 	-1 
0.015000 	-1 
0.015000 	-1 
0.015100 	-1 
0.015000 	-1 
0.015000 	-1 
0.015000 	-1 
0.015100 	-1 
0.015000 	-1 
0.015100 	-1 
0.015100 	-1 
0.015000 	-1 
0.015000 	-1 
0.015000 	-1 
0.015000 	-1 
0.015100 	-1 
0.015100 	-1 
0.015000 	-1 
0.015100 	-1 
0.015000 	-1 
0.015000 	-1 
0.015000 	-1 
0.015000 	-1 
0.015000 	-1 
0.015000 	-1 
0.015100 	-1 
0.015100 	-1 
0.015000 	-1 
0.015000 	-1 
0.015000 	-1 
0.015000 	-1 
0.015000 	-1 
0.015000 	-1 
0.015000 	-1 
0.015100 	-1 
0.015100 	-1 
0.015000 	-1 
0.015100 	-1 
0.015100 	-1 
0.015000 	-1 
0.015100 	-1 
0.015100 	-1 
0.015000 	-1 
0.015100 	-1 
0.015000 	-1 
0.015100 	-1 
0.015100 	-1 
0.015000 	-1 
0.015100 	-1 
0.015000 	-1 
0.015000 	-1 
0.015000 	-1 
0.015000 	-1 
0.015100 	-1 
0.015100 	-1 
0.015000 	-1 
0.015100 	-1 
0.015100 	-1 
0.015000 	-1 
0.015000 	-1 
0.015000 	-1 
0.015000 	-1 
0.015000 	-1 
0.015000 	-1 
0.015000 	-1 
0.015000 	-1 
0.015100 	-1 
0.015000 	-1 
0.015000 	-1 
0.015100 	-1 
0.015000 	-1 
0.015000 	-1 
0.015100 	-1 
0.015100 	-1 
0.015000 	-1 
0.015000 	-1 
0.015000 	-1 
0.015000 	-1 
0.015000 	-1 
0.015000 	-1 
0.015000 	-1 
0.015100 	-1 
0.015000 	-1 
0.015000 	-1 
0.015100 	-1 
0.015100 	-1 
0.015100 	-1 
0.015000 	-1 
0.015000 	-1 
0.015000 	-1 
0.015000 	-1 
0.015100 	-1 
0.015000 	-1 
0.015000 	-1 
0.015000 	-1 
0.015100 	-1 
0.015000 	-1 
0.015000 	-1 
0.015100 	-1 
0.015000 	-1 
0.015000 	-1 
0.015100 	-1 
0.015000 	-1 
0.015000 	-1 
0.015000 	-1 
0.015000 	-1 
0.015000 	-1 
0.015100 	-1 
0.015100 	-1 
0.015000 	-1 
0.015100 	-1 
0.015000 	-1 
0.015000 	-1 
0.015000 	-1 
0.015000 	-1 
0.015000 	-1 
0.015000 	-1 
0.015000 	-1 
0.015100 	-1 
0.015000 	-1 
0.015000 	-1 
0.015100 	-1 
0.015100 	-1 
0.015100 	-1 
0.015100 	-1 
0.015000 	-1 
0.015000 	-1 
0.015100 	-1 
0.015000 	-1 
0.015100 	-1 
0.015100 	-1 
0.015100 	-1 
0.015000 	-1 
0.015100 	-1 
0.015000 	-1 
0.015000 	-1 
0.015100 	-1 
0.015000 	-1 
0.015100 	-1 
0.015000 	-1 
0.015000 	-1 
0.015000 	-1 
0.015100 	-1 
0.015000 	-1 
0.015000 	-1 
0.015000 	-1 
0.015100 	-1 
0.015000 	-1 
0.015000 	-1 
0.015000 	-1 
0.015000 	-1 
0.015000 	-1 
0.015100 	-1 
0.015000 	-1 
0.015000 	-1 
0.015000 	-1 
0.015000 	-1 
0.015000 	-1 
0.015100 	-1 
0.015000 	-1 
0.015000 	-1 
0.015000 	-1 
0.015100 	-1 
0.015000 	-1 
0.015000 	-1 
0.015100 	-1 
0.015000 	-1 
0.015100 	-1 
0.015000 	-1 
0.015000 	-1 
0.015000 	-1 
0.015100 	-1 
0.015100 	-1 
0.015000 	-1 
0.015100 	-1 
0.015000 	-1 
0.015100 	-1 
0.015100 	-1 
0.015000 	-1 
0.015000 	-1 
0.015000 	-1 
0.015100 	-1 
0.015100 	-1 
0.015000 	-1 
0.015100 	-1 
0.015100 	-1 
0.015000 	-1 
0.015000 	-1 
0.015000 	-1 
0.015000 	-1 
0.015100 	-1 
0.015000 	-1 
0.015000 	-1 
0.015000 	-1 
0.015000 	-1 
0.015000 	-1 
0.015000 	-1 
0.015000 	-1 
0.015000 	-1 
0.015000 	-1 
0.015100 	-1 
0.015000 	-1 
0.015000 	-1 
0.015000 	-1 
0.015000 	-1 
0.015000 	-1 
0.015100 	-1 
0.015100 	-1 
0.015000 	-1 
0.015000 	-1 
0.015100 	-1 
0.015000 	-1 
0.015100 	-1 
0.015000 	-1 
0.015000 	-1 
0.015000 	-1 
0.015100 	-1 
0.015100 	-1 
0.015100 	-1 
0.015000 	-1 
0.015000 	-1 
0.015100 	-1 
0.015100 	-1 
0.015000 	-1 
0.015000 	-1 
0.015000 	-1 
0.015000 	-1 
0.015100 	-1 
0.015000 	-1 
0.015100 	-1 
0.015100 	-1 
0.015100 	-1 
0.015000 	-1 
0.015000 	-1 
0.015000 	-1 
0.015000 	-1 
0.015000 	-1 
0.015000 	-1 
0.015000 	-1 
0.015000 	-1 
0.015000 	-1 
0.015000 	-1 
0.015000 	-1 
0.015100 	-1 
0.015000 	-1 
-2 
