0.001400 	-1 
0.001400 	-1 
0.000100 	0.001300 	-1 
0.000100 	0.001600 	-1 
0.001300 	-1 
0.001200 	-1 
0.001600 	-1 
0.000100 	0.001200 	-1 
0.000100 	0.001500 	-1 
0.001400 	-1 
0.001400 	-1 
0.001500 	-1 
0.001400 	-1 
0.001500 	-1 
0.001400 	-1 
0.001300 	-1 
0.001200 	-1 
0.000100 	0.001500 	-1 
0.001400 	-1 
0.001400 	-1 
0.001400 	-1 
0.000100 	0.001600 	-1 
0.001400 	-1 
0.001400 	-1 
0.001600 	-1 
0.001500 	-1 
0.001400 	-1 
0.001500 	-1 
0.001400 	-1 
0.001400 	-1 
0.001800 	-1 
0.001500 	-1 
0.000100 	0.001400 	-1 
0.001400 	-1 
0.000100 	0.001400 	-1 
0.001500 	-1 
0.001100 	-1 
0.001600 	-1 
0.001300 	-1 
0.001300 	-1 
0.000100 	0.001600 	-1 
0.001700 	-1 
0.001300 	-1 
0.001700 	-1 
0.001300 	-1 
0.001400 	-1 
0.001300 	-1 
0.001500 	-1 
0.001500 	-1 
0.001600 	-1 
0.001400 	-1 
0.001100 	-1 
0.001400 	-1 
0.001300 	-1 
0.001300 	-1 
0.001300 	-1 
0.001600 	-1 
0.001500 	-1 
0.001500 	-1 
0.001500 	-1 
0.000100 	0.001300 	-1 
0.001300 	-1 
0.001200 	-1 
0.001500 	-1 
0.000100 	0.001700 	-1 
0.000100 	0.001600 	-1 
0.001400 	-1 
0.001400 	-1 
0.000100 	0.001200 	-1 
0.001400 	-1 
0.001500 	-1 
0.000100 	0.001300 	-1 
0.001100 	-1 
0.001000 	-1 
0.001300 	-1 
0.001400 	-1 
0.001400 	-1 
0.001400 	-1 
0.001500 	-1 
0.001600 	-1 
0.001500 	-1 
0.001300 	-1 
0.001500 	-1 
0.000100 	0.001600 	-1 
0.001400 	-1 
0.000100 	0.001400 	-1 
0.001600 	-1 
0.001600 	-1 
0.000100 	0.001700 	-1 
0.001800 	-1 
0.001400 	-1 
0.001200 	-1 
0.001100 	-1 
0.001300 	-1 
0.000100 	0.001600 	-1 
0.001200 	-1 
0.000100 	0.001300 	-1 
0.001200 	-1 
0.001300 	-1 
0.001000 	-1 
0.001000 	-1 
0.001600 	-1 
0.001200 	-1 
0.000100 	0.001500 	-1 
0.001300 	-1 
0.000100 	0.001500 	-1 
0.001300 	-1 
0.001600 	-1 
0.000100 	0.001400 	-1 
0.001400 	-1 
0.001300 	-1 
0.001300 	-1 
0.001400 	-1 
0.001400 	-1 
0.001200 	-1 
0.001500 	-1 
0.001400 	-1 
0.001600 	-1 
0.001500 	-1 
0.001400 	-1 
0.000100 	0.001500 	-1 
0.000100 	0.001300 	-1 
0.001500 	-1 
0.001300 	-1 
0.000100 	0.001600 	-1 
0.000900 	-1 
0.001200 	-1 
0.001700 	-1 
0.001400 	-1 
0.001500 	-1 
0.000100 	0.001100 	-1 
0.001400 	-1 
0.001500 	-1 
0.001500 	-1 
0.000100 	0.001200 	-1 
0.001600 	-1 
0.001600 	-1 
0.001300 	-1 
0.001600 	-1 
0.000100 	0.001100 	-1 
0.001600 	-1 
0.001800 	-1 
0.001500 	-1 
0.000100 	0.001400 	-1 
0.001600 	-1 
0.001500 	-1 
0.001300 	-1 
0.001700 	-1 
0.001400 	-1 
0.001500 	-1 
0.001600 	-1 
0.001600 	-1 
0.001600 	-1 
0.001200 	-1 
0.000100 	0.001400 	-1 
0.001400 	-1 
0.001300 	-1 
0.001400 	-1 
0.001400 	-1 
0.001500 	-1 
0.001600 	-1 
0.001400 	-1 
0.000100 	0.001300 	-1 
0.001000 	-1 
0.001700 	-1 
0.001000 	-1 
0.001400 	-1 
0.001100 	-1 
0.001300 	-1 
0.001300 	-1 
0.001400 	-1 
0.001200 	-1 
0.001600 	-1 
0.000100 	0.001600 	-1 
0.001400 	-1 
0.001700 	-1 
0.001300 	-1 
0.001300 	-1 
0.001400 	-1 
0.001600 	-1 
0.001400 	-1 
0.001200 	-1 
0.001200 	-1 
0.000100 	0.001300 	-1 
0.001200 	-1 
0.001600 	-1 
0.001500 	-1 
0.000600 	-1 
0.001500 	-1 
0.001500 	-1 
0.001300 	-1 
0.001400 	-1 
0.001300 	-1 
0.001400 	-1 
0.001200 	-1 
0.001100 	-1 
0.000100 	0.001100 	-1 
0.000100 	0.001700 	-1 
0.001300 	-1 
0.001200 	-1 
0.001600 	-1 
0.001300 	-1 
0.001400 	-1 
0.001500 	-1 
0.001200 	-1 
0.001400 	-1 
0.001600 	-1 
0.001200 	-1 
0.001100 	-1 
0.001400 	-1 
0.001300 	-1 
0.001700 	-1 
0.001700 	-1 
0.001300 	-1 
0.000100 	0.001500 	-1 
0.002200 	-1 
0.001100 	-1 
0.001400 	-1 
0.001300 	-1 
0.001400 	-1 
0.001400 	-1 
0.000100 	0.001500 	-1 
0.001500 	-1 
0.000100 	0.001400 	-1 
0.001100 	-1 
0.001400 	-1 
0.001500 	-1 
0.001400 	-1 
0.001200 	-1 
0.001500 	-1 
0.001400 	-1 
0.001100 	-1 
0.001300 	-1 
0.001300 	-1 
0.000100 	0.001600 	-1 
0.001100 	-1 
0.000100 	0.001400 	-1 
0.001000 	-1 
0.000100 	0.001600 	-1 
0.001500 	-1 
0.001300 	-1 
0.000800 	-1 
0.001200 	-1 
0.001600 	-1 
0.001400 	-1 
0.001500 	-1 
0.000100 	0.001700 	-1 
0.000100 	0.001500 	-1 
0.001300 	-1 
0.001300 	-1 
0.001500 	-1 
0.000100 	0.001400 	-1 
0.001500 	-1 
0.000100 	0.001500 	-1 
0.001400 	-1 
0.001300 	-1 
0.001100 	-1 
0.001500 	-1 
0.000100 	0.001600 	-1 
0.000100 	0.001600 	-1 
0.001300 	-1 
0.001300 	-1 
0.001300 	-1 
0.000100 	0.001700 	-1 
0.001500 	-1 
0.001600 	-1 
0.001200 	-1 
0.001200 	-1 
0.000100 	0.001600 	-1 
0.001300 	-1 
0.001300 	-1 
0.001600 	-1 
0.001400 	-1 
0.000100 	0.001300 	-1 
0.000100 	0.001300 	-1 
0.000100 	0.001400 	-1 
0.001300 	-1 
0.001500 	-1 
0.001100 	-1 
0.001500 	-1 
0.001500 	-1 
0.001300 	-1 
0.001300 	-1 
0.001400 	-1 
0.001200 	-1 
0.001300 	-1 
0.002400 	-1 
0.001700 	-1 
0.000100 	0.001700 	-1 
0.001200 	-1 
0.001600 	-1 
0.001600 	-1 
0.000100 	0.001100 	-1 
0.001400 	-1 
0.001500 	-1 
0.001300 	-1 
0.001400 	-1 
0.001300 	-1 
0.001300 	-1 
0.000100 	0.001500 	-1 
0.000100 	0.001300 	-1 
0.001400 	-1 
0.001400 	-1 
0.001400 	-1 
0.001400 	-1 
0.000100 	0.001500 	-1 
0.001300 	-1 
0.001400 	-1 
0.000100 	0.001100 	-1 
0.001300 	-1 
0.001200 	-1 
0.000100 	0.001300 	-1 
0.000100 	0.001500 	-1 
0.001600 	-1 
0.001400 	-1 
0.001300 	-1 
0.000100 	0.001100 	-1 
0.001200 	-1 
0.001600 	-1 
0.001400 	-1 
0.001500 	-1 
0.001400 	-1 
0.001200 	-1 
0.001400 	-1 
0.000100 	0.001500 	-1 
0.000100 	0.001400 	-1 
0.001400 	-1 
0.001400 	-1 
0.000100 	0.001600 	-1 
0.001400 	-1 
0.001500 	-1 
0.001400 	-1 
0.001400 	-1 
0.000100 	0.001500 	-1 
0.001100 	-1 
0.001400 	-1 
0.000100 	0.001500 	-1 
0.000100 	0.001400 	-1 
0.001000 	-1 
0.001400 	-1 
0.001600 	-1 
0.000100 	0.001300 	-1 
0.001600 	-1 
0.001300 	-1 
0.000100 	0.001200 	-1 
0.001600 	-1 
0.001300 	-1 
0.001500 	-1 
0.000100 	0.001400 	-1 
0.001300 	-1 
0.001400 	-1 
0.000100 	0.001700 	-1 
0.001800 	-1 
0.001400 	-1 
0.001200 	-1 
0.000100 	0.000800 	-1 
0.001300 	-1 
0.001400 	-1 
0.001100 	-1 
0.000100 	0.001200 	-1 
0.001200 	-1 
0.001500 	-1 
0.001400 	-1 
0.000100 	0.001600 	-1 
0.001400 	-1 
0.001400 	-1 
0.001200 	-1 
0.000100 	0.001200 	-1 
0.001600 	-1 
0.001600 	-1 
0.001700 	-1 
0.001400 	-1 
0.001100 	-1 
0.000900 	-1 
0.001300 	-1 
0.001600 	-1 
0.000100 	0.001300 	-1 
0.001200 	-1 
0.000100 	0.001300 	-1 
0.001200 	-1 
0.001400 	-1 
0.000100 	0.001100 	-1 
0.001600 	-1 
0.000100 	0.001600 	-1 
0.001600 	-1 
0.000100 	0.001700 	-1 
0.000100 	0.001600 	-1 
0.001700 	-1 
0.001400 	-1 
0.001400 	-1 
0.001600 	-1 
0.001100 	-1 
0.001700 	-1 
0.001300 	-1 
0.001400 	-1 
0.001400 	-1 
0.001500 	-1 
0.001500 	-1 
0.001500 	-1 
0.001300 	-1 
