-1.195306	-0.762948	-4.375147	-0.680416	0.000000	-0.877310	-0.387984	0.000000	0.588947	0.418637	0.000000	0.000000	-0.514710	-0.479992	0.000000	
0.735849	-2.513848	-2.765051	0.168625	0.000000	-0.647421	-0.351425	0.000000	-0.347281	-0.768523	0.000000	0.000000	0.369838	-1.375982	0.000000	
0.820409	3.862897	2.480761	-0.438457	0.000000	1.194564	0.848163	0.000000	0.772182	0.985175	0.000000	0.000000	-0.105091	1.481970	0.000000	
-1.603657	6.287823	-0.603998	0.414223	0.000000	-0.835882	-1.887898	0.000000	-0.693777	0.619516	0.000000	0.000000	-0.726016	-1.372841	0.000000	
-1.011169	2.297834	2.082998	0.210046	0.000000	-0.734627	0.433633	0.000000	0.485637	-0.295665	0.000000	0.000000	-0.271877	0.546196	0.000000	
0.460045	-1.497722	-2.593597	0.386180	0.000000	1.593121	0.766042	0.000000	0.552174	0.772418	0.000000	0.000000	0.269443	0.962724	0.000000	
1.048752	5.821529	4.942819	-1.055302	0.000000	1.879850	-1.782204	0.000000	0.808562	0.760963	0.000000	0.000000	0.550485	1.018808	0.000000	
1.073123	1.533859	-5.032302	0.484526	0.000000	0.932512	1.361278	0.000000	0.419477	-0.751190	0.000000	0.000000	-0.348974	0.791119	0.000000	
-1.361149	2.931895	-3.599526	-0.243431	0.000000	-0.944719	-1.090305	0.000000	-0.604625	-0.899336	0.000000	0.000000	-1.077712	-2.052415	0.000000	
-0.419529	6.565774	5.956715	-0.164668	0.000000	-0.531001	-0.354352	0.000000	0.844519	1.427874	0.000000	0.000000	-0.212471	0.652517	0.000000	
-0.559833	-3.005460	3.721395	-0.201277	0.000000	1.137739	0.674503	0.000000	0.307067	-0.616578	0.000000	0.000000	-0.272293	-0.310548	0.000000	
1.261165	6.021903	3.526312	-0.687724	0.000000	-0.805311	0.829910	0.000000	0.859493	0.813626	0.000000	0.000000	-0.562259	0.871390	0.000000	
-1.671430	-8.768396	-4.554016	0.600030	0.000000	-1.054076	-1.550473	0.000000	-0.857965	-0.932184	0.000000	0.000000	-0.284623	-1.184810	0.000000	
-1.319708	-2.561347	2.427457	0.155586	0.000000	-0.431025	0.725048	0.000000	-0.359207	-0.197965	0.000000	0.000000	0.666524	0.655752	0.000000	
-1.245861	2.848381	-5.420096	0.256015	0.000000	-1.044580	-1.693847	0.000000	-0.305979	0.508210	0.000000	0.000000	-0.625843	-0.948888	0.000000	
1.194207	3.080718	-3.548254	-0.546487	0.000000	1.911675	1.547187	0.000000	-1.368870	-0.529049	0.000000	0.000000	0.375455	2.226742	0.000000	
-1.627907	3.073220	1.666089	-0.118161	0.000000	-0.967497	-0.710959	0.000000	0.658187	0.423528	0.000000	0.000000	0.183788	-0.446668	0.000000	
0.649503	5.373689	-5.682003	0.284458	0.000000	-1.965420	0.462346	0.000000	-0.290604	0.949437	0.000000	0.000000	-0.298673	-0.717805	0.000000	
1.112274	-6.245536	-4.134801	0.310825	0.000000	-0.536421	0.800559	0.000000	-0.212702	-0.875861	0.000000	0.000000	0.417447	-0.704716	0.000000	
-1.362534	1.391940	4.193719	-0.293637	0.000000	-1.425825	0.700452	0.000000	0.630511	0.398386	0.000000	0.000000	0.443916	-1.336124	0.000000	
2.420136	-3.180279	-1.665906	0.141737	0.000000	1.460419	0.566163	0.000000	0.577057	-0.812908	0.000000	0.000000	0.745881	0.841156	0.000000	
0.755522	3.926159	2.402178	-0.195114	0.000000	0.951265	1.014697	0.000000	-0.517946	-0.549133	0.000000	0.000000	0.142029	0.963663	0.000000	
0.865650	2.974154	3.262321	-0.235394	0.000000	-0.560589	0.902264	0.000000	0.558186	-0.654267	0.000000	0.000000	-0.266393	1.618665	0.000000	
-1.353375	-3.656352	-5.419988	0.474918	0.000000	0.941672	-2.550654	0.000000	-0.749644	-0.943891	0.000000	0.000000	-0.429442	-1.137204	0.000000	
-0.738971	9.134826	1.421419	0.476426	0.000000	-0.647626	1.082168	0.000000	1.345014	0.846359	0.000000	0.000000	0.673221	-0.973207	0.000000	
1.435661	5.123140	-4.353651	-0.324925	0.000000	1.425410	-0.398795	0.000000	1.166107	0.848634	0.000000	0.000000	-0.439896	1.156699	0.000000	
0.693577	-4.827945	3.332941	0.349282	0.000000	-0.590262	-0.493937	0.000000	0.525102	-1.031088	0.000000	0.000000	0.567458	-1.136455	0.000000	
-0.742227	2.878583	-6.969799	-0.214519	0.000000	1.023877	-0.682347	0.000000	-0.731659	-0.480203	0.000000	0.000000	-0.196589	0.578452	0.000000	
1.536651	2.912514	-1.784756	-0.464264	0.000000	1.228063	0.377333	0.000000	-0.453026	-0.698157	0.000000	0.000000	-0.303271	0.957111	0.000000	
1.767517	-3.223936	3.333728	-0.232514	0.000000	0.747482	-0.843577	0.000000	0.634889	0.342512	0.000000	0.000000	0.634891	1.416259	0.000000	
2.501533	11.669932	2.162107	-0.449095	0.000000	1.939996	1.586691	0.000000	0.754308	1.248243	0.000000	0.000000	0.687746	1.823442	0.000000	
-2.007233	-7.278591	-1.865877	-0.737636	0.000000	0.805729	-0.842800	0.000000	0.705434	-1.012930	0.000000	0.000000	0.374345	1.334271	0.000000	
-0.827392	-9.132183	5.393765	0.577105	0.000000	-1.692809	-0.753760	0.000000	-0.802818	-1.306562	0.000000	0.000000	-0.635718	-1.839426	0.000000	
-1.413897	-7.360495	-1.231852	0.536806	0.000000	1.035632	-2.169901	0.000000	-0.788412	-0.949910	0.000000	0.000000	0.303265	0.769287	0.000000	
2.386713	-1.876701	2.170269	-0.440873	0.000000	1.489389	-0.324370	0.000000	0.575632	0.480035	0.000000	0.000000	-0.347624	2.031352	0.000000	
0.375731	3.384402	-4.397664	0.278820	0.000000	1.628911	-1.460456	0.000000	0.657561	0.708741	0.000000	0.000000	-0.320910	0.701299	0.000000	
1.319691	4.010849	-2.953098	-0.143287	0.000000	1.375801	0.533705	0.000000	0.602782	0.600382	0.000000	0.000000	-0.361805	0.426675	0.000000	
1.147546	-7.967457	-9.211526	-0.724139	0.000000	1.298365	0.908836	0.000000	1.059263	0.869954	0.000000	0.000000	1.026558	1.192663	0.000000	
-0.823342	-10.374751	-2.493973	0.439292	0.000000	-1.165060	-2.182305	0.000000	-0.535183	-1.182065	0.000000	0.000000	0.412024	-0.847318	0.000000	
-1.436003	-1.750403	-1.133928	-0.261457	0.000000	0.680960	-0.814275	0.000000	-0.442648	0.377591	0.000000	0.000000	0.550479	0.623959	0.000000	
1.638321	3.068257	-2.368399	0.342292	0.000000	0.974477	0.698262	0.000000	0.458863	-0.632275	0.000000	0.000000	0.227331	-1.050562	0.000000	
-1.175620	-8.025850	-5.933405	-0.303507	0.000000	-1.524172	-1.217078	0.000000	0.738918	-1.104378	0.000000	0.000000	0.506100	-0.532501	0.000000	
0.904579	3.077971	4.528842	-0.138070	0.000000	1.373086	-0.458175	0.000000	0.296072	0.633787	0.000000	0.000000	-0.305823	0.363769	0.000000	
-0.782113	-5.039770	2.867069	-0.238228	0.000000	-1.567664	-0.159089	0.000000	0.282011	-0.211441	0.000000	0.000000	0.327564	-1.259441	0.000000	
-1.699777	4.498293	5.164258	0.418531	0.000000	-1.097166	-0.362691	0.000000	0.610128	0.493092	0.000000	0.000000	-0.279954	0.890926	0.000000	
0.749316	2.813492	3.360279	-0.366527	0.000000	0.791693	0.794134	0.000000	-0.407461	-0.134659	0.000000	0.000000	-0.336778	0.824722	0.000000	
1.202286	-2.936750	3.373096	-0.227778	0.000000	-2.069529	0.874032	0.000000	0.618077	-0.476818	0.000000	0.000000	-0.560077	1.028212	0.000000	
-0.845674	5.679413	2.207688	0.288209	0.000000	-1.097791	-0.404369	0.000000	0.440002	0.963115	0.000000	0.000000	-0.279437	-0.521015	0.000000	
1.620412	-2.661849	-2.371862	-0.533476	0.000000	0.826282	-0.502669	0.000000	-0.695421	-0.490145	0.000000	0.000000	0.194009	-1.066474	0.000000	
-1.518173	4.399481	-5.324156	0.540937	0.000000	1.471273	0.320224	0.000000	0.688653	0.675526	0.000000	0.000000	-0.166482	0.850671	0.000000	
-0.267713	2.009526	2.519004	0.311393	0.000000	1.256632	-0.411842	0.000000	-0.634033	-0.289380	0.000000	0.000000	0.321429	-0.242139	0.000000	
1.033816	8.156265	3.707599	-0.231454	0.000000	0.411389	-0.360235	0.000000	0.881578	1.372376	0.000000	0.000000	-0.466238	1.205999	0.000000	
-1.451792	-4.063027	5.576789	0.674475	0.000000	-1.945948	-0.303283	0.000000	-0.595518	0.621906	0.000000	0.000000	0.890927	-1.127653	0.000000	
-0.383300	-2.745673	-1.845694	0.440573	0.000000	0.705724	-0.837946	0.000000	-1.215871	-0.877288	0.000000	0.000000	-0.268578	0.707227	0.000000	
1.512980	5.767216	5.091668	0.107485	0.000000	0.723569	0.871472	0.000000	0.871104	0.910975	0.000000	0.000000	-0.175089	0.962282	0.000000	
-0.587869	2.942512	5.026407	-0.165531	0.000000	1.197100	0.678509	0.000000	0.660947	0.575350	0.000000	0.000000	0.447652	0.855156	0.000000	
0.974218	5.706717	-7.999360	0.160677	0.000000	1.547135	-0.452603	0.000000	0.238144	0.467580	0.000000	0.000000	0.327625	1.483193	0.000000	
0.722446	-2.962941	3.076173	-0.376326	0.000000	-0.554487	-0.498850	0.000000	-0.891613	-0.414141	0.000000	0.000000	-0.207285	-1.254270	0.000000	
0.473227	-3.269126	-2.178217	0.164021	0.000000	0.573002	-0.687720	0.000000	-0.643018	0.183182	0.000000	0.000000	0.325282	1.296567	0.000000	
-0.954388	1.495172	-2.962807	0.589829	0.000000	-0.699365	-0.863585	0.000000	0.732082	-0.308600	0.000000	0.000000	-0.478312	-1.205375	0.000000	
1.305656	-4.410359	-6.240346	-0.297095	0.000000	-1.872720	-0.659556	0.000000	-0.346635	0.569704	0.000000	0.000000	-0.621515	0.875463	0.000000	
-2.023515	6.023030	5.226276	-1.246753	0.000000	0.363084	-1.241866	0.000000	-0.725653	-1.033450	0.000000	0.000000	-0.278742	-1.090277	0.000000	
0.564875	-2.656208	-2.544880	0.341184	0.000000	-0.908113	0.909350	0.000000	-0.808956	-0.647909	0.000000	0.000000	0.415379	-0.490213	0.000000	
-1.186809	2.470478	4.053638	-0.497324	0.000000	-1.812990	-1.168034	0.000000	-0.531908	-0.773184	0.000000	0.000000	-0.616744	-1.424595	0.000000	
0.505817	2.323787	4.524831	-0.292021	0.000000	-0.579945	0.446021	0.000000	0.811750	-0.521613	0.000000	0.000000	0.268583	-0.510384	0.000000	
-1.215090	2.765934	-3.322375	-0.262660	0.000000	-0.522729	1.128685	0.000000	0.408515	0.572080	0.000000	0.000000	-0.393645	-0.554236	0.000000	
-0.412543	-3.608806	-6.483650	-0.290424	0.000000	-1.020982	0.454898	0.000000	0.473214	0.739339	0.000000	0.000000	0.754820	-1.089157	0.000000	
0.917055	1.997507	-2.113776	-0.393210	0.000000	0.957776	-0.990078	0.000000	-0.368506	0.659955	0.000000	0.000000	-0.278553	0.973465	0.000000	
-0.838979	6.845807	-4.236051	-1.118531	0.000000	1.424112	-0.933057	0.000000	0.611476	0.899853	0.000000	0.000000	-0.453354	1.293217	0.000000	
-1.975774	-5.323362	7.862412	0.394018	0.000000	-1.530586	-1.438485	0.000000	-0.485211	-1.509323	0.000000	0.000000	-0.458199	-1.663431	0.000000	
-1.250238	4.217530	3.671981	0.227071	0.000000	0.405443	0.638745	0.000000	0.590909	0.799514	0.000000	0.000000	-0.403099	-1.064118	0.000000	
0.457010	3.296414	2.298382	-0.154512	0.000000	-0.445476	0.707259	0.000000	0.363645	0.602171	0.000000	0.000000	-0.343280	-0.510576	0.000000	
-0.464402	-1.252160	2.997826	0.470201	0.000000	0.584963	-0.853522	0.000000	0.282585	-0.455692	0.000000	0.000000	-0.507238	0.330498	0.000000	
-0.993541	3.310086	-2.852441	-0.294995	0.000000	-0.740547	-0.847644	0.000000	0.532403	-0.352370	0.000000	0.000000	0.383465	-1.010563	0.000000	
0.991285	-3.749576	7.215239	-0.251194	0.000000	-0.651114	0.940049	0.000000	-0.768303	-0.677952	0.000000	0.000000	0.429347	0.597925	0.000000	
