0.623900	0.352809	0.111420	0.247373	0.511625	0.452700	0.457886	0.183941	0.222840	0.369788	0.668796	0.695531	0.509897	0.540581	0.283907	0.226802	0.261031	0.366410	0.263598	0.185217	0.332175	0.058350	0.453475	0.467116	0.325036	0.495722	0.489915	0.486527	0.138928	0.274867	0.157378	0.515621	0.394084	0.000000	0.000000	0.000000	0.000000	0.000000	0.000000	0.000000	0.000000	0.000000	0.000000	0.000000	0.000000	0.000000	0.000000	0.000000	0.000000	0.000000	0.000000	0.000000	0.000000	0.000000	0.000000	0.000000	0.000000	0.000000	0.000000	0.000000	
0.386714	0.568618	0.333049	0.488549	0.267549	0.278236	0.187475	0.155676	0.366703	0.275976	0.233972	0.270990	0.130746	0.564633	0.283584	0.276175	0.330024	0.146288	0.475170	0.266741	0.551961	0.350148	0.329308	0.377611	0.116945	0.208192	0.455598	0.106028	0.099009	0.378881	0.329915	0.230714	0.267323	0.000000	0.000000	0.000000	0.000000	0.000000	0.000000	0.000000	0.000000	0.000000	0.000000	0.000000	0.000000	0.000000	0.000000	0.000000	0.000000	0.000000	0.000000	0.000000	0.000000	0.000000	0.000000	0.000000	0.000000	0.000000	0.000000	0.000000	
0.233151	0.186998	0.573932	0.127642	0.166576	0.167561	0.164621	0.171407	0.330541	0.259808	0.118909	0.182633	0.162422	0.095271	0.241035	0.130396	0.122506	0.351612	0.140956	0.500430	0.155746	0.141286	0.132268	0.198904	0.119322	0.254160	0.164171	0.157278	0.138926	0.143742	0.064118	0.319923	0.072440	0.000000	0.000000	0.000000	0.000000	0.000000	0.000000	0.000000	0.000000	0.000000	0.000000	0.000000	0.000000	0.000000	0.000000	0.000000	0.000000	0.000000	0.000000	0.000000	0.000000	0.000000	0.000000	0.000000	0.000000	0.000000	0.000000	0.000000	
0.312964	0.170063	0.145974	0.807410	0.160146	0.228529	0.069831	0.219447	0.125287	0.273341	0.164133	0.177170	0.219162	0.211163	0.168323	0.183439	0.154044	0.368636	0.148263	0.224175	0.298124	0.264722	0.238491	0.096248	0.233238	0.057334	0.128584	0.151861	0.397235	0.179943	0.033848	0.172077	0.277990	0.000000	0.000000	0.000000	0.000000	0.000000	0.000000	0.000000	0.000000	0.000000	0.000000	0.000000	0.000000	0.000000	0.000000	0.000000	0.000000	0.000000	0.000000	0.000000	0.000000	0.000000	0.000000	0.000000	0.000000	0.000000	0.000000	0.000000	
0.116696	0.218695	0.356641	0.202135	0.670185	0.317415	0.217570	0.151618	0.572088	0.279891	0.162129	0.307243	0.131712	0.463984	0.234475	0.294878	0.296294	0.207783	0.238480	0.207640	0.341979	0.231970	0.182701	0.201807	0.363943	0.268145	0.179399	0.164882	0.210799	0.207116	0.266346	0.132903	0.115962	0.000000	0.000000	0.000000	0.000000	0.000000	0.000000	0.000000	0.000000	0.000000	0.000000	0.000000	0.000000	0.000000	0.000000	0.000000	0.000000	0.000000	0.000000	0.000000	0.000000	0.000000	0.000000	0.000000	0.000000	0.000000	0.000000	0.000000	
0.504906	0.194919	0.160304	0.298841	0.263447	0.823540	0.236058	0.197269	0.258531	0.136449	0.208723	0.206487	0.251884	0.124332	0.451920	0.138778	0.315263	0.242546	0.266146	0.538618	0.512971	0.480875	0.202790	0.230702	0.465570	0.120286	0.182286	0.179543	0.497812	0.505426	0.200130	0.273197	0.276517	0.000000	0.000000	0.000000	0.000000	0.000000	0.000000	0.000000	0.000000	0.000000	0.000000	0.000000	0.000000	0.000000	0.000000	0.000000	0.000000	0.000000	0.000000	0.000000	0.000000	0.000000	0.000000	0.000000	0.000000	0.000000	0.000000	0.000000	
0.201378	0.130749	0.091322	0.072700	0.115126	0.274162	0.576826	0.182556	0.136370	0.052917	0.262130	0.315763	0.216813	0.081848	0.228051	0.269124	0.170903	0.279714	0.136936	0.067271	0.282524	0.195301	0.137739	0.218292	0.120629	0.161718	0.221346	0.197128	0.112535	0.271416	0.098048	0.180923	0.185665	0.000000	0.000000	0.000000	0.000000	0.000000	0.000000	0.000000	0.000000	0.000000	0.000000	0.000000	0.000000	0.000000	0.000000	0.000000	0.000000	0.000000	0.000000	0.000000	0.000000	0.000000	0.000000	0.000000	0.000000	0.000000	0.000000	0.000000	
0.288957	0.261968	0.279069	0.264228	0.127784	0.322549	0.196579	0.465697	0.304329	0.262025	0.433969	0.391579	0.121586	0.293982	0.287451	0.183571	0.263857	0.149199	0.437346	0.303293	0.287891	0.304940	0.260654	0.216939	0.213017	0.172488	0.398683	0.199210	0.246707	0.199960	0.314008	0.346178	0.183621	0.000000	0.000000	0.000000	0.000000	0.000000	0.000000	0.000000	0.000000	0.000000	0.000000	0.000000	0.000000	0.000000	0.000000	0.000000	0.000000	0.000000	0.000000	0.000000	0.000000	0.000000	0.000000	0.000000	0.000000	0.000000	0.000000	0.000000	
0.136478	0.223835	0.118085	0.159347	0.127877	0.258326	0.255182	0.188838	0.735834	0.230866	0.354670	0.102288	0.259613	0.177433	0.127135	0.220852	0.074666	0.315517	0.276009	0.179531	0.121846	0.276348	0.109004	0.152636	0.144755	0.266917	0.369747	0.224654	0.178908	0.412649	0.322291	0.401144	0.295300	0.000000	0.000000	0.000000	0.000000	0.000000	0.000000	0.000000	0.000000	0.000000	0.000000	0.000000	0.000000	0.000000	0.000000	0.000000	0.000000	0.000000	0.000000	0.000000	0.000000	0.000000	0.000000	0.000000	0.000000	0.000000	0.000000	0.000000	
0.211726	0.228610	0.079628	0.185847	0.228335	0.084267	0.154544	0.120467	0.396119	0.529936	0.191835	0.222281	0.106402	0.239759	0.168728	0.104671	0.181721	0.036959	0.440550	0.095577	0.187792	0.158436	0.125777	0.081253	0.181820	0.139557	0.205253	0.140284	0.127218	0.159005	0.211181	0.137204	0.219102	0.000000	0.000000	0.000000	0.000000	0.000000	0.000000	0.000000	0.000000	0.000000	0.000000	0.000000	0.000000	0.000000	0.000000	0.000000	0.000000	0.000000	0.000000	0.000000	0.000000	0.000000	0.000000	0.000000	0.000000	0.000000	0.000000	0.000000	
0.161198	0.342199	0.112114	0.121018	0.284310	0.211254	0.168180	0.359802	0.165324	0.243591	0.548093	0.241944	0.211291	0.161355	0.391649	0.113859	0.134824	0.228328	0.303977	0.296258	0.165716	0.331635	0.236633	0.333029	0.198722	0.117489	0.436728	0.197383	0.489173	0.153158	0.285373	0.259075	0.167696	0.000000	0.000000	0.000000	0.000000	0.000000	0.000000	0.000000	0.000000	0.000000	0.000000	0.000000	0.000000	0.000000	0.000000	0.000000	0.000000	0.000000	0.000000	0.000000	0.000000	0.000000	0.000000	0.000000	0.000000	0.000000	0.000000	0.000000	
0.200437	0.455757	0.354685	0.273505	0.502393	0.384466	0.297212	0.226243	0.203021	0.437756	0.123146	0.701645	0.247664	0.222132	0.267891	0.309427	0.408891	0.254182	0.247226	0.264099	0.435789	0.419342	0.397285	0.098385	0.228539	0.306017	0.259493	0.422657	0.158156	0.156006	0.132469	0.248799	0.281237	0.000000	0.000000	0.000000	0.000000	0.000000	0.000000	0.000000	0.000000	0.000000	0.000000	0.000000	0.000000	0.000000	0.000000	0.000000	0.000000	0.000000	0.000000	0.000000	0.000000	0.000000	0.000000	0.000000	0.000000	0.000000	0.000000	0.000000	
0.151259	0.361657	0.249465	0.196659	0.161489	0.237488	0.347928	0.389034	0.129924	0.211048	0.233397	0.196742	0.699853	0.119989	0.201412	0.350918	0.120220	0.370888	0.161486	0.288648	0.260611	0.203768	0.200122	0.193908	0.146411	0.394481	0.302745	0.186744	0.188800	0.291776	0.210897	0.338324	0.341973	0.000000	0.000000	0.000000	0.000000	0.000000	0.000000	0.000000	0.000000	0.000000	0.000000	0.000000	0.000000	0.000000	0.000000	0.000000	0.000000	0.000000	0.000000	0.000000	0.000000	0.000000	0.000000	0.000000	0.000000	0.000000	0.000000	0.000000	
0.172675	0.174147	0.178699	0.215209	0.160783	0.099555	0.173205	0.339903	0.265151	0.126619	0.259749	0.169800	0.267707	0.578248	0.110626	0.107952	0.196895	0.148444	0.194566	0.238001	0.148606	0.139304	0.199178	0.217185	0.161440	0.206412	0.383056	0.275804	0.277203	0.222903	0.304820	0.211200	0.118527	0.000000	0.000000	0.000000	0.000000	0.000000	0.000000	0.000000	0.000000	0.000000	0.000000	0.000000	0.000000	0.000000	0.000000	0.000000	0.000000	0.000000	0.000000	0.000000	0.000000	0.000000	0.000000	0.000000	0.000000	0.000000	0.000000	0.000000	
0.408696	0.133861	0.140597	0.103343	0.284719	0.314628	0.106190	0.331363	0.165462	0.181264	0.173763	0.204092	0.146365	0.101781	0.788438	0.136333	0.397831	0.159377	0.256285	0.121833	0.201343	0.265002	0.060766	0.208291	0.183499	0.181349	0.126870	0.125450	0.055249	0.185111	0.413589	0.213170	0.291657	0.000000	0.000000	0.000000	0.000000	0.000000	0.000000	0.000000	0.000000	0.000000	0.000000	0.000000	0.000000	0.000000	0.000000	0.000000	0.000000	0.000000	0.000000	0.000000	0.000000	0.000000	0.000000	0.000000	0.000000	0.000000	0.000000	0.000000	
0.212069	0.203888	0.297920	0.171490	0.102828	0.217825	0.396600	0.258802	0.121117	0.074488	0.249049	0.131139	0.378288	0.077460	0.244351	0.650741	0.169899	0.238732	0.338149	0.169842	0.150555	0.199690	0.245734	0.287028	0.109339	0.195261	0.176330	0.383862	0.171405	0.229351	0.170513	0.157486	0.238698	0.000000	0.000000	0.000000	0.000000	0.000000	0.000000	0.000000	0.000000	0.000000	0.000000	0.000000	0.000000	0.000000	0.000000	0.000000	0.000000	0.000000	0.000000	0.000000	0.000000	0.000000	0.000000	0.000000	0.000000	0.000000	0.000000	0.000000	
0.448414	0.386501	0.240127	0.268167	0.165737	0.129664	0.343465	0.405296	0.224810	0.413533	0.203426	0.415753	0.364843	0.499787	0.229832	0.600078	0.574100	0.304530	0.255468	0.217747	0.167181	0.215316	0.403892	0.294215	0.207413	0.387708	0.207345	0.291734	0.301798	0.333188	0.255070	0.286653	0.225800	0.000000	0.000000	0.000000	0.000000	0.000000	0.000000	0.000000	0.000000	0.000000	0.000000	0.000000	0.000000	0.000000	0.000000	0.000000	0.000000	0.000000	0.000000	0.000000	0.000000	0.000000	0.000000	0.000000	0.000000	0.000000	0.000000	0.000000	
0.095760	0.462620	0.205556	0.373497	0.416404	0.107258	0.388759	0.384589	0.229171	0.320852	0.114766	0.065702	0.532623	0.358009	0.129925	0.311598	0.496477	0.625646	0.236175	0.387521	0.399731	0.615022	0.647904	0.413767	0.250320	0.316428	0.240887	0.234942	0.603463	0.386561	0.178039	0.459224	0.321203	0.000000	0.000000	0.000000	0.000000	0.000000	0.000000	0.000000	0.000000	0.000000	0.000000	0.000000	0.000000	0.000000	0.000000	0.000000	0.000000	0.000000	0.000000	0.000000	0.000000	0.000000	0.000000	0.000000	0.000000	0.000000	0.000000	0.000000	
0.291859	0.186559	0.152746	0.118377	0.263956	0.136299	0.187782	0.308209	0.323411	0.198124	0.287229	0.157651	0.142507	0.461841	0.593269	0.213872	0.194205	0.182990	0.455966	0.104603	0.208896	0.158227	0.138596	0.327124	0.120104	0.120062	0.191388	0.141440	0.217167	0.165264	0.182188	0.154918	0.084785	0.000000	0.000000	0.000000	0.000000	0.000000	0.000000	0.000000	0.000000	0.000000	0.000000	0.000000	0.000000	0.000000	0.000000	0.000000	0.000000	0.000000	0.000000	0.000000	0.000000	0.000000	0.000000	0.000000	0.000000	0.000000	0.000000	0.000000	
0.231997	0.220093	0.060829	0.351198	0.162315	0.248461	0.315669	0.168459	0.159928	0.179663	0.175251	0.277106	0.273631	0.286533	0.199372	0.197499	0.300421	0.063433	0.224030	0.936215	0.259456	0.385425	0.292451	0.103053	0.184389	0.401451	0.484744	0.183737	0.192363	0.095253	0.071460	0.260903	0.176482	0.000000	0.000000	0.000000	0.000000	0.000000	0.000000	0.000000	0.000000	0.000000	0.000000	0.000000	0.000000	0.000000	0.000000	0.000000	0.000000	0.000000	0.000000	0.000000	0.000000	0.000000	0.000000	0.000000	0.000000	0.000000	0.000000	0.000000	
0.190933	0.330426	0.062179	0.364230	0.102604	0.189201	0.260490	0.273177	0.202459	0.156780	0.112115	0.277558	0.106371	0.091600	0.143720	0.229597	0.170354	0.058621	0.121855	0.176189	0.727506	0.083640	0.177467	0.276280	0.255264	0.393246	0.137360	0.052970	0.176586	0.300021	0.292558	0.245548	0.334984	0.000000	0.000000	0.000000	0.000000	0.000000	0.000000	0.000000	0.000000	0.000000	0.000000	0.000000	0.000000	0.000000	0.000000	0.000000	0.000000	0.000000	0.000000	0.000000	0.000000	0.000000	0.000000	0.000000	0.000000	0.000000	0.000000	0.000000	
0.184160	0.079196	0.375025	0.304463	0.139936	0.267813	0.143476	0.104886	0.083093	0.186201	0.256254	0.357262	0.261545	0.279239	0.125191	0.288351	0.294688	0.161635	0.134191	0.236027	0.151453	0.555721	0.516464	0.168460	0.299722	0.466890	0.146655	0.351235	0.355730	0.466902	0.089723	0.120216	0.245709	0.000000	0.000000	0.000000	0.000000	0.000000	0.000000	0.000000	0.000000	0.000000	0.000000	0.000000	0.000000	0.000000	0.000000	0.000000	0.000000	0.000000	0.000000	0.000000	0.000000	0.000000	0.000000	0.000000	0.000000	0.000000	0.000000	0.000000	
0.395256	0.099034	0.334528	0.307066	0.469075	0.193906	0.167326	0.141695	0.232115	0.173657	0.229417	0.181011	0.257277	0.208092	0.258114	0.176727	0.222177	0.153573	0.202367	0.188404	0.208092	0.244113	0.562746	0.128138	0.164796	0.185843	0.304906	0.063725	0.166556	0.110085	0.102071	0.247314	0.131407	0.000000	0.000000	0.000000	0.000000	0.000000	0.000000	0.000000	0.000000	0.000000	0.000000	0.000000	0.000000	0.000000	0.000000	0.000000	0.000000	0.000000	0.000000	0.000000	0.000000	0.000000	0.000000	0.000000	0.000000	0.000000	0.000000	0.000000	
0.184410	0.056091	0.279763	0.204692	0.136024	0.257011	0.121790	0.201277	0.146866	0.118877	0.161649	0.179892	0.230904	0.275641	0.233573	0.123956	0.311508	0.078637	0.139958	0.056435	0.108338	0.066294	0.242447	0.743189	0.074423	0.088827	0.077626	0.179357	0.154018	0.208898	0.120211	0.132356	0.323323	0.000000	0.000000	0.000000	0.000000	0.000000	0.000000	0.000000	0.000000	0.000000	0.000000	0.000000	0.000000	0.000000	0.000000	0.000000	0.000000	0.000000	0.000000	0.000000	0.000000	0.000000	0.000000	0.000000	0.000000	0.000000	0.000000	0.000000	
0.278579	0.209837	0.134463	0.353924	0.343345	0.367157	0.218875	0.270958	0.316169	0.213203	0.179996	0.297855	0.176329	0.210900	0.214361	0.382757	0.324426	0.119447	0.170862	0.365141	0.309039	0.221738	0.277648	0.036461	0.626695	0.172489	0.219770	0.278909	0.329112	0.356849	0.107575	0.382424	0.676564	0.000000	0.000000	0.000000	0.000000	0.000000	0.000000	0.000000	0.000000	0.000000	0.000000	0.000000	0.000000	0.000000	0.000000	0.000000	0.000000	0.000000	0.000000	0.000000	0.000000	0.000000	0.000000	0.000000	0.000000	0.000000	0.000000	0.000000	
0.077511	0.085041	0.255390	0.132680	0.215860	0.111519	0.246660	0.069574	0.130074	0.116970	0.059971	0.157619	0.200711	0.246388	0.114582	0.185855	0.172383	0.227141	0.232647	0.075075	0.071036	0.218714	0.107043	0.138981	0.293117	0.551407	0.216839	0.253770	0.065375	0.076836	0.132433	0.272665	0.283645	0.000000	0.000000	0.000000	0.000000	0.000000	0.000000	0.000000	0.000000	0.000000	0.000000	0.000000	0.000000	0.000000	0.000000	0.000000	0.000000	0.000000	0.000000	0.000000	0.000000	0.000000	0.000000	0.000000	0.000000	0.000000	0.000000	0.000000	
0.189804	0.382248	0.043493	0.188724	0.094986	0.100141	0.162034	0.105038	0.338453	0.214615	0.275234	0.197640	0.250202	0.128035	0.102737	0.160237	0.239767	0.116313	0.226482	0.170495	0.240642	0.050587	0.064796	0.329074	0.200365	0.232027	0.494257	0.314600	0.353823	0.374302	0.222482	0.233863	0.091384	0.000000	0.000000	0.000000	0.000000	0.000000	0.000000	0.000000	0.000000	0.000000	0.000000	0.000000	0.000000	0.000000	0.000000	0.000000	0.000000	0.000000	0.000000	0.000000	0.000000	0.000000	0.000000	0.000000	0.000000	0.000000	0.000000	0.000000	
0.150102	0.212474	0.372840	0.170198	0.122217	0.148165	0.157409	0.148821	0.270601	0.228027	0.141126	0.161306	0.181347	0.152442	0.212134	0.098113	0.097782	0.153763	0.165749	0.074313	0.190472	0.233695	0.227259	0.267854	0.272612	0.099971	0.059732	0.547851	0.261154	0.357996	0.325520	0.294921	0.172730	0.000000	0.000000	0.000000	0.000000	0.000000	0.000000	0.000000	0.000000	0.000000	0.000000	0.000000	0.000000	0.000000	0.000000	0.000000	0.000000	0.000000	0.000000	0.000000	0.000000	0.000000	0.000000	0.000000	0.000000	0.000000	0.000000	0.000000	
0.301362	0.279189	0.238384	0.161599	0.159339	0.199418	0.211343	0.132305	0.236737	0.271801	0.129727	0.150226	0.157492	0.287214	0.236683	0.134134	0.074176	0.106169	0.149018	0.175488	0.177416	0.188744	0.232650	0.136860	0.052648	0.221535	0.234203	0.158370	0.607114	0.160850	0.066732	0.130864	0.090469	0.000000	0.000000	0.000000	0.000000	0.000000	0.000000	0.000000	0.000000	0.000000	0.000000	0.000000	0.000000	0.000000	0.000000	0.000000	0.000000	0.000000	0.000000	0.000000	0.000000	0.000000	0.000000	0.000000	0.000000	0.000000	0.000000	0.000000	
0.190902	0.214610	0.078779	0.513474	0.243656	0.102618	0.441201	0.184849	0.380751	0.233301	0.442818	0.240016	0.081585	0.267885	0.218533	0.157908	0.420795	0.107229	0.139707	0.107712	0.321939	0.299581	0.143276	0.153788	0.186156	0.275458	0.441238	0.618529	0.220272	0.653466	0.278483	0.083377	0.511307	0.000000	0.000000	0.000000	0.000000	0.000000	0.000000	0.000000	0.000000	0.000000	0.000000	0.000000	0.000000	0.000000	0.000000	0.000000	0.000000	0.000000	0.000000	0.000000	0.000000	0.000000	0.000000	0.000000	0.000000	0.000000	0.000000	0.000000	
0.166273	0.371863	0.115780	0.229340	0.277634	0.370812	0.312917	0.255024	0.403616	0.147041	0.220721	0.097032	0.163716	0.262699	0.188181	0.212847	0.124763	0.103455	0.408551	0.204666	0.226706	0.060411	0.253248	0.269865	0.228812	0.118681	0.337362	0.197861	0.152865	0.174708	0.613613	0.121325	0.290473	0.000000	0.000000	0.000000	0.000000	0.000000	0.000000	0.000000	0.000000	0.000000	0.000000	0.000000	0.000000	0.000000	0.000000	0.000000	0.000000	0.000000	0.000000	0.000000	0.000000	0.000000	0.000000	0.000000	0.000000	0.000000	0.000000	0.000000	
0.198692	0.199499	0.260979	0.429915	0.249941	0.192608	0.485062	0.072045	0.261255	0.397628	0.249233	0.292659	0.186215	0.428161	0.067465	0.185416	0.292870	0.426298	0.306504	0.177100	0.109391	0.244050	0.487051	0.134720	0.215870	0.271047	0.205603	0.315831	0.182637	0.079712	0.224905	0.748996	0.121660	0.000000	0.000000	0.000000	0.000000	0.000000	0.000000	0.000000	0.000000	0.000000	0.000000	0.000000	0.000000	0.000000	0.000000	0.000000	0.000000	0.000000	0.000000	0.000000	0.000000	0.000000	0.000000	0.000000	0.000000	0.000000	0.000000	0.000000	
0.329396	0.306009	0.647858	0.443091	0.870629	0.277091	0.510285	0.291153	0.347394	1.000000	0.339765	0.501105	0.164206	0.217589	0.275156	0.881836	0.258484	0.500064	0.341343	0.659104	0.282042	0.492466	0.356774	0.297834	0.106029	0.695591	0.564955	0.394815	0.148728	0.366576	0.923236	0.404236	0.519389	0.000000	0.000000	0.000000	0.000000	0.000000	0.000000	0.000000	0.000000	0.000000	0.000000	0.000000	0.000000	0.000000	0.000000	0.000000	0.000000	0.000000	0.000000	0.000000	0.000000	0.000000	0.000000	0.000000	0.000000	0.000000	0.000000	0.000000	
0.350148	0.288169	0.201858	0.161192	0.183379	0.106986	0.105073	0.164697	0.125832	0.292704	0.239050	0.195638	0.153366	0.141389	0.208904	0.096887	0.286631	0.115592	0.099591	0.333070	0.425912	0.376477	0.355884	0.189412	0.395491	0.185249	0.293298	0.273506	0.241909	0.163402	0.165580	0.312529	0.081694	0.000000	0.000000	0.000000	0.000000	0.000000	0.000000	0.000000	0.000000	0.000000	0.000000	0.000000	0.000000	0.000000	0.000000	0.000000	0.000000	0.000000	0.000000	0.000000	0.000000	0.000000	0.000000	0.000000	0.000000	0.000000	0.000000	0.000000	
0.188533	0.138911	0.061913	0.086598	0.217354	0.138925	0.409843	0.264733	0.239047	0.169580	0.270349	0.358243	0.323501	0.054801	0.095449	0.176966	0.128762	0.157674	0.245516	0.268666	0.108947	0.126106	0.185579	0.225475	0.138923	0.187345	0.191357	0.310316	0.317248	0.220985	0.136457	0.192738	0.258278	0.000000	0.000000	0.000000	0.000000	0.000000	0.000000	0.000000	0.000000	0.000000	0.000000	0.000000	0.000000	0.000000	0.000000	0.000000	0.000000	0.000000	0.000000	0.000000	0.000000	0.000000	0.000000	0.000000	0.000000	0.000000	0.000000	0.000000	
0.183225	0.250426	0.248154	0.180765	0.270043	0.221760	0.108301	0.122228	0.160434	0.388188	0.197377	0.152916	0.138860	0.074864	0.206336	0.186172	0.069491	0.071208	0.174757	0.194234	0.086464	0.106949	0.248821	0.141916	0.132328	0.157948	0.122708	0.270658	0.330106	0.252199	0.112096	0.227970	0.183099	0.000000	0.000000	0.000000	0.000000	0.000000	0.000000	0.000000	0.000000	0.000000	0.000000	0.000000	0.000000	0.000000	0.000000	0.000000	0.000000	0.000000	0.000000	0.000000	0.000000	0.000000	0.000000	0.000000	0.000000	0.000000	0.000000	0.000000	
0.304672	0.181504	0.245944	0.180048	0.345444	0.221191	0.254207	0.225325	0.105349	0.125487	0.135231	0.213405	0.353556	0.233752	0.347493	0.116191	0.353963	0.065563	0.143321	0.058838	0.098844	0.252181	0.043639	0.167207	0.269626	0.172419	0.155960	0.206997	0.275719	0.156188	0.232780	0.156181	0.393620	0.000000	0.000000	0.000000	0.000000	0.000000	0.000000	0.000000	0.000000	0.000000	0.000000	0.000000	0.000000	0.000000	0.000000	0.000000	0.000000	0.000000	0.000000	0.000000	0.000000	0.000000	0.000000	0.000000	0.000000	0.000000	0.000000	0.000000	
0.174098	0.249516	0.217273	0.291785	0.183747	0.305288	0.122723	0.512422	0.120647	0.217725	0.163781	0.267375	0.195959	0.092223	0.282106	0.227679	0.549658	0.214178	0.206428	0.246331	0.126610	0.131002	0.150507	0.178715	0.278868	0.258745	0.189803	0.349108	0.125226	0.337429	0.227101	0.335763	0.189747	0.000000	0.000000	0.000000	0.000000	0.000000	0.000000	0.000000	0.000000	0.000000	0.000000	0.000000	0.000000	0.000000	0.000000	0.000000	0.000000	0.000000	0.000000	0.000000	0.000000	0.000000	0.000000	0.000000	0.000000	0.000000	0.000000	0.000000	
0.206273	0.056711	0.532962	0.088643	0.479808	0.269142	0.144856	0.040129	0.257089	0.235378	0.390321	0.205069	0.307911	0.106521	0.276200	0.035818	0.180905	0.431878	0.524393	0.123922	0.091695	0.343325	0.109865	0.113739	0.284139	0.212278	0.153220	0.099528	0.180555	0.139933	0.247672	0.373011	0.159991	0.000000	0.000000	0.000000	0.000000	0.000000	0.000000	0.000000	0.000000	0.000000	0.000000	0.000000	0.000000	0.000000	0.000000	0.000000	0.000000	0.000000	0.000000	0.000000	0.000000	0.000000	0.000000	0.000000	0.000000	0.000000	0.000000	0.000000	
0.084234	0.180363	0.121129	0.165859	0.208322	0.212231	0.113438	0.176010	0.021386	0.081256	0.164362	0.162111	0.071558	0.213013	0.254310	0.110882	0.159322	0.244682	0.125228	0.158609	0.223041	0.075253	0.124169	0.323874	0.147274	0.198857	0.233566	0.139429	0.072703	0.087850	0.315941	0.115255	0.265913	0.000000	0.000000	0.000000	0.000000	0.000000	0.000000	0.000000	0.000000	0.000000	0.000000	0.000000	0.000000	0.000000	0.000000	0.000000	0.000000	0.000000	0.000000	0.000000	0.000000	0.000000	0.000000	0.000000	0.000000	0.000000	0.000000	0.000000	
0.248092	0.153529	0.209047	0.159600	0.255408	0.160352	0.169408	0.541025	0.107764	0.180398	0.095616	0.230457	0.465175	0.254651	0.333557	0.089197	0.213666	0.458493	0.158006	0.404643	0.317797	0.156751	0.178179	0.465928	0.316978	0.142983	0.217510	0.096567	0.117643	0.206110	0.180214	0.225346	0.151092	0.000000	0.000000	0.000000	0.000000	0.000000	0.000000	0.000000	0.000000	0.000000	0.000000	0.000000	0.000000	0.000000	0.000000	0.000000	0.000000	0.000000	0.000000	0.000000	0.000000	0.000000	0.000000	0.000000	0.000000	0.000000	0.000000	0.000000	
0.193985	0.352233	0.495555	0.100348	0.239939	0.107974	0.269864	0.246596	0.060449	0.134763	0.113847	0.167557	0.248738	0.197936	0.270735	0.214972	0.209133	0.178592	0.231314	0.336812	0.147625	0.215116	0.230816	0.285174	0.230910	0.224044	0.163738	0.313352	0.200319	0.172320	0.175625	0.156828	0.196355	0.000000	0.000000	0.000000	0.000000	0.000000	0.000000	0.000000	0.000000	0.000000	0.000000	0.000000	0.000000	0.000000	0.000000	0.000000	0.000000	0.000000	0.000000	0.000000	0.000000	0.000000	0.000000	0.000000	0.000000	0.000000	0.000000	0.000000	
0.082243	0.339936	0.088908	0.188985	0.368081	0.114351	0.130757	0.319818	0.297300	0.210017	0.095922	0.207796	0.228736	0.084492	0.166429	0.197852	0.103890	0.160166	0.283065	0.123067	0.124482	0.159077	0.155028	0.203235	0.175326	0.185340	0.070987	0.202246	0.178076	0.327477	0.319700	0.172714	0.200598	0.000000	0.000000	0.000000	0.000000	0.000000	0.000000	0.000000	0.000000	0.000000	0.000000	0.000000	0.000000	0.000000	0.000000	0.000000	0.000000	0.000000	0.000000	0.000000	0.000000	0.000000	0.000000	0.000000	0.000000	0.000000	0.000000	0.000000	
0.257098	0.110330	0.179966	0.163347	0.117799	0.220406	0.193362	0.272098	0.118698	0.220657	0.188297	0.188645	0.160371	0.180319	0.137237	0.201097	0.102319	0.182912	0.201392	0.273573	0.251770	0.193426	0.231355	0.168515	0.187261	0.226926	0.192130	0.235861	0.218345	0.188074	0.199717	0.323344	0.180712	0.000000	0.000000	0.000000	0.000000	0.000000	0.000000	0.000000	0.000000	0.000000	0.000000	0.000000	0.000000	0.000000	0.000000	0.000000	0.000000	0.000000	0.000000	0.000000	0.000000	0.000000	0.000000	0.000000	0.000000	0.000000	0.000000	0.000000	
0.160501	0.207029	0.192949	0.146400	0.275520	0.349010	0.190094	0.251095	0.072652	0.065994	0.192821	0.085639	0.176341	0.145686	0.109279	0.172678	0.242394	0.358887	0.171981	0.146694	0.175690	0.094531	0.094206	0.177247	0.190199	0.141878	0.086264	0.122605	0.331943	0.165625	0.222959	0.022891	0.098656	0.000000	0.000000	0.000000	0.000000	0.000000	0.000000	0.000000	0.000000	0.000000	0.000000	0.000000	0.000000	0.000000	0.000000	0.000000	0.000000	0.000000	0.000000	0.000000	0.000000	0.000000	0.000000	0.000000	0.000000	0.000000	0.000000	0.000000	
0.306772	0.360291	0.357500	0.256404	0.333488	0.254284	0.446709	0.163849	0.498566	0.368724	0.141423	0.205041	0.074807	0.403001	0.105004	0.551427	0.170662	0.283080	0.277048	0.238427	0.150158	0.374283	0.275753	0.347484	0.334892	0.340480	0.264025	0.158181	0.366219	0.216696	0.240741	0.261075	0.148341	0.000000	0.000000	0.000000	0.000000	0.000000	0.000000	0.000000	0.000000	0.000000	0.000000	0.000000	0.000000	0.000000	0.000000	0.000000	0.000000	0.000000	0.000000	0.000000	0.000000	0.000000	0.000000	0.000000	0.000000	0.000000	0.000000	0.000000	
0.262019	0.161801	0.211616	0.293376	0.118239	0.211740	0.198426	0.249256	0.308417	0.038640	0.386785	0.162204	0.237108	0.144236	0.222621	0.427469	0.280799	0.156312	0.223406	0.101223	0.262698	0.163589	0.176310	0.113151	0.229464	0.238658	0.173660	0.263502	0.085550	0.188695	0.254064	0.254509	0.262696	0.000000	0.000000	0.000000	0.000000	0.000000	0.000000	0.000000	0.000000	0.000000	0.000000	0.000000	0.000000	0.000000	0.000000	0.000000	0.000000	0.000000	0.000000	0.000000	0.000000	0.000000	0.000000	0.000000	0.000000	0.000000	0.000000	0.000000	
0.264262	0.100889	0.331324	0.115768	0.159025	0.162406	0.249407	0.233078	0.214740	0.258699	0.264746	0.070485	0.266137	0.241015	0.219522	0.137709	0.231700	0.214797	0.187331	0.063043	0.229762	0.175503	0.121113	0.221970	0.109726	0.144264	0.170540	0.145360	0.106248	0.181503	0.067906	0.101502	0.058504	0.000000	0.000000	0.000000	0.000000	0.000000	0.000000	0.000000	0.000000	0.000000	0.000000	0.000000	0.000000	0.000000	0.000000	0.000000	0.000000	0.000000	0.000000	0.000000	0.000000	0.000000	0.000000	0.000000	0.000000	0.000000	0.000000	0.000000	
0.191635	0.343334	0.429783	0.088639	0.203648	0.305307	0.181060	0.275823	0.204853	0.297822	0.180849	0.404189	0.335489	0.516998	0.216601	0.287087	0.342785	0.430275	0.362898	0.332494	0.102639	0.310316	0.333327	0.255456	0.329012	0.127772	0.263035	0.104207	0.256364	0.336189	0.273687	0.102953	0.071626	0.000000	0.000000	0.000000	0.000000	0.000000	0.000000	0.000000	0.000000	0.000000	0.000000	0.000000	0.000000	0.000000	0.000000	0.000000	0.000000	0.000000	0.000000	0.000000	0.000000	0.000000	0.000000	0.000000	0.000000	0.000000	0.000000	0.000000	
0.260036	0.259113	0.285141	0.152689	0.273322	0.105338	0.404943	0.141714	0.235059	0.182722	0.276108	0.204950	0.208400	0.134208	0.074782	0.191899	0.283467	0.113090	0.207572	0.146078	0.167804	0.214128	0.178665	0.190159	0.175795	0.105659	0.202798	0.188744	0.160692	0.221460	0.236140	0.224834	0.098156	0.000000	0.000000	0.000000	0.000000	0.000000	0.000000	0.000000	0.000000	0.000000	0.000000	0.000000	0.000000	0.000000	0.000000	0.000000	0.000000	0.000000	0.000000	0.000000	0.000000	0.000000	0.000000	0.000000	0.000000	0.000000	0.000000	0.000000	
0.313024	0.173396	0.240202	0.260076	0.187728	0.228346	0.329277	0.254399	0.164193	0.027567	0.248726	0.121343	0.157193	0.175095	0.281011	0.227267	0.155779	0.196746	0.275306	0.200918	0.385892	0.098050	0.066178	0.318026	0.296195	0.317287	0.197524	0.165218	0.233214	0.174462	0.376354	0.129651	0.099514	0.000000	0.000000	0.000000	0.000000	0.000000	0.000000	0.000000	0.000000	0.000000	0.000000	0.000000	0.000000	0.000000	0.000000	0.000000	0.000000	0.000000	0.000000	0.000000	0.000000	0.000000	0.000000	0.000000	0.000000	0.000000	0.000000	0.000000	
0.227825	0.242707	0.183762	0.102341	0.134178	0.172894	0.161074	0.148184	0.109581	0.210304	0.301629	0.160883	0.321693	0.273975	0.081244	0.128226	0.097760	0.233478	0.216772	0.082555	0.307459	0.139596	0.114266	0.163548	0.274053	0.133886	0.131996	0.163339	0.288429	0.286366	0.217973	0.191884	0.325919	0.000000	0.000000	0.000000	0.000000	0.000000	0.000000	0.000000	0.000000	0.000000	0.000000	0.000000	0.000000	0.000000	0.000000	0.000000	0.000000	0.000000	0.000000	0.000000	0.000000	0.000000	0.000000	0.000000	0.000000	0.000000	0.000000	0.000000	
0.232744	0.165042	0.159114	0.333830	0.092236	0.123770	0.440172	0.020334	0.145019	0.175093	0.137053	0.530373	0.134353	0.314532	0.126319	0.381399	0.198184	0.217375	0.255262	0.227438	0.333835	0.130754	0.322895	0.214230	0.163045	0.234797	0.083380	0.347062	0.265854	0.315867	0.312037	0.136227	0.208900	0.000000	0.000000	0.000000	0.000000	0.000000	0.000000	0.000000	0.000000	0.000000	0.000000	0.000000	0.000000	0.000000	0.000000	0.000000	0.000000	0.000000	0.000000	0.000000	0.000000	0.000000	0.000000	0.000000	0.000000	0.000000	0.000000	0.000000	
0.179467	0.230798	0.244087	0.222864	0.149425	0.104600	0.214291	0.122285	0.197009	0.372407	0.114842	0.102637	0.394145	0.105825	0.319708	0.142002	0.159011	0.099706	0.253100	0.228903	0.250229	0.203433	0.216537	0.096301	0.121370	0.169295	0.356297	0.116947	0.141219	0.200949	0.204107	0.245651	0.163980	0.000000	0.000000	0.000000	0.000000	0.000000	0.000000	0.000000	0.000000	0.000000	0.000000	0.000000	0.000000	0.000000	0.000000	0.000000	0.000000	0.000000	0.000000	0.000000	0.000000	0.000000	0.000000	0.000000	0.000000	0.000000	0.000000	0.000000	
0.178796	0.124247	0.181529	0.205536	0.167949	0.115855	0.079029	0.178731	0.044513	0.188028	0.161218	0.136957	0.274610	0.225083	0.196453	0.175751	0.156350	0.374128	0.278694	0.166005	0.105052	0.334251	0.291448	0.203534	0.231329	0.094775	0.175709	0.199971	0.341849	0.450853	0.069091	0.174939	0.226838	0.000000	0.000000	0.000000	0.000000	0.000000	0.000000	0.000000	0.000000	0.000000	0.000000	0.000000	0.000000	0.000000	0.000000	0.000000	0.000000	0.000000	0.000000	0.000000	0.000000	0.000000	0.000000	0.000000	0.000000	0.000000	0.000000	0.000000	
0.306313	0.173071	0.232203	0.116409	0.134987	0.155546	0.123101	0.182251	0.038676	0.159165	0.176333	0.178023	0.065054	0.167606	0.286483	0.238360	0.146573	0.061637	0.160947	0.086170	0.206844	0.339030	0.308608	0.136407	0.167399	0.520251	0.169842	0.161763	0.100501	0.169418	0.302667	0.287476	0.269268	0.000000	0.000000	0.000000	0.000000	0.000000	0.000000	0.000000	0.000000	0.000000	0.000000	0.000000	0.000000	0.000000	0.000000	0.000000	0.000000	0.000000	0.000000	0.000000	0.000000	0.000000	0.000000	0.000000	0.000000	0.000000	0.000000	0.000000	
0.219727	0.139613	0.294637	0.377349	0.185826	0.238163	0.192759	0.162269	0.341038	0.224252	0.526502	0.115711	0.471313	0.107880	0.238320	0.362016	0.106877	0.124780	0.243286	0.191587	0.199967	0.133930	0.347073	0.344954	0.127054	0.180453	0.197897	0.205645	0.166746	0.163908	0.095152	0.135865	0.237811	0.000000	0.000000	0.000000	0.000000	0.000000	0.000000	0.000000	0.000000	0.000000	0.000000	0.000000	0.000000	0.000000	0.000000	0.000000	0.000000	0.000000	0.000000	0.000000	0.000000	0.000000	0.000000	0.000000	0.000000	0.000000	0.000000	0.000000	
0.301186	0.330048	0.078496	0.160731	0.347431	0.266493	0.188309	0.140659	0.114369	0.298826	0.322842	0.135465	0.176608	0.246189	0.156535	0.134978	0.225469	0.141602	0.153179	0.218407	0.223865	0.178306	0.317387	0.203386	0.262885	0.447364	0.152498	0.279379	0.327626	0.168065	0.192809	0.231897	0.155590	0.000000	0.000000	0.000000	0.000000	0.000000	0.000000	0.000000	0.000000	0.000000	0.000000	0.000000	0.000000	0.000000	0.000000	0.000000	0.000000	0.000000	0.000000	0.000000	0.000000	0.000000	0.000000	0.000000	0.000000	0.000000	0.000000	0.000000	
0.255671	0.329807	0.484868	0.237288	0.329227	0.217545	0.094269	0.126512	0.189798	0.306634	0.262299	0.557333	0.236295	0.189070	0.248837	0.218375	0.241721	0.206488	0.236448	0.212913	0.395612	0.683563	0.147394	0.375834	0.150529	0.298419	0.099767	0.513201	0.635379	0.434704	0.135313	0.443667	0.279181	0.000000	0.000000	0.000000	0.000000	0.000000	0.000000	0.000000	0.000000	0.000000	0.000000	0.000000	0.000000	0.000000	0.000000	0.000000	0.000000	0.000000	0.000000	0.000000	0.000000	0.000000	0.000000	0.000000	0.000000	0.000000	0.000000	0.000000	
0.279823	0.279204	0.210140	0.229380	0.063284	0.247633	0.041032	0.124707	0.240127	0.098015	0.434911	0.214518	0.298044	0.113454	0.176127	0.208386	0.257938	0.180352	0.253079	0.235827	0.386465	0.092306	0.282214	0.147013	0.203525	0.355210	0.308892	0.215284	0.152322	0.213685	0.241045	0.289961	0.153302	0.000000	0.000000	0.000000	0.000000	0.000000	0.000000	0.000000	0.000000	0.000000	0.000000	0.000000	0.000000	0.000000	0.000000	0.000000	0.000000	0.000000	0.000000	0.000000	0.000000	0.000000	0.000000	0.000000	0.000000	0.000000	0.000000	0.000000	
