0.00000	-0.01352	0.04317	0.14904	-0.03316	-0.14597	0.14805	-0.04131	-0.31428	0.07807	-0.12765	-0.17984	0.19315	-0.09076	0.30558	0.17858	-0.17902	0.12814	0.14770	0.01450	0.09019	-0.21156	0.07814	0.15708	0.27649	-0.11651	0.01874	0.22765	-0.00610	-0.12621	-0.19853	-0.10989	-0.21557	0.04584	-0.23826	0.28737	0.04605	0.01817	0.11351	0.39789	0.16105	-0.07199	0.02401	-0.05820	0.03217	-0.10675	0.22331	-0.05459	0.18078	0.10556	0.09309	-0.34573	0.27591	0.11558	-0.01502	-0.30348	-0.19685	-0.05308	-0.23238	0.21642
-0.05481	0.00000	0.04402	0.03253	-0.04075	0.36637	-0.19346	0.16339	0.30454	-0.01727	0.23442	-0.19292	-0.08475	-0.03498	0.06767	0.04331	-0.10104	0.28377	0.07351	0.31864	0.00243	0.20759	-0.01899	-0.14948	-0.36691	0.08242	0.20375	0.03593	0.17122	0.03809	-0.27127	-0.26928	0.24826	0.01265	0.24878	-0.03739	0.08593	-0.03865	0.11020	-0.11219	0.16229	-0.09333	-0.25666	-0.05530	-0.23601	0.12420	-0.16920	-0.01045	0.06978	0.33598	-0.42302	-0.08514	-0.05988	0.25456	0.01758	-0.15574	0.08732	-0.10463	0.15837	-0.05977
0.09194	0.12984	0.00000	-0.01342	-0.20870	-0.10134	0.19831	-0.14895	0.06976	0.17564	-0.26866	0.00170	0.02256	0.09415	-0.14803	-0.08722	-0.01042	0.00952	-0.01736	0.08799	-0.00769	0.40946	-0.15238	0.15521	-0.06508	0.44277	0.09490	-0.12714	0.08624	-0.10630	-0.34634	0.09752	0.12372	-0.13325	0.27703	0.24455	-0.27754	-0.05808	-0.01728	-0.28841	0.20744	0.10521	-0.04177	-0.19615	-0.04655	0.14203	-0.15496	0.20332	0.13095	-0.19142	0.08348	0.26475	-0.22448	0.25755	-0.16841	-0.23937	-0.17127	-0.13838	-0.04149	0.07001
-0.04515	0.18178	0.16077	0.00000	0.07720	0.04928	0.09164	-0.09172	-0.08225	-0.05876	-0.20623	-0.17137	-0.06804	0.12821	0.00109	0.05173	-0.03991	-0.01823	0.03433	-0.12045	0.02148	-0.14354	0.12895	0.09928	0.13902	-0.22882	-0.08085	0.33621	0.02907	0.01331	-0.19605	0.01618	-0.27626	-0.09606	-0.24184	-0.13048	0.13895	-0.12924	-0.01695	0.31731	0.04944	0.19711	0.20179	0.09202	0.03385	-0.20897	0.14318	-0.01087	-0.03450	-0.04045	0.12723	-0.15009	0.05518	-0.06065	-0.20496	0.05444	0.16855	-0.22522	-0.00595	-0.05628
-0.00390	-0.13665	0.01866	0.41742	0.00000	0.11268	-0.38720	-0.11501	0.17833	0.01803	-0.15362	0.13944	-0.04144	-0.16460	0.11808	0.16036	0.25439	0.11585	0.13209	-0.04766	-0.07955	0.47430	-0.01578	-0.13388	-0.28710	0.18722	0.28437	-0.20451	-0.02240	-0.02789	0.00532	0.08926	0.00445	0.03246	0.47409	0.14083	0.34793	0.02986	-0.10709	-0.17104	0.07130	-0.27706	-0.19372	0.01304	0.08035	0.35469	-0.00314	-0.09314	-0.20095	0.17602	-0.36671	0.17007	-0.15829	-0.09113	-0.08512	0.25976	-0.10657	0.18435	0.21644	0.04076
0.14516	-0.12867	0.14411	-0.24818	0.29980	0.00000	0.32244	0.21966	-0.37989	-0.08419	-0.34255	-0.18674	0.03583	0.27232	0.05303	-0.09388	0.10501	-0.10040	-0.12023	-0.24084	-0.06885	-0.27572	-0.06135	0.05111	-0.04304	-0.24025	0.05067	0.55786	0.11332	-0.11462	0.17269	0.00058	-0.25378	0.30000	-0.17771	-0.01136	-0.13497	0.10977	-0.15092	0.18593	0.00181	0.21798	0.14974	0.09232	0.22281	-0.11851	0.41121	0.12991	0.11428	-0.06310	-0.00366	-0.10895	0.24143	0.25581	-0.16502	-0.05957	0.01806	-0.20184	-0.15209	-0.05242
0.27971	0.20452	-0.20172	-0.44661	-0.27516	0.15567	0.00000	-0.24960	0.38651	-0.38005	-0.39613	0.12646	0.05315	-0.31765	-0.35996	0.05506	0.34048	0.20550	0.20678	-0.25141	-0.04868	0.56447	-0.13234	0.27438	-0.57348	0.53160	0.66390	-0.35020	0.09232	0.09244	-0.38469	0.28400	-0.07225	-0.39217	0.59012	0.51726	0.39122	0.00221	0.08239	-0.32364	0.65163	-0.05006	0.18943	0.22311	-0.30226	-0.12010	-0.10915	-0.14031	-0.18404	-0.20313	-0.17770	0.45390	-0.26434	-0.12254	-0.33838	-0.17023	-0.19801	0.12416	0.16499	0.08379
0.13248	0.15477	0.14417	-0.14280	0.43598	0.20402	0.00670	0.00000	-0.06224	-0.17714	0.31912	0.06294	0.08386	0.26623	-0.01154	-0.18215	0.13454	-0.05229	-0.08843	-0.11333	-0.07559	-0.29179	0.12816	0.12248	0.22130	-0.20649	-0.25636	0.25700	-0.00940	0.12647	0.11355	-0.25049	0.04221	0.11038	-0.28972	0.16729	-0.34128	0.01918	-0.08374	0.10906	-0.12601	-0.03197	-0.09230	0.09657	-0.04466	-0.04047	0.12016	-0.03189	0.09097	-0.07592	0.09895	-0.01016	0.02552	0.14566	-0.32459	-0.11390	0.03079	-0.15179	-0.12612	0.00900
0.24372	-0.02886	0.01965	-0.36385	0.36521	-0.03437	0.05202	0.03644	0.00000	0.06266	0.20256	0.05698	-0.06939	0.03775	-0.13810	-0.14677	-0.15506	-0.27403	-0.22752	-0.05204	-0.08658	-0.17942	-0.17241	-0.10680	-0.13369	-0.03165	0.02807	0.01832	0.07764	0.16479	0.21093	0.24491	0.36008	0.03914	-0.09435	-0.08560	-0.02085	-0.07588	0.06006	-0.08808	-0.27843	0.43971	-0.07141	0.06511	-0.07089	0.18682	-0.22733	0.22130	0.16288	-0.14053	0.36082	0.08110	0.14465	-0.26888	0.32727	-0.02643	-0.04759	-0.00883	-0.10314	-0.05901
-0.13844	-0.04353	-0.04592	0.28632	-0.23702	-0.08106	-0.23706	-0.11808	0.32118	0.00000	0.48299	-0.12923	-0.03328	-0.30829	0.09897	0.27497	0.00626	-0.00319	0.03607	0.27933	-0.00515	0.11756	-0.01056	0.14639	-0.23399	0.25839	0.28114	-0.52660	-0.00585	-0.33640	-0.27429	0.06182	0.16517	-0.10538	0.26176	0.32197	-0.27470	-0.08857	0.13757	-0.21260	-0.19770	0.12851	-0.30364	0.16599	0.12317	0.06929	-0.66798	0.30522	0.33575	-0.14086	-0.07932	0.18563	0.16920	-0.32248	0.35208	-0.24503	0.09388	0.41759	0.37699	-0.10022
0.11243	-0.09053	-0.01461	-0.52865	0.04290	-0.06999	0.05569	0.13903	0.06985	-0.06578	0.00000	0.13149	0.06237	-0.01150	-0.15552	-0.06203	-0.03330	-0.00915	0.07828	0.09391	-0.00481	-0.11792	0.05089	0.01765	0.02189	0.01584	-0.03088	0.18134	-0.03172	-0.11152	0.07145	0.02359	-0.02333	0.04245	0.00696	0.20453	-0.20085	0.06622	0.02106	-0.17147	0.01527	0.03050	0.13531	0.05943	0.07839	-0.04724	0.12327	0.07348	0.01061	-0.02727	0.14665	0.00271	-0.13122	-0.03468	0.00221	-0.00970	-0.03868	0.03146	0.01178	-0.00181
0.08251	0.09116	0.13268	-0.09796	-0.31742	-0.15265	0.04597	-0.03537	0.19379	-0.02639	-0.47672	0.00000	-0.18172	0.06472	-0.00708	0.18004	0.26338	0.15386	0.16921	0.14166	-0.13574	0.38639	0.06475	0.13973	-0.08745	0.28792	0.03271	-0.05435	0.07217	0.00683	-0.21309	-0.08392	-0.21216	-0.17406	0.16463	-0.12849	0.20063	-0.00654	-0.15902	-0.10159	0.09657	-0.19963	0.06914	0.03812	0.12779	-0.17571	0.19057	-0.06146	-0.41042	-0.03407	-0.07180	-0.06347	0.01020	-0.04691	-0.60777	0.30731	0.25424	0.00199	0.17014	0.04502
-0.17119	0.01169	-0.13093	-0.19297	-0.30593	0.14269	0.05203	-0.05370	0.23842	0.07704	0.01225	0.28260	0.00000	-0.00930	-0.32618	-0.25209	0.01453	-0.27932	0.05748	0.37721	0.01227	0.27352	0.04546	0.11161	-0.38201	0.31772	0.26482	-0.71098	0.10693	0.13120	0.14524	0.28621	0.16385	-0.39350	0.50100	0.54468	0.32040	-0.41559	0.29995	-0.17598	-0.12804	0.08841	-0.06681	-0.12313	-0.09154	-0.24586	-0.24505	0.11566	0.15938	-0.20542	0.15626	0.28307	-0.05459	-0.08533	0.68982	-0.02117	0.06896	0.08201	0.33346	0.03234
0.04195	0.31597	0.13441	-0.30667	-0.18709	0.10403	0.00119	-0.37437	0.18048	-0.18071	-0.23010	0.21326	0.00822	0.00000	-0.00229	-0.02239	0.15093	-0.13458	0.02031	0.07852	-0.11199	0.36886	-0.04466	0.28247	-0.29757	0.07997	0.16764	-0.13012	0.09720	-0.05909	-0.20758	0.26436	-0.20789	-0.28045	-0.05685	0.13145	0.47656	-0.08390	0.10235	0.20343	0.04530	0.00414	0.24304	0.05901	0.01786	-0.21647	0.08379	-0.08099	-0.14024	-0.18830	-0.03341	0.22567	-0.09691	-0.16016	0.33639	-0.10101	0.21062	-0.16313	0.14691	-0.06432
0.12682	-0.13615	-0.32231	0.24729	-0.91881	0.09876	-0.64993	-0.34029	0.48013	-0.06948	-0.58331	0.21717	0.14075	-0.40310	0.00000	0.46842	0.56622	0.29182	-0.05467	0.03595	0.02957	0.72413	-0.35536	0.08764	-0.53158	0.61257	0.73504	-0.67401	-0.09800	-0.20378	-0.10906	0.36499	0.15812	-0.05260	0.69485	0.65242	0.78294	0.41931	-0.01398	-0.27736	0.16509	-0.21626	0.09746	-0.12374	-0.04341	0.10252	-0.28086	0.40225	-0.43617	-0.35078	-0.70165	0.51078	-0.20016	-0.04319	0.26608	-0.27926	-0.26699	0.38915	0.09580	0.04507
0.12603	0.11731	0.14306	-0.31266	-0.03786	0.09127	0.00221	0.29740	0.04892	-0.05967	-0.22212	0.22773	-0.10131	0.05789	-0.18625	0.00000	-0.04426	-0.01605	-0.01853	0.11808	-0.13760	-0.02502	0.43160	-0.19450	0.16435	0.37275	-0.10434	0.15337	-0.07662	0.08247	-0.19898	-0.28925	-0.10448	-0.16062	0.00144	-0.00131	-0.17782	-0.15247	-0.06496	-0.09200	0.23824	-0.17074	-0.05259	0.17385	-0.06999	0.19489	0.01979	-0.08534	-0.10425	0.23788	0.21584	0.04095	-0.12159	0.28152	-0.62253	0.42007	-0.21017	-0.26666	-0.16522	0.21788
0.26851	-0.13201	-0.02804	0.45320	0.12960	0.00905	-0.22614	0.04303	0.16905	0.00563	0.27752	0.07584	0.09896	-0.32333	-0.25235	0.10025	0.00000	-0.21476	-0.18263	0.09972	-0.08387	0.28819	-0.01260	-0.16472	-0.08177	0.06938	0.22924	-0.20507	0.23663	0.14531	0.18936	0.11408	0.48232	-0.05819	0.19983	-0.10927	-0.06593	0.06636	-0.00925	-0.06665	0.00835	0.19351	-0.23297	0.18509	-0.21196	0.31880	-0.65924	0.07121	-0.05316	0.02728	-0.04858	0.19590	-0.33774	-0.08716	0.27854	0.09884	0.27526	0.02646	-0.00636	-0.11832
-0.11602	-0.29604	0.19365	-0.09587	0.04907	0.11458	0.19564	0.11033	0.11520	-0.35419	-0.39812	-0.25758	0.45002	0.02915	0.04423	0.20855	0.33390	0.00000	0.07684	0.31139	-0.03620	-0.16592	0.15010	-0.25479	0.31797	-0.21744	-0.12457	0.66546	0.02072	-0.24530	-0.39747	-0.35798	-0.03210	0.27685	0.10302	0.07061	-0.28589	-0.15327	-0.21175	0.25714	0.20216	-0.05838	0.12686	0.12155	-0.26694	0.23700	0.20875	-0.10248	0.00632	0.27085	-0.00019	-0.11426	0.30009	-0.02948	-0.42708	0.05882	0.18935	-0.08350	0.04833	0.00042
0.03074	0.24126	0.06349	-0.20827	-0.12340	-0.00180	-0.06179	-0.20071	-0.09806	0.01275	-0.21028	-0.05602	0.03519	0.22008	-0.13396	-0.04009	0.15812	-0.03325	0.00000	-0.21670	-0.11706	0.09437	-0.06498	0.09112	-0.05575	0.26535	0.17793	-0.03558	-0.04430	-0.01437	0.07986	0.13509	-0.22431	-0.19292	0.12055	0.11240	0.44841	0.04125	-0.09657	-0.03912	0.28058	-0.23572	0.19343	-0.18944	0.15824	-0.15706	0.36790	-0.16007	-0.05632	0.12562	-0.24551	0.24437	-0.14466	0.04353	-0.15903	0.05589	-0.22578	0.05880	-0.10717	0.19148
-0.12666	-0.14066	0.09026	-0.27350	0.11999	-0.02006	-0.09842	-0.06063	0.12440	0.06994	0.33505	-0.26210	0.07733	-0.03990	-0.09899	0.30731	-0.17194	0.05214	-0.08241	0.00000	0.17497	0.13138	-0.12695	-0.21479	0.07637	-0.12382	0.15163	0.13516	-0.19375	0.14108	-0.19359	-0.21946	-0.02278	-0.03690	0.18898	0.02267	0.09299	0.04508	-0.02519	0.08420	0.10853	0.06424	0.04915	0.08102	-0.48454	0.34602	-0.06990	0.08158	-0.04576	0.16643	-0.00901	-0.04770	-0.07308	0.00221	0.27365	0.25896	-0.16953	-0.06664	-0.06518	0.35725
-0.07850	0.25305	0.09656	-0.26961	-0.38016	-0.02040	0.16493	-0.22923	-0.37133	-0.07293	-0.69657	-0.35755	-0.16407	0.32845	0.07646	0.02787	0.19689	0.64512	0.07242	0.08698	0.00000	-0.07229	0.01189	0.50148	-0.26290	0.15519	0.06532	0.11827	0.20293	-0.46320	0.05825	-0.17391	-0.51328	0.19017	-0.13369	0.22146	0.30406	0.19970	-0.21503	0.24709	0.05010	-0.27594	0.07248	-0.19148	0.47237	-0.66742	0.86264	-0.09304	-0.31842	0.10930	-0.11422	-0.12782	0.16443	0.01631	-0.76748	0.13426	-0.08077	0.04420	0.12334	0.02786
-0.06886	0.08947	0.00298	0.34692	0.08807	-0.03663	-0.08896	0.07536	0.05108	-0.00636	0.53793	0.12964	-0.06575	-0.07038	0.21326	0.06474	-0.22368	0.19471	-0.16978	-0.09232	0.13222	0.00000	0.09108	-0.03816	-0.09602	-0.11821	-0.02989	0.20171	0.03538	-0.40271	-0.08680	-0.12334	-0.04291	0.18305	0.12736	-0.03164	-0.50945	0.04577	-0.00167	-0.13185	-0.07567	0.10103	-0.23431	0.14770	0.13280	0.04748	-0.03895	-0.04578	0.23088	0.21618	-0.01267	-0.06675	-0.01477	0.06981	0.10631	-0.34706	0.08112	0.29550	0.07866	-0.06577
-0.15893	-0.10807	0.29864	0.07309	0.17777	-0.24161	0.12670	0.38838	-0.36581	0.17286	-0.13755	-0.34744	-0.03383	0.16269	0.27827	-0.23578	-0.17696	0.02053	0.44949	-0.06867	0.13885	-0.18927	0.00000	-0.51626	0.37201	-0.25533	-0.31097	0.52204	0.15626	0.11034	-0.28238	-0.34747	-0.43597	0.10998	-0.49734	-0.36964	-0.46900	-0.15396	-0.00360	0.24572	-0.03914	0.19336	-0.02157	0.27022	-0.12967	0.05821	-0.01157	-0.19475	-0.04574	0.45681	0.33656	-0.24460	0.22388	0.44686	-0.58126	0.68633	0.23512	-0.28349	-0.20098	0.20361
0.47755	-0.18054	0.06098	0.19185	-0.32299	0.19096	-0.21257	0.13887	-0.13233	0.24581	0.09351	-0.22006	-0.29567	0.14395	0.02391	-0.21905	0.16692	0.26019	-0.11519	0.06914	0.11406	0.30913	-0.08406	0.00000	-0.08240	0.15534	0.07903	0.04601	0.21037	0.08300	0.08672	-0.19879	-0.00812	0.39899	-0.13472	-0.20352	0.29880	-0.05473	-0.32321	0.01414	-0.18522	-0.11729	-0.44657	-0.14869	-0.17811	0.34495	-0.05369	-0.18132	-0.42332	0.19999	-0.02410	0.09288	-0.04927	-0.07116	-0.38426	0.39024	-0.01312	-0.18857	-0.04890	0.09516
-0.08078	-0.04084	0.00965	0.36386	0.14774	-0.12192	0.18474	0.19639	-0.41502	-0.20194	-0.20669	-0.00098	0.38071	-0.09355	0.07854	0.06434	0.37072	-0.42122	-0.18722	0.11727	-0.14213	-0.03067	-0.04958	0.22913	0.00000	0.00645	-0.04936	-0.05364	0.22436	-0.15931	0.01125	0.34009	0.00772	0.18446	-0.23528	0.05695	0.21239	0.15209	0.12498	0.01818	0.13045	0.02857	0.09793	-0.10154	0.28144	-0.00835	0.37236	0.04960	0.09390	0.13319	-0.19888	0.13981	0.25671	-0.20555	0.20041	-0.08560	-0.26507	0.16742	-0.21150	-0.13857
0.44421	-0.21529	0.14826	0.21849	0.17419	-0.05486	0.05322	0.46966	0.10283	-0.08057	-0.04305	-0.11185	-0.06881	0.43970	0.08810	-0.06644	0.25362	0.31823	0.22116	0.16144	-0.10243	-0.25268	0.11574	0.16620	0.27038	0.00000	-0.17312	0.17888	0.10985	-0.11972	0.17543	-0.43903	-0.13154	0.56552	-0.61387	-0.60157	-0.19357	0.12530	-0.40247	-0.02829	-0.17505	-0.05243	-0.24594	-0.22534	0.24360	0.04916	0.39039	-0.35913	-0.01087	0.50011	0.07472	-0.45533	0.18058	-0.08690	-0.95396	0.35810	0.10291	-0.15739	-0.09120	-0.12216
0.07379	0.21573	-0.05242	0.48311	0.02966	0.02100	-0.34770	-0.02819	0.09941	-0.12603	0.25642	0.27843	0.41483	-0.66249	-0.24710	0.22502	0.10962	-0.12523	-0.40170	-0.14726	0.05024	0.31062	-0.12749	0.27053	-0.01452	0.42120	0.00000	-0.45607	-0.11087	0.24032	0.12133	0.32936	0.08727	-0.14296	0.18007	0.54210	0.50382	0.11231	0.32042	0.01962	0.37127	0.10197	-0.33396	0.04677	-0.44724	-0.01884	-0.64036	0.38822	-0.03010	-0.11372	-0.24769	0.17934	-0.05817	-0.42742	0.50117	-0.46215	-0.24910	0.43031	-0.08945	-0.05907
0.09530	0.01011	0.13355	-0.15501	-0.04600	-0.11625	-0.06505	-0.01415	0.05662	0.11294	0.15458	-0.07200	-0.08224	-0.06708	-0.03130	0.02760	0.08772	-0.04125	-0.01596	0.05506	-0.03464	-0.04382	-0.05460	0.31849	0.12107	-0.10057	0.05000	0.00000	0.03852	-0.02085	0.14807	-0.00556	0.05586	-0.03675	-0.06610	0.04039	0.12152	-0.04274	-0.08231	0.05459	-0.15888	0.07207	0.14418	0.00561	-0.01957	-0.00682	0.02324	0.01253	-0.29557	-0.04924	0.11292	0.11802	-0.08474	-0.24903	-0.13930	0.04112	0.17348	-0.06900	0.02093	-0.06343
0.19797	0.17665	-0.05163	0.24099	0.05832	-0.13480	0.07381	0.11292	-0.21594	-0.11873	-0.17350	0.20763	-0.00793	-0.15657	-0.04431	0.02439	0.04929	-0.31386	0.01442	-0.04751	-0.03156	0.00899	-0.04903	0.12809	-0.08763	0.41976	-0.06360	-0.39071	0.00000	0.01262	0.32854	0.32913	0.05900	-0.02389	-0.00609	-0.09560	0.18621	0.13231	-0.07180	-0.15888	0.12241	-0.05693	0.06663	0.03958	0.15190	-0.03990	0.01088	0.04969	0.02174	0.01406	0.01250	0.30952	0.12710	-0.09600	0.27060	0.14788	-0.14722	0.15027	0.14261	-0.10587
-0.05643	-0.00655	0.33810	0.26691	0.32126	-0.05714	0.06109	-0.13978	0.13023	0.18931	0.35866	-0.10027	-0.08764	-0.01069	-0.31258	0.27584	-0.05555	0.10042	0.06327	0.16602	0.03791	-0.04537	-0.17157	-0.31984	-0.03474	-0.04324	-0.06565	0.13099	-0.00706	0.00000	-0.01541	-0.23383	-0.08848	0.12942	-0.00704	-0.29401	0.05170	-0.18726	-0.13335	0.26287	0.10072	0.17379	-0.09894	0.13229	-0.30779	0.12799	0.07805	0.07741	0.06574	0.30231	0.08922	-0.09118	-0.08227	-0.24475	-0.07147	0.25650	0.12060	0.07465	0.10175	-0.05744
0.05696	0.16174	0.01540	0.31393	-0.28859	-0.02474	-0.07301	-0.16281	-0.16390	-0.07789	0.02193	0.09726	-0.04338	-0.13186	-0.06640	-0.06320	0.01267	-0.03224	0.11536	-0.09261	-0.01370	0.25502	0.00747	0.01692	-0.13522	0.23357	0.10007	-0.25821	0.11918	0.18129	0.00000	0.02353	0.00779	-0.17399	0.19785	0.25567	0.11925	0.00372	0.08417	-0.07554	0.15603	-0.07145	-0.07036	-0.07069	0.02490	-0.14025	-0.16943	-0.09680	-0.12230	0.01576	-0.05930	0.15702	-0.07388	0.26036	-0.08830	0.27706	0.03074	0.00696	0.00450	0.11087
0.09144	-0.13011	-0.20492	-0.01064	0.32613	-0.03761	-0.03470	0.21039	-0.34800	0.10066	-0.14367	-0.06060	-0.07763	0.06602	0.14091	-0.12695	-0.12997	0.15963	-0.28038	-0.07288	0.11148	-0.12464	0.21929	0.14034	0.23873	0.18577	-0.12590	0.49585	0.00611	-0.03845	-0.20731	0.00000	-0.16509	0.44646	-0.17720	0.16518	-0.28823	0.00821	0.08038	-0.03069	0.20867	0.13440	-0.16188	0.00854	0.00229	-0.04568	0.12595	-0.12822	0.16575	0.18998	0.07122	-0.16350	0.12161	0.30001	-0.34096	-0.29589	-0.21695	-0.26096	-0.20302	-0.04529
-0.05471	0.14494	-0.25711	0.22120	-0.45739	-0.01309	0.04310	-0.16938	0.20465	0.15928	-0.38434	-0.04361	0.08112	0.11929	-0.01360	-0.01277	-0.04019	0.25792	0.23066	0.05830	-0.01446	0.21335	0.00287	0.27229	-0.21458	0.40607	0.15246	-0.08630	0.22677	-0.35428	-0.00540	-0.17130	0.00000	-0.20002	0.47090	0.28767	-0.02740	-0.02021	-0.13292	-0.23167	0.30151	-0.23998	-0.03146	-0.20012	0.20565	-0.15623	0.16260	-0.15304	0.11436	0.12298	-0.13853	0.02664	-0.22181	0.31311	-0.28434	-0.13319	-0.15338	0.10101	0.12178	-0.02325
-0.14109	0.05201	0.20240	-0.19013	0.14650	-0.16894	0.09867	0.24301	0.01434	0.13380	-0.04069	0.07263	-0.09886	0.04133	-0.13648	-0.11415	0.02680	-0.19932	0.11182	0.14123	0.00314	-0.11082	-0.14292	-0.27761	0.14619	-0.00502	-0.21202	-0.12973	-0.10317	0.21055	-0.14440	0.32560	-0.21004	0.00000	-0.35034	-0.07924	0.25207	-0.11318	0.28452	0.02889	0.02560	0.23059	-0.04678	-0.07298	-0.05024	0.08133	0.12198	0.11663	-0.01148	0.12417	0.08996	-0.08986	0.26178	-0.36508	0.00085	0.40972	-0.03059	0.05456	-0.10991	0.36998
-0.36272	0.25909	-0.13155	0.68112	-0.33513	-0.01254	-0.09098	-0.04024	-0.36521	0.05928	-0.25327	-0.07286	0.13822	-0.13512	-0.05739	0.07916	0.23846	-0.11949	-0.05788	-0.15079	0.08815	0.10909	-0.18778	0.30611	-0.01580	0.17292	-0.09656	-0.26685	-0.08292	-0.16792	0.17405	0.36188	-0.20460	0.06498	0.00000	0.37956	0.39711	0.14358	0.06435	0.27569	0.11361	-0.18466	-0.35518	-0.18788	0.19492	-0.05274	0.34564	-0.07846	-0.10529	-0.01397	-0.13856	0.05597	0.28463	-0.06469	-0.02465	0.09878	-0.17263	0.18557	-0.15991	0.18407
0.18422	0.15473	0.10304	-0.48633	0.00843	-0.08763	-0.11185	-0.14814	0.35695	0.01664	0.23377	0.20609	-0.15670	-0.02106	-0.16641	-0.02915	0.13555	-0.27255	0.21777	0.11537	-0.18537	0.33825	-0.11045	0.03754	-0.28166	0.30723	0.18681	-0.50104	-0.04593	0.15997	0.20207	0.19656	0.31948	-0.30725	0.16950	0.00000	0.26699	0.05457	-0.10249	-0.40159	-0.13976	0.04160	0.34576	0.04812	0.01695	0.01430	-0.07383	0.14731	0.04758	-0.14232	-0.01153	0.38805	-0.32265	-0.25878	0.17499	0.03968	0.07265	0.03807	0.21300	-0.13657
-0.09170	0.05446	0.01064	0.00569	-0.32953	0.00813	-0.10098	-0.21587	0.05624	-0.09233	-0.16719	0.06563	-0.06200	0.10430	0.20393	-0.18012	0.32883	0.29595	0.22530	0.06087	-0.06644	-0.10355	-0.07628	-0.01812	-0.06546	-0.19727	0.15160	0.06042	0.17398	0.07781	-0.19509	0.09802	-0.22987	-0.13416	0.08459	0.16714	0.00000	0.09666	0.07828	0.20969	-0.06816	0.05359	0.10921	-0.17150	-0.04466	-0.10466	0.10048	-0.12384	-0.18442	-0.12192	-0.03786	0.05302	0.30720	-0.04547	-0.30366	0.02622	-0.02270	-0.21048	0.11951	0.01126
-0.03281	-0.00554	0.01903	-0.13708	0.02613	-0.07712	0.02858	0.18265	-0.07764	0.19796	0.05254	0.02741	-0.00553	-0.18905	0.16969	-0.11330	-0.25137	0.10037	-0.14649	-0.05380	0.02377	0.11890	0.12507	-0.07496	0.18074	0.06761	-0.05807	0.22538	0.01642	-0.00945	0.03282	-0.29113	0.26261	0.20961	0.12240	0.17652	-0.31240	0.00000	-0.26390	-0.19024	0.10891	-0.05745	-0.03792	0.24300	-0.06413	0.11374	-0.37424	-0.06207	0.22878	0.07704	0.17628	-0.07229	-0.23659	0.03687	-0.26055	0.12082	0.12462	-0.00728	-0.12691	0.17769
-0.26029	0.31589	0.25021	-0.21851	-0.19830	0.03903	0.21140	-0.19218	-0.18823	-0.13720	-0.27540	0.01259	-0.03908	0.04275	-0.04773	0.02463	0.03734	-0.18882	0.23949	-0.07447	-0.18913	-0.02917	0.00534	0.22022	-0.17258	0.08814	0.00823	0.00671	0.35429	0.08072	-0.04387	0.09261	-0.09229	-0.38065	0.09383	0.31466	0.55502	-0.27252	0.00000	0.12400	0.15293	-0.30805	0.27334	-0.17895	0.33281	-0.28873	0.62530	-0.22812	0.06639	-0.00712	0.01341	0.08116	0.15865	0.32659	-0.06290	0.14958	-0.01337	-0.18605	0.12159	0.21651
-0.13707	0.16647	0.04592	0.18118	-0.12816	-0.05753	0.03986	-0.30412	0.15328	-0.04810	-0.23651	-0.04990	0.01458	-0.05909	0.04706	0.29857	-0.07016	0.16442	0.25064	-0.20907	-0.04042	0.27164	-0.00511	0.09290	-0.08792	0.18937	0.27433	0.20343	-0.00849	0.11418	-0.18784	-0.06484	-0.29739	-0.14445	0.17683	-0.04840	0.09871	-0.00195	0.06150	0.00000	0.47838	-0.25968	-0.02398	0.12787	-0.07327	-0.08934	0.17063	-0.13242	-0.19606	0.05150	-0.05517	-0.16084	-0.04128	0.34209	-0.28203	0.08836	-0.09321	0.10094	-0.00829	0.00555
0.11708	-0.05077	-0.06803	0.30967	-0.26948	-0.07945	-0.30640	-0.10388	0.11006	0.03266	0.12004	0.09843	-0.05163	-0.24262	-0.02996	0.17809	-0.10173	0.11656	-0.11600	0.05473	0.11511	0.49652	-0.03193	-0.01055	-0.02194	0.18714	0.19727	-0.32708	0.06867	-0.10477	-0.18373	-0.05699	0.17236	-0.01781	0.11173	0.09006	0.03260	0.10594	-0.15167	-0.16342	0.00000	-0.06588	0.05753	0.10210	-0.19248	0.01552	-0.36374	0.03786	-0.05433	0.05883	-0.02243	0.15337	-0.15769	-0.15209	0.10125	0.16269	0.22058	0.11206	0.00582	0.10723
0.14532	0.15783	-0.11550	-0.05850	0.19162	0.11033	0.31373	0.26404	-0.24124	-0.10785	0.31804	0.09257	0.17884	0.29689	0.16623	-0.35145	0.06616	-0.05288	-0.13582	-0.00855	0.03415	-0.09085	-0.07878	-0.03706	0.28593	-0.14174	-0.23454	-0.05474	0.12881	-0.11993	0.31722	-0.09751	0.36802	0.17845	-0.02833	0.08312	-0.07005	0.02335	-0.18343	0.00780	-0.08036	0.00000	-0.24087	-0.14269	-0.25264	-0.13898	-0.10054	-0.17645	0.23760	0.04392	0.12382	0.12987	0.19522	0.26666	-0.11201	-0.32846	-0.15165	-0.14356	-0.07350	-0.03331
0.05064	0.20034	0.17797	-0.31325	-0.01486	0.04146	0.00429	-0.04210	0.04957	-0.02677	-0.03586	-0.26203	-0.12678	0.14139	-0.10499	0.04027	-0.01227	0.00799	0.15784	-0.20582	0.03837	0.33139	-0.00605	-0.10455	-0.05097	0.14021	0.10961	0.13039	-0.01393	0.09777	-0.21991	-0.04906	-0.24928	-0.14225	-0.04645	-0.06493	0.30031	-0.11679	-0.12516	0.13234	0.22160	-0.12113	0.00000	0.02531	-0.08772	-0.04014	0.23870	-0.07899	-0.07339	0.00536	-0.15598	0.01392	-0.02685	0.04297	-0.11024	0.29039	0.02094	-0.17009	0.00583	0.18640
0.36280	-0.30089	-0.25130	-0.31898	-0.14977	0.25812	-0.08756	-0.09435	0.38719	0.14555	-0.18995	0.16488	-0.08814	-0.00443	-0.42834	-0.14292	0.22636	0.16273	-0.05575	0.30155	-0.09484	-0.13423	-0.15374	0.10552	-0.49115	0.24945	0.27176	-0.40481	-0.00603	0.07773	0.35290	0.27925	0.35610	0.09282	0.19065	-0.00669	0.28861	0.16296	0.03962	-0.14752	-0.16581	0.43330	-0.27148	0.00000	0.11259	0.20078	-0.04243	0.04753	-0.06553	-0.10473	-0.08760	-0.01004	0.12887	-0.29248	-0.02927	0.11678	-0.18516	0.17776	0.14822	0.15079
-0.23594	0.38732	0.05758	-0.71494	-0.57453	0.06707	0.14510	-0.38956	0.08827	-0.40495	-0.76524	-0.04995	0.10681	0.03035	-0.35149	-0.11019	0.18704	0.09083	0.45248	-0.17489	-0.37673	0.42182	-0.09613	-0.00517	-0.51536	0.40523	0.37124	0.19119	0.20852	-0.17380	-0.32549	-0.01070	-0.31359	-0.47136	0.79072	0.67518	0.29972	-0.03732	-0.14226	-0.09896	0.54669	-0.44350	0.59409	0.20441	0.00000	-0.33907	0.73794	-0.17714	-0.17883	-0.00444	-0.17435	0.41350	-0.33206	0.30807	-0.37005	0.16102	-0.08901	0.06187	0.35316	0.34488
0.34947	0.22465	0.14077	0.02424	-0.22691	-0.00024	-0.08254	0.00702	-0.02053	0.03690	-0.17488	-0.08891	-0.13142	0.07472	-0.24332	-0.05451	0.11092	0.25007	0.01236	-0.19862	-0.05312	0.27844	-0.06992	-0.11969	-0.26367	0.40110	0.24658	0.05490	0.01056	-0.01152	-0.05160	-0.26735	-0.43023	-0.05405	0.07370	-0.07761	0.17371	0.03100	-0.30935	-0.18945	0.14844	-0.27714	-0.14924	0.20315	0.00790	0.00000	0.31124	-0.16822	-0.33677	0.31565	-0.08865	0.02137	-0.06496	0.13083	-0.53163	0.69410	-0.01236	-0.00359	0.02376	0.16660
0.25840	0.02179	-0.23857	0.14009	-0.21127	0.10001	-0.05423	0.07875	-0.06785	-0.00119	-0.14699	-0.02354	-0.04615	0.23196	-0.05642	-0.08773	0.21570	0.22024	-0.19055	0.18385	0.03559	-0.21386	0.05496	0.51592	-0.12414	0.24105	-0.04302	-0.19026	0.20780	-0.21788	0.05493	-0.15476	0.05239	0.25330	-0.03757	0.34125	-0.00209	0.13583	-0.22723	-0.08470	-0.00417	-0.08570	-0.29026	-0.29949	0.25086	-0.26003	0.00000	-0.02009	0.02344	0.16509	0.00035	-0.16202	0.06596	0.28034	-0.63878	-0.21563	0.03331	0.06071	0.03979	-0.22092
0.32330	-0.10318	0.26406	0.01105	0.47352	0.29285	-0.08970	0.15918	-0.16081	-0.13069	0.13721	0.17663	-0.33371	0.01208	-0.06189	-0.26771	-0.36983	0.03369	-0.12529	-0.09153	0.21404	-0.06048	0.22588	-0.02652	-0.34334	-0.23303	0.22627	0.38512	0.21315	0.22815	0.10644	-0.11187	0.09641	0.33233	-0.18850	-0.28866	-0.36174	0.13974	0.27538	-0.13342	-0.09980	0.42418	-0.16875	0.10900	-0.06494	-0.05945	-0.26961	0.00000	0.34887	0.23092	0.02000	-0.28524	-0.08584	0.15664	0.28394	-0.02687	0.27800	-0.34098	-0.02533	-0.33281
0.02847	-0.02349	0.27574	0.07039	-0.25832	-0.09922	-0.14102	-0.03214	-0.09113	0.09742	-0.04341	-0.11802	-0.24995	0.13057	0.08571	0.08924	0.10324	-0.04239	0.04091	-0.08440	-0.00791	0.00448	0.10210	-0.23825	0.09846	0.17862	0.08113	0.11210	0.08593	0.01691	-0.19845	-0.09198	-0.19446	-0.20745	-0.02242	-0.35315	0.10695	-0.00390	-0.13705	0.13263	-0.05987	-0.12173	0.15571	0.13541	0.05908	0.19011	0.05288	0.00953	0.00000	0.17227	0.04437	0.03175	0.05451	0.07285	-0.29602	0.73488	0.05609	-0.18267	-0.15634	0.20592
-0.29478	0.31072	0.10606	-0.67893	-0.09128	0.20841	0.24940	-0.45934	0.06215	-0.11248	-0.30260	-0.33772	-0.07817	0.05626	-0.05625	0.07890	-0.14372	-0.07968	0.31316	-0.24776	0.03131	0.36022	0.01646	-0.12436	-0.43354	0.32382	0.38869	0.11424	0.08609	0.10203	-0.34174	0.01347	-0.31876	-0.32023	0.43579	0.15752	0.31453	-0.11767	0.13655	0.01023	0.40812	-0.09196	0.51379	0.12949	0.19717	-0.45183	0.12201	0.02367	-0.01685	0.00000	-0.02549	0.26716	-0.24279	0.34894	0.34077	-0.22748	-0.02468	-0.12976	0.18515	-0.09136
-0.41959	0.29467	0.13203	-0.29211	-0.09754	-0.16938	0.08175	-0.11179	-0.20991	0.07153	-0.47704	-0.24804	0.03250	0.19833	0.21700	0.27800	0.14156	0.08747	-0.17834	0.05543	0.10657	-0.32535	0.11453	0.28228	0.19988	-0.01796	-0.23846	0.33691	-0.11660	-0.08997	-0.32509	0.07865	-0.48074	0.10124	-0.57492	0.02412	0.42052	0.19473	-0.22767	0.49529	0.05335	0.02340	0.56825	0.00535	0.47079	-0.68182	0.53231	0.17215	-0.33871	-0.22050	0.00000	-0.10983	0.09582	-0.17488	-0.35071	-0.09639	0.33196	-0.09815	-0.03560	0.10435
0.31360	-0.12946	0.26152	-0.70037	-0.56660	0.40310	-0.10164	-0.26244	0.32386	-0.24062	-0.84782	-0.13116	-0.01350	0.13631	-0.19251	0.10547	0.51427	0.31895	0.35051	0.00066	-0.13622	0.38211	0.22017	-0.09920	-0.26306	0.21964	0.33803	0.43889	0.02876	0.12829	-0.69919	-0.30938	-0.39766	-0.14395	0.22412	0.11706	0.29492	-0.19022	-0.09758	-0.19466	0.67090	-0.35170	0.12384	0.14596	-0.20169	0.25624	0.29078	-0.06748	-0.69695	0.06280	-0.13436	0.00000	-0.08625	0.34759	-1.03370	0.46809	-0.17389	-0.41611	0.13326	0.10287
-0.02168	0.07108	0.18749	-0.28429	0.12258	0.01767	0.03341	0.03034	0.21635	0.05311	0.37759	-0.00907	0.08623	0.06836	-0.19847	0.04941	-0.11619	-0.00155	0.05070	-0.00414	-0.04686	-0.14395	-0.04525	-0.09864	-0.01189	0.01349	0.10058	-0.08125	-0.10864	-0.12363	-0.13052	-0.14615	-0.04647	-0.16436	-0.01863	0.00512	-0.08008	-0.08958	-0.04304	0.10669	0.08870	0.07080	0.09994	0.06242	0.02315	0.10050	-0.08428	0.03464	0.20446	0.14097	0.06489	-0.03938	0.00000	-0.15644	0.04349	0.01908	0.05658	0.14383	0.00612	0.03719
0.06066	-0.20268	-0.35409	-0.08609	-0.17550	0.16184	0.04813	0.00652	-0.00162	0.22572	-0.14251	0.15272	-0.09109	-0.02361	-0.08158	-0.08544	-0.36784	0.39772	0.01718	0.02232	0.08647	-0.00341	0.15436	0.07121	-0.06337	-0.23444	0.01243	0.10659	0.13887	0.23615	-0.17891	-0.02052	0.00610	0.17430	0.02878	0.10870	-0.25430	0.04161	0.18773	-0.00886	-0.00122	0.23926	0.08256	0.06160	-0.25151	-0.07211	-0.11089	0.02078	-0.12212	0.00754	0.16318	-0.25132	-0.26671	0.00000	-0.10573	-0.11205	-0.00851	-0.17594	0.10869	-0.12785
-0.05025	-0.14655	0.00682	0.19990	-0.05419	0.04915	0.09556	0.14619	-0.03027	0.14962	-0.04562	-0.05185	0.10078	0.07257	-0.06683	-0.00990	-0.01053	0.00421	0.08648	0.17567	-0.02722	-0.13723	-0.02856	-0.03451	0.14905	-0.23341	-0.16460	0.08162	0.03708	-0.02812	0.01803	-0.10203	0.06623	0.13809	-0.11110	-0.06909	0.00105	-0.04482	-0.23291	0.18095	-0.05966	0.01574	0.13269	0.00877	-0.03582	-0.03867	0.06408	-0.02066	-0.11355	0.19124	0.07301	-0.11454	-0.01802	0.06241	0.00000	0.06984	0.26304	-0.00543	-0.02153	-0.04988
-0.01480	-0.23096	-0.04335	0.40701	-0.42711	-0.08127	-0.06048	0.08176	-0.12408	0.27107	-0.16366	0.12280	-0.08932	-0.11233	0.01205	0.01365	0.03032	-0.07280	0.01215	0.16421	0.00973	0.19033	0.03982	0.33839	-0.02257	0.15851	-0.04286	-0.37428	0.15159	-0.09681	0.24279	0.13321	0.17547	-0.08427	0.23634	0.35877	0.23762	0.11007	0.09006	-0.09275	-0.26785	-0.10017	-0.01820	-0.10450	0.10870	-0.06792	-0.09464	0.02648	-0.24980	-0.07953	0.02544	-0.03445	0.09051	0.01001	-0.06861	0.00000	0.03341	0.00758	0.02033	0.03558
0.20119	0.00760	-0.06347	0.34663	-0.24060	0.23642	-0.23569	-0.23716	0.12166	0.11441	0.07917	0.37478	-0.08771	0.02592	-0.13104	-0.12372	0.19392	0.16840	0.03155	-0.05326	-0.08552	-0.12140	-0.10787	0.01811	-0.19837	-0.04700	-0.08662	-0.05271	0.06684	-0.10997	0.36940	-0.03675	0.11904	0.27079	0.13342	0.12456	0.04843	0.03765	-0.08769	-0.11235	-0.04430	-0.10649	-0.24267	-0.22072	0.09227	0.06050	0.24077	0.04761	0.04160	0.14520	-0.10298	0.23390	-0.13116	-0.01586	0.06998	-0.14392	0.00000	0.22574	0.21725	-0.13906
-0.16372	-0.07637	-0.04623	-0.30431	0.14393	-0.19566	0.08347	-0.06331	-0.09899	-0.10724	0.01927	-0.07828	0.06680	-0.02519	0.24290	0.29809	-0.03794	0.04682	-0.20034	0.01645	0.22118	-0.01862	-0.10693	0.13160	0.24870	-0.24322	-0.09493	0.16568	0.13369	0.14799	-0.12081	0.12471	-0.17912	0.16596	-0.41404	-0.18146	0.17235	0.18168	-0.08804	0.53318	-0.15341	0.15940	0.37429	0.02179	-0.38492	-0.13779	0.00111	0.09842	-0.04125	-0.05944	0.01223	-0.04277	0.19582	-0.13430	0.09733	-0.20313	0.19273	0.00000	-0.06537	-0.17179
0.05548	-0.09985	-0.21599	0.12106	-0.19767	-0.11608	-0.25081	0.07872	0.12916	0.01468	-0.15650	0.22014	0.26181	-0.24172	0.22589	0.23176	0.30394	0.02585	-0.30453	0.40985	0.12822	0.20183	0.05761	0.21832	-0.00718	0.31937	0.18645	-0.40711	-0.08042	0.00642	-0.12193	-0.00861	0.03034	0.03046	-0.12851	0.20125	0.12428	0.25573	0.09221	0.00791	-0.00049	-0.10837	0.07932	-0.13879	0.11580	0.01281	-0.45362	0.25879	-0.26202	-0.30028	-0.16709	0.03230	-0.09734	-0.22719	0.18754	-0.25324	-0.13428	0.13496	0.00000	-0.17587
-0.69805	0.13790	0.34461	-0.12656	-0.14297	-0.29675	0.53445	-0.11680	-0.42059	0.27174	-0.43960	-0.25940	0.18831	0.04875	0.24369	0.23802	0.03374	-0.42799	0.00384	0.10038	0.08845	-0.41813	-0.23229	-0.41386	0.44276	-0.39420	-0.41248	0.45559	-0.17999	-0.17329	0.04325	0.13077	-0.16601	-0.10906	-0.00086	0.09232	-0.04567	-0.07701	0.01056	0.60866	-0.14017	0.09640	0.43273	0.17020	0.23614	-0.26098	0.14200	0.44078	0.05498	-0.29383	0.10687	0.12477	0.29470	-0.07559	0.58581	-0.08682	0.10664	0.16459	0.11780	0.00000
