0.09423	1.57198	1.72597	0.42869	11.20383	2.24977	1.48856	1.40583	0.37339	1.39213	1.62878	0.63749	0.32215	0.54811	8.84338	1.67167	1.67469	2.55752	2.20534	4.39301	4.14985	3.98438	3.32144	0.94267	7.34870	4.56996	8.07177	1.41137	2.03028	2.94629	24.33320	0.56184	2.60877	8.07908	2.71924	21.78739	2.90229	1.16814	1.61928	0.63923	0.95574	3.30306	4.28632	2.18975	3.90092	0.61502	1.44983	0.81619	0.46439	2.59749	6.40397	1.62317	0.84801	-11.25593	1.35840	1.09542	1.30074	3.25421	0.60007	0.49742
2.48585	0.19020	6.66205	38.26450	2.57523	4.04245	80.86431	3.43562	1.34646	13.76925	1.43265	1.05843	2.61475	0.80723	2.63303	0.62936	0.75446	1.46681	2.61836	6.52187	19.58803	0.88629	1.29996	-2.25106	1.04056	3.08195	10.77428	0.48864	0.79942	0.50331	0.73937	7.11173	0.37621	1.01612	1.91593	2.01050	0.35448	4.76031	157.27931	1.95304	10.63065	4.25894	2.11640	0.58662	5.83923	0.55459	3.02099	2.08504	1.12638	4.19681	1.55003	0.50928	0.30162	1.00643	2.65288	0.97091	1.30198	2.47494	5.24606	4.59814
-0.42598	7.84557	0.04844	8.99125	4.23480	3.23654	1.24789	7.22887	3.54788	3.56273	1.60503	2.89844	1.78562	9.22537	1.40097	3.37873	3.15572	64.29359	1.54861	0.69480	2.16390	1.03882	3.48746	1.62545	1.42869	2.18242	1.68963	1.24404	12.39738	0.69748	1.97724	0.41845	2.62675	1.23404	2.34128	6.79919	0.42503	1.20893	20.62176	3.46819	-0.47008	2.23815	5.43154	1.27647	4.24017	165.64137	2.63796	4.79848	1.77020	4.35729	1.70658	7.62002	21.45002	1.14272	1.11180	5.41295	0.80078	1.92824	2.29783	7.95121
0.59937	49.22798	6.89857	0.06984	4.20129	3.32513	1.41293	2.01957	1.43509	0.59290	0.81671	0.25595	-0.45040	15.17212	1.84386	4.12233	3.66658	9.67472	1.67363	1.89593	0.36258	0.29339	2.00750	0.64081	0.78165	1.69228	-1.05880	1.64815	3.40248	1.09045	0.91986	-14.34259	1.31939	1.62555	2.63721	5.54831	2.64292	2.41474	19.85801	0.46005	-2.24031	1.58358	34.40391	1.87372	-0.57596	1.39932	24.66252	4.68728	1.36218	4.99222	0.76594	7.66847	0.57639	14.91925	4.02560	0.23170	2.99190	0.11463	2.05989	1.53810
3.90269	2.28696	0.58519	1.36953	0.12467	22.57787	0.33405	9.67228	2.34579	1.31404	0.60431	1.27108	0.58857	8.35799	2.54189	0.80551	0.82975	5.96626	1.50271	1.04918	0.69198	1.76463	11.12957	0.52420	1.86516	1.64424	1.53831	4.69928	-0.54973	0.61392	1.59785	-0.30066	1.33365	3.33332	0.65542	2.80452	17.59823	0.80877	0.71101	2.04016	0.37951	0.96058	1.13902	1.91395	7.61733	1.97809	1.46157	-0.55942	2.29005	4.28954	1.16510	-0.41394	2.14606	-0.41778	0.76087	-0.60606	3.77643	2.68926	1.66015	0.32354
3.57403	10.21861	2.31031	1.23945	-4.71586	0.27013	2.17542	3.70186	2.50789	2.63204	1.18897	2.18202	0.46718	0.68927	1.06417	93.60416	1.36824	19.49446	0.76939	3.85721	35.22026	2.47838	12.62634	0.96525	0.44978	0.90909	0.94961	0.63327	6.42500	3.77118	1.08137	2.46386	1.51452	1.16719	2.47215	31.30691	0.81482	0.70340	0.47753	4.60545	1.04314	2.52388	1.63891	2.17540	35.38403	1.88950	2.99097	0.79448	0.70566	0.90707	-1.43122	2.36244	-1.28032	2.49580	3.62928	0.87915	3.69276	0.97934	4.00431	1.71396
3.97206	52.65934	0.86477	2.31597	0.29038	2.73762	0.11762	-1.95168	1.21369	3.24085	2.07222	8.73864	2.58529	6.40569	34.07832	1.44606	1.12832	6.23768	1.09229	8.81882	2.84984	3.51804	1.52127	3.45072	1.61042	2.87297	0.13801	1.74456	2.27875	2.32913	3.20008	0.82909	5.28205	1.60921	3.98714	0.27111	18.58538	1.55083	20.43072	107.02138	-1.31422	6.81839	1.84401	15.60574	15.95246	0.85622	1.49207	1.47157	4.17868	3.57496	0.70216	-0.02413	0.87708	1.16976	1.22018	1.78295	2.04509	1.84115	1.12648	15.53454
3.57920	-0.53417	7.06467	1.33866	11.69062	3.71158	3.24034	0.01402	1.42933	1.35030	0.51982	5.76155	0.80480	1.38788	4.38665	7.88368	0.68783	-0.18405	0.43664	10.95009	1.22040	-3.18809	2.77673	31.30137	2.53222	2.16621	1.89076	1.84447	30.58779	21.76085	3.10886	2.19946	17.58873	54.45595	2.19279	0.54545	1.33815	2.65212	0.26616	1.65715	2.65772	-0.72146	0.35585	21.55048	2.35693	0.49345	2.47919	2.15132	1.44290	11.69652	-3.73444	0.62005	2.43819	0.86631	5.29368	4.24391	7.20469	0.15543	1.61997	0.77976
1.26340	1.54766	5.49637	0.47770	5.03781	5.45481	0.54387	1.16986	0.12867	0.66781	0.93981	2.18566	0.26754	2.08745	3.64284	0.95563	7.28384	7.61834	1.07862	2.08184	1.56233	1.15710	1.14775	7.50203	2.49234	1.06026	5.16541	0.86882	2.04906	1.72515	15.32595	-0.17376	5.29004	0.78508	1.85330	1.76481	-84.78310	3.27886	1.75689	40.69466	0.32522	2.98165	2.95477	1.25214	4.44488	0.87716	1.43265	1.21650	2.92077	2.05527	0.85783	2.61996	0.76808	1.73231	29.40256	0.77787	0.35114	1.87921	1.43890	1.05484
0.62361	6.26164	1.78850	0.42701	1.47108	3.42776	1.09692	1.69557	-0.40802	0.05680	1.89023	5.46752	1.91246	1.02058	442.88867	1.40302	0.74210	1.67442	0.64339	-0.67202	2.00761	1.70889	2.52165	4.37597	81.93227	1.19005	3.72007	4.35925	1.78259	0.70446	1.02739	1.50023	4.59368	0.81879	0.52975	-4.70327	1.08764	0.97799	1.70607	0.52874	0.41954	108.13801	2.24239	0.59223	6.99050	2.45989	0.49898	3.18217	0.81572	1.33351	2.18419	2.45071	-0.56383	1.30236	1.98132	1.33033	1.46028	1.78205	-0.35976	0.69872
5.01707	1.34154	1.99008	1.04382	2.13032	1.72679	1.71231	1.18116	1.30059	0.37404	0.12367	0.00986	1.42175	2.30651	1.36657	1.04091	0.96170	0.95968	0.04064	2.09433	21.74591	0.57715	1.20460	0.93642	0.62815	5.55625	1.70089	0.87716	3.63696	-0.74199	1.44550	1.12095	9.60701	0.55933	-0.00746	2.38601	2.34402	1.20168	2.25823	-3.33317	0.55333	1.17444	0.47883	44.87995	0.76242	1.13658	1.68484	1.00897	-0.01901	2.16520	1.76701	-0.59792	1.75639	2.06523	1.45062	0.59549	2.09394	2.50016	1.01248	2.15706
0.82311	1.08944	1.83527	0.99994	3.98324	3.21173	6.36029	13.25503	0.76273	6.69949	0.59324	0.12835	-0.22847	2.01642	3.25797	1.86152	0.76211	24.39840	0.99995	88.56138	0.95691	0.94860	1.33549	0.91977	-0.35660	0.99996	2.37237	0.92373	0.87721	2.62402	4.20467	2.69547	0.45336	2.13616	3.14777	3.70268	1.06189	0.14128	0.75599	1.67570	1.26764	1.14982	2.55314	3.83074	0.99994	1.43092	3.09489	2.25435	0.30143	0.37143	1.21750	7.06232	0.28650	1.13634	1.67947	3.22436	0.99993	1.10851	2.06551	1.98006
0.46914	10.85230	1.32330	0.54484	1.55664	0.85033	1.78705	1.58826	0.35580	4.37364	1.75335	2.25042	0.13025	1.62491	1.71918	0.67339	-1.74044	0.91871	0.86836	1.03496	7.15779	2.70837	1.20811	2.46644	4.76221	1.23976	1.86636	0.54529	12.02155	2.00788	0.17834	1.94967	3.37637	1.62151	1.37034	1.22065	-0.36158	1.35110	2.04990	4.31520	0.19376	0.91356	0.85267	1.05072	0.50920	1.13782	2.00485	1.55695	2.45544	2.88237	2.81526	9.34958	0.80057	1.44124	0.48848	1.28328	1.30649	3.61457	0.65421	1.26881
1.53370	1.43906	5.02634	7.50254	16.58157	0.62611	5.37726	0.52511	1.15282	2.12022	1.90702	1.23570	1.14529	0.10980	4.75012	3.06453	1.09032	0.94924	6.61837	2.31713	2.04403	2.03259	2.21963	0.55146	149.21047	1.00650	1.19800	135.91413	2.52183	3.14853	0.49232	3.35615	0.42297	3.01677	17.67305	191.85833	-0.44396	1.39888	0.57760	0.76365	-0.30392	5.17641	0.55148	1.88239	1.60323	1.40523	1.66655	3.57687	0.78620	1.03854	1.82532	1.53269	1.40133	-1.03335	2.00603	1.92649	3.32297	1.35370	1.16486	3.14108
2.89164	0.83808	1.32806	1.27418	2.48288	1.34448	18.89494	2.31994	4.68665	320.80284	0.93519	3.26744	2.07265	-1.28564	0.21876	2.01587	8.89332	7.63212	1.28850	1.27877	1.56319	6.15198	0.73991	-6.01827	0.49515	7.14800	0.52206	2.35900	1.59156	6.26064	1.32822	40.19347	1.19264	4.02849	-0.70501	-0.94426	1.14256	1.07487	3.85775	1.72175	0.98241	2.78698	1.97235	4.66170	7.85933	3.63260	1.37305	9.26790	0.32666	4.54872	2.46713	4.52434	1.38012	0.57877	5.81286	2.75955	0.95352	2.39764	0.99999	5.72073
2.95280	0.31043	0.90083	3.41021	0.22729	50.63879	0.73048	17.71396	0.49482	0.85190	0.54033	-0.80914	-0.21325	5.40810	1.32826	0.15103	1.76361	2.11561	0.05056	34.68729	1.49801	0.62181	2.47701	1.00926	1.66567	1.60649	2.46579	190.08878	0.88326	0.81005	0.77849	0.98857	0.52933	0.73131	0.46793	0.87635	0.51098	5.81387	1.26927	1.06386	0.93090	1.70685	1.13678	5.94134	-3.20083	10.24986	0.74719	0.26000	1.24079	7.12396	2.06198	1.02232	0.45317	1.23917	8.62731	1.64686	1.75471	5.05516	1.89646	1.75156
3.71738	0.34645	2.47575	3.44528	1.15357	1.72788	1.17312	0.84628	6.97456	0.36706	0.62507	0.53401	16.23111	1.58432	5.97873	1.68275	0.15084	30.98637	13.50242	55.83205	1.34645	1.01768	0.42412	0.27196	-0.02110	2.86734	2.31213	1.01772	6.97941	1.58126	2.04032	0.83351	1.28826	1.41810	2.79856	0.69697	2.56282	1.86238	1.20293	0.52435	1.23277	1.23486	2.46796	0.52578	5.95021	0.59971	2.85624	-0.71677	0.57193	1.44104	0.88015	1.88504	1.07469	2.58044	4.12478	6.81299	2.84334	4.16994	-0.26373	1.31298
0.78139	1.84354	50.18791	14.79214	4.38057	17.12448	7.49582	0.81823	7.25021	1.37148	0.25847	13.77243	1.54610	0.64386	-2.84268	2.17435	15.93184	0.18693	3.89133	0.46618	2.57623	2.07395	1.40674	1.34621	1.00062	2.75101	12.87750	0.83767	8.16650	-1.00943	2.82436	1.71690	1.45010	1.50172	2.81065	30.03729	0.70701	7.87694	1.65883	9.88069	0.48669	1.49971	4.06650	1.30732	-0.89803	0.58932	0.39787	19.61966	0.86964	0.53429	1.75001	6.59721	1.29492	1.64867	1.64463	1.48065	4.13441	0.88265	2.25989	0.96362
2.56306	1.20956	2.33246	0.91684	0.69058	1.24393	2.59060	1.19052	1.23595	-0.47242	0.42644	0.05704	0.70386	6.58371	1.45587	0.76717	7.67872	4.51248	0.10638	1.56986	6.26358	4.53305	7.03243	1.08258	2.73445	15.96232	-1.28100	0.91879	2.72476	4.32379	0.63272	4.17622	9.17484	3.74305	1.23371	-0.22297	1.45061	2.61112	1.24192	-0.24477	2.93168	4.41666	7.55022	5.92267	1.81207	0.50584	0.80247	0.99995	1.93366	1.68487	2.36844	48.97886	0.32598	0.89476	23.61821	1.36442	16.48784	1.56563	2.69655	2.63886
3.38079	6.44541	0.48499	2.28155	1.59656	9.86537	5.03779	13.99699	2.63755	1.33833	2.17851	38.00663	0.48504	3.50693	1.72601	46.84817	111.41026	0.38944	1.10925	0.11783	2.59797	15.94558	2.65423	0.50366	1.72273	1.99270	1.08655	-1.54470	1.21464	3.17905	0.89472	2.78515	2.07270	4.43176	2.39949	1.16782	1.00698	2.48074	2.47176	1.69276	1.16502	2.12263	2.64969	1.28906	2.39089	-0.17573	2.76028	9.35500	6.28308	3.20767	53.47816	3.05661	2.00404	1.52452	0.42445	0.91190	17.70634	2.54418	1.49486	4.79697
1.59115	37.43109	1.58819	0.86337	0.70122	20.55639	4.59216	2.07426	0.59858	2.62254	26.31482	0.63863	9.07649	0.99998	2.31148	2.79800	1.35438	4.02583	0.79942	2.34980	0.14641	2.51254	2.56448	2.58695	0.89839	1.96073	0.82602	-0.21679	83.44659	3.93831	5.90382	1.18773	0.82919	3.90402	0.69367	-0.60306	0.66337	0.92558	0.69185	4.95514	2.76019	0.80643	1.93295	5.41007	2.19720	6.14963	4.53315	0.29027	0.80363	0.41038	0.64349	7.18832	1.24593	1.63684	2.41981	2.61525	2.00912	1.09901	2.05983	2.90235
2.31186	0.57424	0.92585	0.78875	-1.19022	3.81427	2.70643	12.07872	0.45851	1.95317	1.21643	0.51444	2.56573	0.83760	3.70941	1.15410	0.96951	0.90175	3.36707	38.96505	2.59999	0.13219	1.56215	0.54712	7.14794	0.20912	1.33169	1.66961	1.35426	1.70693	1.40176	1.46464	1.49734	1.49905	120.47740	1.77709	0.55675	6.75348	3.47272	-0.25845	0.10196	4.14035	0.57158	0.80016	1.18040	-0.08902	1.03717	6.02382	1.74032	0.53272	3.08825	0.67333	0.56960	1.62232	2.71287	1.24904	1.15662	7.07682	0.92168	3.31477
2.56934	0.87156	1.84696	1.29512	5.96010	7.71714	1.27982	8.24902	0.32095	1.53598	1.19905	1.01139	1.58927	1.86259	1.72112	2.71760	1.35568	1.38584	4.66247	1.22763	2.10426	2.35625	0.14725	1.06364	1.73304	1.88670	1.17087	2.11411	0.89574	5.03288	0.32021	6.16404	0.52485	5.33654	2.42961	13.81235	1.19428	1.04282	1.39597	1.06505	6.83200	0.57518	3.48854	2.76565	1.08976	113.71224	2.16682	0.88680	1.06389	1.59743	1.13367	5.68766	1.72205	14.45140	8.97134	0.96043	1.80311	1.99555	0.96047	8.52562
1.08066	5.81822	1.04807	1.22703	0.33392	0.58696	3.69048	14.26185	3.88959	17.51171	0.68876	0.44127	1.94054	2.93852	8.96443	0.90401	-0.68000	2.88032	0.94445	1.16787	7.45974	6.72934	1.84240	0.13999	1.74841	2.75099	5.91664	0.66708	1.27144	4.73205	2.75412	3.53519	0.62264	1.98268	1.78097	2.83744	1.06368	2.19594	1.62159	3.74084	20.72528	1.09026	1.33800	32.17995	2.11493	2.52374	0.44905	1.89725	1.85504	1.08652	1.13434	16.29218	26.51726	1.88273	1.93764	1.98443	39.65621	1.43312	1.05419	0.68064
12.80964	1.82789	0.69934	0.51779	0.79945	1.01873	1.02021	3.75638	1.33715	202.03754	0.88179	1.19179	7.26132	65.92995	0.74646	1.74437	6.56014	2.05893	1.78999	2.42781	2.80567	8.83969	1.63939	1.63203	0.11918	1.65588	9.94325	1.00215	1.59325	1.60893	0.33045	2.04001	2.22723	1.06594	0.58079	6.23793	8.98223	0.92291	3.30112	-0.94773	2.55267	-0.29358	2.48959	3.13026	4.16945	1.95045	0.94738	7.84179	0.51945	4.29955	117.98751	3.64816	0.32102	5.03607	0.83156	2.50142	2.17078	3.66162	0.61603	1.80777
9.38191	3.06930	2.85813	1.06691	0.37279	1.21720	5.40361	2.33484	1.42873	1.13801	6.13671	0.69399	1.01286	1.62125	8.28452	2.59775	4.18320	2.30539	-1.75183	3.02886	2.36286	0.43831	0.98988	2.00053	2.03420	0.11571	3.20197	1.13595	-2.28320	0.41744	2.05591	8.12323	0.75248	4.54605	7.13054	2.72809	0.62822	5.05048	1.46618	0.43513	0.94683	2.89393	26.20885	1.33213	6.41470	-1.67964	1.15990	1.92852	0.71625	18.42461	1.21363	1.34150	-4.25142	3.12132	0.63283	2.29959	0.48104	3.32003	0.56152	1.50209
-1.50286	8.95998	1.93078	1.76282	1.97857	1.04348	0.33083	2.30299	5.04904	7.75127	2.86307	1.06479	2.18561	0.85432	0.59176	1.12390	4.34049	12.24198	1.13998	1.56244	1.27657	0.82297	1.60526	-4.56361	14.04713	2.14726	0.23397	3.08426	0.96499	1.08082	1.87336	1.04507	6.36819	12.88972	2.84788	6.56549	1.44425	1.48138	3.17507	2.69696	9.19525	2.10729	4.18433	2.70743	4.85004	1.68858	1.32119	3.99606	3.42703	0.87284	12.04555	2.84057	38.45537	40.51414	9.18818	7.01471	2.96632	0.71207	2.88198	15.99808
2.27881	0.59821	1.48448	1.64815	4.28820	0.42818	2.42429	1.28031	0.47566	4.35925	1.06325	1.07611	1.45856	17.82858	1.60170	123.62023	2.18421	2.46834	0.35090	0.99991	1.03952	2.34089	-8.99355	0.25104	0.89197	0.59196	2.55527	0.12296	9.65668	1.36055	1.16431	4.31076	0.17164	20.13511	0.35970	1.53943	0.78218	0.78523	4.78247	2.16386	1.82148	33.87026	2.11680	0.16991	-2.28127	0.78573	1.51870	1.25974	2.65835	1.12994	0.70894	10.88848	1.33128	6.07450	2.23052	7.44753	46.74363	3.66787	2.22612	17.38691
1.52005	0.70007	11.00736	1.46995	2.38895	7.36206	2.16226	36.64963	2.52803	0.96551	4.25635	0.72689	11.08115	2.24595	0.83593	0.50667	6.40056	6.55626	2.96402	1.61832	27.45452	0.64052	1.86451	1.68921	1.99331	3.56366	1.62057	7.21188	0.19048	2.62707	-12.58768	1.16096	-1.59230	2.51949	12.23991	0.73318	7.25117	3.60500	9.59911	3.20701	1.24682	14.98631	1.02392	10.24174	1.45025	1.48222	1.23304	0.60944	2.31121	11.74723	2.02619	1.38624	1.25537	4.11458	8.24530	25.33620	15.66700	3.69263	4.31473	9.99758
5.38805	0.54470	0.46615	0.34485	1.27482	13.36928	3.42246	18.18615	1.18782	1.39400	1.85381	0.74927	7.91277	3.27265	2.36508	1.06046	2.27765	2.18984	10.92156	2.44080	6.47118	5.90540	3.55353	1.36106	1.69891	0.21755	2.61807	0.42293	-1.15671	0.06743	2.33840	6.76042	1.40053	2.67495	4.30360	-1.46230	6.27731	2.69679	2.18220	0.81499	0.22571	14.79820	2.45809	0.53327	1.00926	1.91809	1.07126	2.75516	-0.37767	4.97980	4.95008	1.13875	5.96391	50.57637	1.54138	70.08184	0.01848	0.75757	5.02769	11.26894
26.78341	0.99996	-1.76948	0.41012	1.76869	1.29621	2.41938	8.81172	8.32861	0.55952	0.85130	0.08379	0.49143	0.52458	2.39942	1.38909	5.48015	27.48013	-0.35733	1.11057	4.54030	1.55151	2.12546	1.33009	0.68304	1.52140	1.33916	1.49325	-11.89330	2.33177	0.06265	3.70065	0.36953	3.51761	5.00485	58.35124	2.84775	0.31865	3.03997	3.86390	3.43960	9.30213	1.85353	45.65496	4.63087	5.61245	16.21316	2.38225	1.62476	6.72103	0.81100	1.11833	3.60817	10.04565	0.51024	5.51675	0.39798	10.90164	3.23939	8.04916
0.54799	4.04694	0.30557	1.28157	1.26601	2.32606	1.96091	2.19832	1.31721	1.14749	1.25400	0.72647	1.69844	2.60310	30.16181	1.13099	3.93506	2.32326	3.85964	2.35464	1.19114	1.00555	9.05278	6.02815	1.40187	10.49770	0.67073	2.10348	1.14354	10.28576	3.25848	0.12256	5.91683	2.01598	1.08611	1.23796	1.94493	0.41181	2.35470	-0.46439	1.02290	3.39897	1.53927	2.05899	20.06439	0.76621	0.65041	2.37516	5.24494	0.29913	0.82594	1.67752	3.51619	5.79010	45.00943	1.62446	0.59345	0.96352	-0.08698	-0.90173
4.39640	0.89906	2.35809	0.18451	1.28598	2.25641	7.02087	5.68555	3.72998	5.50078	5.88600	0.22974	-2.55274	0.40276	2.02860	0.91441	1.59555	1.68568	4.56327	3.08633	1.17073	1.75598	0.43546	0.65857	1.89446	0.78342	14.41588	-1.67782	1.91121	2.54512	1.07872	2.18473	0.10533	3.64786	17.27305	0.23314	0.21309	0.89190	2.06051	0.66746	0.82179	3.45728	1.63755	1.50415	1.65993	2.09739	1.03183	3.43406	1.18307	1.38828	-0.65241	34.78882	0.12041	3.77235	4.19524	4.02829	3.53586	-0.66273	0.54489	8.62886
1.14318	1.00887	1.59049	2.59607	2.56400	1.47101	2.19065	32.14064	0.36312	1.57484	0.71774	-0.82464	4.45250	0.80423	2.82036	0.59929	0.68694	1.23127	3.16688	3.15075	3.05074	2.03439	8.47162	2.20526	1.15963	0.55409	21.58733	9.80267	2.49622	0.86579	2.57345	1.17831	-0.32044	0.07460	0.29334	5.95219	0.71004	12.27587	2.61911	1.04688	3.24344	2.34521	12.27840	0.77318	13.39155	3.88527	16.79044	1.28122	3.43039	0.47757	2.44633	2.66714	1.31830	1.25583	14.94359	0.30758	1.02907	1.52620	-1.08514	35.18778
-0.79171	-0.11265	0.60043	0.61932	0.63389	3.48788	7.83500	3.74187	1.07754	0.46582	1.63500	1.20129	1.64194	11.41709	1.44110	2.09810	2.21997	2.41370	0.84413	2.86856	0.59626	81.85183	2.85066	1.54066	0.78109	3.80536	2.99826	0.19965	9.21169	2.93062	2.30874	1.74654	8.34261	0.74172	0.11491	9.57473	9.70786	186.41321	1.12550	2.52465	0.96175	0.85869	0.72743	1.13694	12.99889	3.08435	2.01675	0.48928	2.47972	5.42473	-0.14345	11.23641	3.80520	2.49361	-0.29770	2.59750	2.15198	1.84830	-0.34598	-2.62217
6.03900	4.73967	-3.51901	3.36095	2.82255	29.31673	0.33500	1.97867	0.79890	3.92639	2.47703	1.64561	1.53176	129.67840	2.38381	1.66117	0.95833	79.44062	0.59679	2.52939	1.95984	1.67756	21.57926	1.25032	3.71497	2.66663	5.58459	-0.37028	0.48827	1.51887	132.50709	1.27047	1.10171	5.13950	8.06939	0.05968	-4.77672	2.71404	9.08656	0.90245	3.55505	0.86713	9.90566	1.20240	1.51176	0.36721	2.45890	3.91363	2.33474	2.67527	1.29313	1.13071	0.66088	2.95419	116.41493	-0.24238	2.89230	27.88260	1.44159	2.64354
1.52005	0.70632	2.64622	3.30230	2.22275	-0.91946	35.25315	1.61169	13.05384	0.54565	2.90670	1.06977	0.45443	0.74929	1.04525	1.10213	4.11589	-0.13567	0.78688	1.07142	0.84903	0.43025	1.66982	0.81727	-0.53823	0.11405	2.28664	0.78880	10.18808	4.22291	2.85925	3.99701	2.93141	1.93312	17.31060	10.89603	0.03559	66.90672	0.79883	1.56760	0.90883	1.20307	0.31269	1.68092	2.06536	0.74051	13.08158	0.45946	2.68579	1.66154	1.78669	1.54925	2.13043	1.72838	1.00881	0.17838	20.34453	0.88556	-2.59146	5.33410
-1.25973	3.18152	0.79647	2.16024	-0.10388	1.18796	1.48893	3.03887	5.40167	0.57528	-0.57002	0.49655	1.25425	0.97552	0.68171	1.80209	-0.53387	22.05332	4.93364	1.70443	0.83863	2.44458	1.90358	3.62404	1.31987	6.07390	1.35194	0.41274	2.90823	7.09850	0.52502	0.47296	1.22936	20.42018	153.44396	2.20564	19.59725	0.05975	2.25822	0.38814	1.48778	4.61137	0.69689	2.00942	3.80319	1.66772	8.96845	2.87327	0.65705	0.31635	1.71878	5.40151	0.10727	3.62891	5.60042	1.06727	1.09643	1.00926	0.66020	7.05574
1.48174	130.77646	17.75739	9.27483	2.32581	1.00249	6.55354	1.06687	-0.53906	1.36754	1.10042	0.46333	1.23955	0.62198	1.17952	-0.42197	0.96175	2.37703	0.82846	1.08028	0.87016	2.72953	5.59922	0.46202	3.37554	0.65999	3.47255	1.17430	12.13226	2.71065	2.73389	5.82957	-0.56642	4.14802	1.26777	10.47012	0.62423	3.60845	0.10750	2.34223	1.76351	1.84956	1.75425	1.26969	0.40236	1.16501	3.40300	0.64380	0.24749	2.19907	0.68146	11.14736	1.32655	5.57157	12.30788	0.50965	4.99488	1.10095	0.40023	0.80765
1.84019	3.00214	-0.21863	1.21590	1.96014	4.41578	147.70455	1.23161	38.00460	0.83749	27.37489	0.01375	5.61692	0.93061	1.89159	0.61983	2.36293	8.86515	0.93614	0.99994	8.69783	0.55218	8.16579	1.29852	1.44985	0.38217	2.65742	1.12920	2.19435	1.48476	1.57255	0.94697	0.13844	1.14069	7.18858	3.57814	0.84190	2.22568	3.73998	0.15234	-1.98039	2.32327	0.88723	24.40977	2.03043	-0.50914	0.70726	33.25853	1.49244	2.32404	1.55995	2.62975	0.10190	2.13438	0.60644	243.93368	3.07975	2.51463	1.37374	1.28951
0.81252	8.11873	1.28637	1.60731	4.91411	1.73350	2.74452	3.07705	0.25297	0.74152	0.69021	0.26729	2.08754	0.72850	3.75749	1.43018	4.83656	0.79224	1.02099	1.79300	3.87318	0.60522	4.62327	5.01034	2.67087	1.64634	4.90220	1.41067	0.76540	2.36508	2.41126	0.93775	0.79272	2.37465	1.50527	1.16709	1.88166	2.68848	2.88194	2.20743	0.15088	1.90504	1.07536	6.61881	0.42555	4.72144	3.70634	0.77335	1.21036	-0.70047	0.51687	3.79428	0.29029	2.82506	4.95611	0.40814	0.45982	1.24021	1.00708	2.07161
2.59351	1.50022	0.57336	1.56360	0.72655	4.62230	4.59247	2.75776	0.32268	42.67173	0.84233	1.49953	1.03086	1.53516	-0.50017	1.21056	1.90148	3.35709	3.46688	0.61671	0.87411	1.43861	0.55811	0.66957	-0.93039	5.29609	1.65939	28.25719	16.83743	3.89268	2.82218	4.13240	4.51435	1.78806	0.41653	0.89146	0.77854	2.48004	1.62404	4.63340	1.00596	0.13315	5.44683	5.44977	6.88108	2.07543	3.24103	3.09844	1.31998	0.76584	1.09327	8.16832	2.96326	1.26636	1.18318	2.23460	1.80969	0.94349	1.53577	8.75599
6.61774	5.47447	8.73349	-16.34112	0.04299	1.95250	0.85946	0.55985	1.61888	1.24607	1.75020	0.27975	0.82649	0.61427	1.88120	1.69971	12.59568	25.69966	-1.09504	1.60491	1.94219	1.57847	3.38733	5.94101	3.14188	14.44495	2.24997	2.16421	1.37759	3.62388	6.50886	1.23907	1.89845	31.74228	0.83776	7.83222	0.11021	0.59435	3.74077	1.87117	0.15620	3.98708	0.10325	1.45137	0.61616	1.23970	4.29696	0.60781	0.17943	0.67382	4.07255	2.16684	-0.42422	4.77307	25.34273	2.37062	4.09626	0.96248	1.31884	0.57548
4.25246	0.39688	0.47968	1.61663	1.52155	1.79864	35.29653	25.39398	0.91913	0.53865	22.76063	1.08305	2.98536	1.26241	6.32834	6.00547	0.63430	1.28460	3.38074	1.51917	8.72525	0.65732	5.99837	8.90013	2.94856	1.12932	1.32099	0.82052	15.11150	0.70002	82.46248	4.00120	0.81422	0.96776	2.21138	1.15204	1.01898	1.21204	0.73180	2.05103	7.00532	5.06843	0.65883	0.14616	4.13750	6.85646	1.76964	1.28780	1.50646	4.16007	8.70409	0.72281	0.21815	1.53366	2.40674	2.00082	1.07081	1.36587	1.74669	1.20595
2.81042	1.85760	3.15376	1.01329	5.73102	92.81460	11.21912	1.21905	0.81974	11.18755	-0.62453	0.88345	0.80367	1.38211	8.96679	5.71206	16.79056	1.18161	1.49611	1.00818	1.53632	1.54341	0.81520	1.09421	2.16481	11.80135	9.62159	0.12466	1.45928	2.48752	3.13295	39.29026	1.08753	17.44725	10.24735	-0.42382	3.24607	5.40511	1.16161	2.42570	0.38928	3.72078	0.17394	7.11731	0.06349	2.11561	1.16906	1.58429	0.47688	0.81205	6.26141	2.56683	1.10390	2.82034	2.45631	0.73532	1.19420	1.83534	2.73593	19.10285
0.44424	1.35784	92.41905	2.32566	1.68136	2.68070	1.31814	0.83205	1.36836	2.78432	1.31491	1.03955	1.04356	0.90867	2.07435	9.94648	1.24568	0.99998	0.91915	1.20109	7.51486	4.45329	111.88204	1.42852	1.49442	1.32643	0.61562	0.42872	2.86505	1.34536	6.07374	2.34102	4.52748	10.18884	1.54036	1.58292	8.98569	2.86899	1.24180	0.24000	0.70217	2.39695	1.25208	17.81900	2.20190	0.13433	1.68456	1.19937	1.70487	0.88008	1.88229	1.27928	-0.20195	2.92158	1.11950	-2.87982	0.81723	1.48638	1.58713	3.03039
0.45495	2.31114	0.36996	6.41425	3.04432	-1.22974	1.49207	-0.33082	0.57198	0.06415	2.15570	1.37596	1.93192	1.03303	0.93888	2.08271	6.63479	0.20236	1.59243	3.07409	7.81218	1.35316	3.11616	0.69008	0.64286	1.24059	-0.55190	1.77812	3.43595	0.64351	16.28891	1.39067	1.04358	10.47601	1.83992	3.55123	3.74071	19.07750	1.41334	0.34950	4.61872	3.21053	1.11850	1.14646	0.56061	1.23809	0.14245	2.91437	0.63486	2.95194	2.55101	1.76816	-0.29251	0.33653	1.84761	1.27531	1.07072	1.21898	1.46001	80.56323
0.39344	4.26394	2.10275	4.47765	0.99382	1.98976	2.16837	3.24006	0.93171	1.70085	1.19167	0.84982	0.83122	4.36723	19.49672	0.49491	1.01303	17.08624	1.22236	15.54205	0.55132	6.21022	2.41282	-1.10842	5.88768	1.01090	1.27853	1.08069	0.87747	2.33444	2.06247	1.67500	2.62640	2.35669	0.93137	8.77136	1.30440	2.95625	0.61335	3.59494	0.75911	2.61149	0.70615	1.17972	0.39599	0.81128	1.65369	0.15851	0.61737	0.90425	1.50095	1.43243	0.32704	4.33147	0.28014	0.31222	0.55244	1.14429	1.38550	9.67362
1.40090	2.29708	4.03698	0.43952	3.71351	0.84235	2.44889	1.77830	1.16695	2.16138	0.55570	1.15171	2.19790	1.00458	1.04480	3.03512	-0.18119	2.81352	2.50415	3.61119	-0.63077	2.87142	2.19675	1.85646	-0.19887	0.45620	1.23256	3.67374	3.85145	0.68422	1.13107	4.28348	-1.00294	4.62488	1.13697	2.15056	2.07976	3.07159	-0.04983	1.20605	0.21212	2.05929	2.43816	2.07296	1.28520	1.53892	0.94779	0.56246	0.14457	20.66885	2.68440	2.62009	2.13522	0.87434	9.26462	2.11360	0.41274	0.57992	2.51294	0.47195
2.03591	2.89238	4.72088	2.40065	2.08338	1.20863	2.70729	2.10803	2.25989	2.77921	1.45469	0.85501	1.84388	1.50224	8.11397	-1.93623	1.47166	1.27459	-0.64449	4.71547	0.64785	0.67445	1.67551	0.94036	5.68774	-2.07100	0.89821	0.75574	15.90287	4.01196	4.51496	0.30636	0.88962	0.57542	5.62170	1.83893	0.74650	1.16361	1.16733	1.13406	2.70992	0.99839	0.81274	1.39098	1.67022	2.00709	1.90806	0.59547	15.36958	0.12745	1.07292	2.06352	1.04634	0.53922	0.69996	11.86532	1.19947	9.47831	0.55241	5.13526
2.42577	1.17136	1.67908	0.20970	0.91741	-0.77270	1.21677	6.59623	0.03961	1.58915	-0.73641	0.45895	1.53607	1.09991	2.26332	1.44151	1.78631	2.17382	0.08727	64.52848	0.92164	0.53896	1.19356	1.90190	31.12571	2.14789	11.22037	1.30862	3.89511	3.83561	1.48158	-0.21604	0.61449	1.11534	0.66552	0.32740	0.32350	-0.44394	1.00194	0.14686	0.54023	0.01625	2.53292	4.59069	2.87740	1.43904	2.05196	0.56068	4.43500	1.60686	0.09806	55.15481	2.12749	0.73564	0.59159	0.28942	36.62346	2.34872	1.74694	4.02665
0.82684	1.08178	5.93939	6.52330	0.79223	0.90165	0.72797	1.51061	0.25581	1.78157	2.53346	6.53564	2.78177	1.74889	5.55215	0.99478	0.72122	5.57210	19.86783	1.28357	29.86557	0.09826	9.33963	5.16453	4.64292	1.03856	2.67326	10.42412	0.69339	1.08308	3.03126	3.24955	24.55325	-1.07146	8.07704	1.20239	1.82298	6.69154	6.42593	0.50645	0.85091	3.30844	1.65039	1.06760	3.24097	1.43534	2.54744	3.27282	0.63157	1.01188	19.75731	0.15955	0.50578	9.13626	17.56321	1.78123	2.19981	-2.12836	0.85922	2.20317
0.77406	8.57133	8.15684	1.70155	0.75748	1.24484	0.29066	6.17112	1.75349	3.24552	1.59674	0.14568	0.91569	1.94270	3.21056	0.25129	0.17906	2.15411	0.21365	3.35844	0.96791	1.63917	1.35833	9.79848	0.77138	1.19559	38.07320	1.77312	-1.61596	2.55115	0.52551	5.66025	1.13174	2.30695	1.22431	0.49236	1.44398	0.53318	2.33568	0.68388	0.12001	4.27650	1.45290	0.44371	0.75118	0.70346	1.61031	0.76669	0.99992	1.27538	1.74607	-0.61781	0.14592	1.13104	0.61569	3.64726	1.28017	10.72370	0.16335	8.20345
57.09196	0.62676	1.51730	4.23073	0.45023	-0.37471	1.04494	0.96373	0.62761	0.74527	1.62613	0.93173	2.50941	0.52538	0.44600	0.84835	-0.47148	1.22526	2.57698	0.70775	1.84919	0.68383	-6.83450	0.04923	0.30313	1.27366	40.02355	2.62370	2.10479	8.91646	4.01497	4.95181	1.92407	0.03141	1.36505	1.35414	1.70113	2.30911	2.91696	0.32630	0.69769	-0.52038	6.36052	0.74032	-3.30923	0.43821	0.20192	21.20107	0.45205	0.74563	0.99997	7.26493	1.29446	0.10859	0.50549	0.57795	1.30862	0.93232	5.17505	1.22745
0.51260	4.38688	1.05587	6.54735	0.67317	3.33278	1.65519	7.03743	16.03586	0.52940	1.26554	0.51450	0.84037	0.14308	9.07633	-4.68430	2.68947	1.75207	4.86058	0.74622	1.52765	2.69585	-6.17949	2.50034	1.55520	1.49689	-8.86545	3.10959	4.15664	0.85349	0.22476	29.79944	2.72040	12.95056	0.99995	172.83407	-1.07124	0.93464	-15.17866	0.29165	3.80091	1.42750	12.03428	1.78242	1.86591	0.86417	1.54307	1.53424	0.99942	2.24348	0.48665	4.82179	0.80781	-7.42935	0.10734	5.77930	0.82075	0.99991	1.15660	-2.42154
0.68295	0.92582	19.28420	0.66553	1.99678	1.69841	1.17189	3.92030	0.20045	-0.63804	0.17617	0.99980	0.10274	2.02842	3.36457	2.12306	4.18363	1.86596	0.63540	0.87050	3.08819	0.39466	0.69741	2.61298	-0.33623	0.03983	2.64126	13.13694	80.11917	-43.44374	4.36667	0.63243	4.16639	0.62761	1.92484	0.14401	0.65866	0.44071	1.42545	26.61225	0.59656	2.12161	2.27837	2.78865	0.88644	1.38245	1.27531	0.58764	0.76970	3.43462	-0.39512	0.80851	5.12092	0.73141	0.69457	0.09643	2.72616	0.09601	3.25901	2.35632
1.12954	1.63892	2.72593	1.70675	5.37916	4.87952	3.19480	7.12626	2.29733	0.77138	1.40557	1.22376	2.12422	6.06432	0.93632	2.27084	1.89610	3.70653	29.94107	11.46138	1.57736	4.05458	0.24023	26.77009	0.37153	0.25548	3.49601	38.78570	40.06719	0.54413	0.79926	1.42067	0.41468	2.77318	2.69544	4.74265	20.23195	1.83321	2.62766	-3.39180	1.95028	0.44801	5.32540	1.14460	4.52565	0.99030	1.05991	1.24222	1.13737	2.02688	21.99462	0.64989	1.65386	2.39663	1.35823	2.72616	0.08834	0.31153	0.71156	1.47314
3.92934	3.91524	3.45719	2.60919	3.75622	0.39011	0.93613	0.06933	0.46554	1.43011	0.63911	0.67424	4.95463	1.40705	2.09387	2.10920	4.25111	0.68450	0.53203	2.05074	1.23107	1.80359	1.58388	0.01653	2.21971	1.64637	1.05394	-0.95667	2.33577	0.99995	13.99609	2.35321	1.19992	0.48086	1.36352	25.12294	0.81292	1.16906	1.22330	0.19511	1.77683	0.20138	1.22379	4.00577	4.08744	1.24178	0.99995	2.30007	0.38895	4.49931	1.27525	9.63101	0.73693	1.27054	0.36928	0.81797	0.63572	0.15379	0.74122	2.31017
0.17545	4.38267	-1.54839	0.66889	2.68802	3.66332	3.31001	3.14229	0.26108	1.16915	1.59135	1.09866	0.61939	0.71988	2.63546	0.74597	1.13616	1.02619	4.36955	1.00696	3.33893	1.27609	0.48714	0.74326	2.18883	0.25238	4.43123	2.02351	4.98906	4.36853	4.85564	0.33142	1.27168	0.37394	0.54418	2.71595	2.92666	0.05067	0.99763	0.06827	0.15159	1.19967	1.38929	1.71023	0.75928	0.38609	1.74770	0.06835	1.26840	1.80286	0.06984	0.70714	1.53809	2.17400	1.02582	0.40017	0.78143	0.29910	0.13542	0.49843
0.63848	9.70815	6.75030	1.42437	0.66148	2.41845	7.95976	1.01963	1.01787	1.15864	0.87937	-1.34901	1.65194	2.03991	-1.77964	2.06898	0.11616	4.60890	5.35356	12.91817	1.42207	0.92665	2.44585	0.35219	1.05922	1.66078	8.76355	6.50952	4.12223	16.79017	5.78609	8.53805	6.75349	175.15912	4.40330	1.51768	5.35335	15.30985	2.01978	0.66396	0.83023	13.62195	0.58902	1.47967	15.52878	0.57335	46.10930	6.39737	1.05362	6.73980	1.25415	0.98445	6.04934	0.46654	2.87644	5.77891	1.84942	3.64749	0.70047	0.07138
