-0.00158	0.00018	0.00006	0.00008	-0.00014	0.00013	-0.00013	-0.00011	0.00030	-0.00006	0.00007	-0.00006	0.00006	0.00018	0.00014	-0.00019	-0.00020	0.00024	-0.00003	-0.00010	0.00002	-0.00006	0.00009	0.00016	0.00008	0.00013	-0.00022	0.00016	0.00029	-0.00013	0.00009	-0.00006	-0.00004	0.00027	0.00025	-0.00030	0.00003	0.00018	-0.00010	-0.00009	0.00009	-0.00012	-0.00002	0.00015	0.00006	0.00003	0.00014	-0.00010	-0.00028	0.00033	0.00008	0.00021	-0.00013	0.00023	0.00008	0.00003	-0.00005	0.00018	0.00019	-0.00016
-0.00014	-0.00157	0.00021	-0.00004	0.00034	0.00026	-0.00006	0.00018	0.00006	0.00006	-0.00011	0.00027	-0.00006	0.00017	-0.00015	0.00015	0.00032	-0.00024	-0.00001	0.00013	0.00013	0.00010	-0.00018	0.00014	0.00011	0.00015	-0.00002	0.00018	0.00033	0.00015	-0.00004	0.00011	-0.00019	0.00038	-0.00009	0.00014	0.00011	0.00068	0.00015	-0.00001	-0.00018	0.00030	-0.00001	0.00031	0.00024	0.00010	-0.00028	-0.00005	0.00035	-0.00001	0.00028	0.00010	0.00040	0.00013	-0.00018	0.00016	0.00008	0.00041	0.00032	0.00015
-0.00010	-0.00003	-0.00171	0.00027	0.00006	0.00014	0.00049	0.00017	0.00010	0.00001	-0.00027	0.00007	-0.00036	0.00013	0.00010	0.00006	-0.00006	-0.00003	-0.00026	0.00025	-0.00002	0.00006	-0.00011	0.00010	0.00003	0.00014	0.00030	-0.00040	0.00021	-0.00005	-0.00034	0.00011	0.00026	0.00013	0.00042	0.00001	0.00016	0.00032	-0.00024	-0.00024	0.00018	-0.00014	-0.00002	-0.00015	-0.00005	-0.00010	0.00017	0.00049	0.00002	0.00006	0.00020	0.00009	-0.00004	0.00006	0.00020	-0.00006	0.00034	0.00013	0.00014	-0.00020
0.00004	0.00022	0.00001	-0.00205	-0.00013	-0.00016	0.00013	0.00010	0.00005	0.00002	0.00039	-0.00028	-0.00006	-0.00008	-0.00011	0.00006	-0.00026	-0.00031	0.00012	-0.00009	-0.00009	0.00008	0.00025	-0.00004	0.00027	0.00021	-0.00012	-0.00018	-0.00009	0.00000	-0.00003	-0.00027	-0.00004	0.00027	-0.00002	0.00020	0.00020	-0.00006	0.00000	0.00029	-0.00001	0.00020	-0.00005	-0.00000	0.00021	0.00008	0.00021	-0.00004	0.00020	-0.00011	0.00042	-0.00007	0.00030	0.00043	0.00044	0.00037	0.00016	0.00014	0.00012	0.00040
-0.00024	0.00020	0.00023	0.00010	-0.00159	0.00033	0.00019	-0.00005	0.00018	0.00012	-0.00029	0.00005	0.00005	0.00021	0.00005	0.00033	-0.00012	-0.00023	0.00009	0.00019	0.00005	-0.00006	0.00005	-0.00007	-0.00000	0.00001	-0.00005	-0.00004	-0.00007	0.00001	0.00010	0.00030	0.00046	0.00018	0.00016	0.00012	0.00017	0.00019	0.00013	-0.00002	0.00006	0.00024	-0.00015	-0.00017	0.00003	-0.00005	-0.00013	0.00005	-0.00032	0.00023	-0.00014	-0.00006	-0.00031	0.00008	-0.00009	-0.00003	0.00001	0.00031	0.00015	0.00022
0.00016	-0.00005	0.00035	-0.00002	-0.00018	-0.00174	-0.00006	0.00000	-0.00012	-0.00015	-0.00001	0.00066	-0.00013	-0.00025	-0.00006	0.00006	-0.00024	-0.00000	0.00028	0.00020	-0.00026	0.00020	0.00031	0.00018	-0.00015	-0.00014	0.00001	-0.00005	-0.00016	-0.00024	-0.00042	0.00028	-0.00037	-0.00028	-0.00048	-0.00029	-0.00004	0.00001	0.00044	0.00010	-0.00007	-0.00034	0.00008	-0.00016	-0.00004	0.00019	0.00001	0.00016	0.00025	-0.00021	0.00026	-0.00011	-0.00017	-0.00013	0.00000	0.00007	-0.00010	-0.00022	0.00005	0.00004
0.00029	-0.00002	0.00009	0.00008	0.00021	0.00018	-0.00174	-0.00006	0.00007	-0.00014	0.00014	0.00000	0.00005	0.00035	0.00022	0.00013	0.00047	0.00024	-0.00003	0.00004	-0.00006	0.00010	0.00021	0.00015	0.00001	0.00035	0.00040	0.00006	0.00016	0.00018	-0.00000	0.00026	0.00035	0.00014	0.00022	0.00030	-0.00010	0.00010	0.00011	0.00007	0.00024	-0.00001	-0.00002	0.00056	0.00016	0.00030	0.00005	-0.00001	0.00050	0.00014	0.00013	0.00009	0.00022	-0.00024	0.00021	0.00018	-0.00001	0.00007	0.00016	-0.00017
-0.00004	-0.00012	0.00040	0.00027	0.00006	-0.00013	0.00014	-0.00147	-0.00005	-0.00016	-0.00013	0.00012	0.00020	-0.00005	0.00020	0.00014	-0.00015	-0.00007	0.00015	0.00020	0.00032	0.00020	-0.00031	-0.00015	-0.00016	0.00003	0.00002	-0.00025	0.00046	-0.00000	0.00024	0.00008	-0.00002	-0.00014	-0.00009	0.00008	0.00009	-0.00009	-0.00003	0.00020	0.00007	-0.00014	-0.00027	0.00042	-0.00008	-0.00046	0.00002	0.00031	0.00001	0.00011	-0.00025	-0.00005	-0.00003	-0.00019	0.00025	-0.00020	-0.00015	0.00007	0.00013	0.00025
0.00008	0.00025	0.00008	-0.00002	-0.00009	0.00028	0.00017	0.00033	-0.00128	0.00011	-0.00004	-0.00003	0.00016	-0.00005	0.00004	0.00002	0.00021	0.00023	0.00012	-0.00002	0.00003	0.00011	0.00006	0.00000	0.00002	0.00029	0.00017	0.00008	-0.00003	0.00019	0.00011	-0.00038	-0.00015	-0.00017	0.00035	-0.00012	0.00031	0.00008	-0.00003	0.00009	0.00025	-0.00031	0.00018	0.00023	0.00008	0.00024	-0.00008	-0.00001	-0.00017	-0.00017	0.00043	-0.00013	0.00044	-0.00003	-0.00011	0.00001	0.00046	-0.00026	-0.00001	0.00011
0.00015	-0.00013	0.00044	0.00051	0.00025	-0.00024	0.00011	0.00006	0.00014	-0.00227	-0.00021	-0.00012	-0.00005	-0.00016	0.00018	-0.00009	0.00002	0.00002	-0.00002	0.00045	-0.00003	-0.00003	0.00000	-0.00009	-0.00015	0.00015	0.00017	-0.00022	0.00002	0.00009	-0.00027	0.00026	0.00023	0.00021	0.00011	-0.00014	0.00038	-0.00017	0.00032	0.00030	-0.00019	-0.00023	0.00014	-0.00015	0.00036	0.00029	0.00004	0.00009	-0.00011	-0.00024	0.00001	-0.00002	0.00002	0.00003	-0.00019	0.00005	0.00017	0.00003	-0.00002	0.00048
0.00007	0.00019	-0.00017	-0.00017	0.00023	0.00010	0.00007	0.00026	0.00014	0.00002	-0.00171	0.00007	-0.00006	-0.00027	-0.00009	-0.00003	0.00015	0.00021	0.00021	-0.00004	0.00008	-0.00042	-0.00010	0.00001	0.00000	0.00028	-0.00005	0.00034	0.00006	-0.00027	-0.00022	0.00003	0.00017	-0.00015	-0.00010	0.00023	0.00016	0.00024	0.00007	0.00010	0.00002	-0.00006	0.00015	0.00030	-0.00022	0.00004	0.00014	0.00025	0.00052	0.00034	-0.00006	0.00022	0.00005	0.00001	-0.00004	0.00024	-0.00026	-0.00003	-0.00010	0.00026
0.00001	0.00003	0.00003	0.00013	0.00004	0.00007	0.00007	-0.00016	0.00005	0.00008	-0.00006	-0.00144	-0.00021	-0.00006	-0.00009	-0.00022	0.00018	-0.00016	-0.00024	-0.00002	-0.00015	-0.00023	0.00014	-0.00013	-0.00031	0.00006	-0.00015	-0.00013	-0.00019	0.00025	0.00013	-0.00031	0.00005	-0.00021	0.00014	-0.00006	0.00024	0.00003	0.00008	-0.00021	0.00002	-0.00008	0.00020	0.00053	-0.00035	-0.00017	0.00030	0.00001	0.00007	0.00004	0.00022	0.00003	0.00001	0.00011	-0.00014	0.00013	0.00008	0.00002	-0.00000	-0.00002
-0.00005	0.00013	0.00016	0.00024	0.00004	-0.00002	0.00018	0.00010	0.00033	-0.00009	-0.00004	0.00021	-0.00133	-0.00001	0.00006	-0.00019	0.00061	-0.00014	-0.00004	0.00018	-0.00004	-0.00003	-0.00001	0.00007	-0.00047	-0.00023	0.00005	-0.00006	0.00018	0.00015	-0.00007	0.00006	-0.00019	0.00001	0.00008	0.00024	-0.00011	0.00018	0.00001	0.00046	-0.00009	0.00062	0.00006	0.00013	0.00008	0.00045	0.00021	0.00047	-0.00008	0.00010	0.00027	0.00006	-0.00005	0.00021	-0.00011	0.00019	0.00019	-0.00005	0.00004	0.00005
-0.00012	-0.00020	-0.00019	0.00011	0.00000	0.00011	0.00016	0.00032	-0.00002	0.00024	0.00030	0.00012	0.00008	-0.00175	-0.00012	-0.00029	0.00008	0.00001	-0.00018	-0.00009	0.00036	-0.00000	0.00023	-0.00018	-0.00004	0.00030	-0.00007	-0.00006	-0.00015	-0.00007	0.00013	-0.00008	-0.00024	0.00002	-0.00008	0.00004	0.00028	0.00032	-0.00017	-0.00009	-0.00008	-0.00013	-0.00006	0.00014	0.00017	0.00020	0.00007	0.00017	0.00001	-0.00023	0.00015	-0.00004	-0.00001	0.00009	0.00007	0.00014	0.00022	0.00007	0.00004	-0.00005
-0.00021	0.00024	0.00003	0.00002	0.00028	0.00021	0.00012	0.00001	0.00016	-0.00040	0.00011	0.00016	0.00005	0.00006	-0.00135	-0.00024	-0.00004	-0.00012	0.00024	0.00049	0.00015	-0.00012	0.00023	-0.00013	0.00020	0.00036	0.00003	0.00021	0.00019	0.00005	0.00046	0.00018	-0.00003	0.00004	-0.00002	0.00008	-0.00013	0.00029	-0.00013	0.00024	0.00003	0.00007	-0.00005	-0.00018	0.00018	-0.00014	-0.00002	-0.00004	-0.00005	0.00014	-0.00005	-0.00005	-0.00005	0.00006	0.00018	0.00012	0.00002	-0.00006	-0.00013	-0.00001
-0.00011	0.00010	-0.00010	-0.00007	0.00014	-0.00023	-0.00011	-0.00019	-0.00002	-0.00015	0.00002	-0.00021	-0.00009	-0.00007	-0.00012	-0.00181	-0.00002	0.00009	0.00029	0.00022	0.00013	0.00003	-0.00016	-0.00004	0.00023	-0.00001	-0.00011	0.00013	-0.00022	0.00005	-0.00008	-0.00020	-0.00045	0.00017	0.00016	-0.00019	-0.00018	-0.00014	0.00002	-0.00010	0.00014	-0.00002	-0.00018	-0.00017	0.00014	-0.00015	0.00010	0.00009	0.00002	-0.00026	0.00010	-0.00059	0.00016	-0.00005	-0.00042	-0.00011	0.00019	0.00034	0.00010	0.00017
0.00006	-0.00022	0.00006	0.00013	0.00031	0.00014	0.00009	0.00012	0.00034	-0.00027	0.00008	0.00014	-0.00010	0.00004	0.00017	-0.00011	-0.00106	0.00021	0.00013	-0.00017	0.00007	0.00022	0.00010	-0.00027	0.00040	-0.00006	-0.00012	-0.00021	0.00003	-0.00006	0.00027	0.00054	0.00012	-0.00026	-0.00016	0.00007	-0.00010	0.00004	-0.00033	-0.00002	-0.00006	0.00002	-0.00003	0.00015	0.00015	-0.00006	0.00008	0.00013	0.00013	0.00000	-0.00011	-0.00009	-0.00006	0.00008	0.00005	0.00016	0.00024	0.00011	-0.00010	-0.00001
-0.00025	0.00007	0.00009	-0.00002	0.00034	0.00004	0.00031	-0.00007	0.00015	0.00014	0.00019	0.00008	0.00027	-0.00018	0.00027	-0.00004	0.00059	-0.00146	0.00015	0.00007	0.00005	0.00036	0.00026	0.00013	0.00017	-0.00016	-0.00004	0.00032	0.00015	0.00004	-0.00002	0.00017	0.00027	0.00006	-0.00010	0.00036	0.00034	-0.00001	0.00001	0.00009	0.00043	-0.00004	0.00039	-0.00017	0.00014	0.00046	-0.00005	-0.00002	0.00034	0.00009	0.00023	-0.00008	-0.00002	0.00026	0.00011	0.00001	0.00004	0.00010	0.00025	-0.00012
0.00022	-0.00010	0.00040	-0.00012	0.00026	0.00004	-0.00008	-0.00011	-0.00020	0.00013	0.00009	-0.00010	-0.00005	0.00002	-0.00025	-0.00009	-0.00017	-0.00003	-0.00151	-0.00001	0.00007	0.00006	-0.00008	0.00006	0.00032	0.00005	0.00004	0.00009	-0.00002	-0.00020	0.00019	0.00023	0.00026	0.00009	0.00012	-0.00003	-0.00007	0.00013	-0.00009	-0.00005	0.00013	-0.00016	-0.00001	-0.00025	0.00003	0.00020	-0.00015	-0.00001	0.00020	-0.00022	0.00020	0.00010	-0.00004	-0.00003	-0.00022	-0.00013	0.00005	0.00022	0.00029	0.00003
0.00029	0.00002	0.00002	0.00010	0.00016	0.00026	0.00003	0.00024	0.00026	0.00044	0.00030	0.00009	0.00014	-0.00023	0.00025	0.00006	0.00036	-0.00034	0.00015	-0.00202	0.00016	0.00007	0.00013	0.00021	-0.00006	0.00010	0.00021	0.00010	0.00028	0.00012	0.00018	0.00010	-0.00004	0.00006	0.00042	0.00018	-0.00003	0.00011	0.00038	0.00019	0.00007	0.00052	-0.00011	0.00027	0.00048	0.00007	0.00027	0.00003	0.00009	0.00050	-0.00029	0.00012	-0.00034	0.00010	0.00000	0.00022	0.00015	-0.00016	0.00021	0.00023
-0.00026	-0.00009	0.00000	-0.00003	0.00004	-0.00040	-0.00001	-0.00015	-0.00006	-0.00003	-0.00003	0.00008	-0.00025	-0.00006	-0.00059	0.00007	-0.00026	-0.00024	-0.00009	-0.00000	-0.00141	-0.00011	-0.00009	-0.00018	-0.00018	-0.00002	0.00021	-0.00002	-0.00054	-0.00013	0.00009	-0.00017	0.00015	-0.00005	-0.00006	0.00001	0.00011	-0.00030	-0.00011	-0.00001	-0.00006	0.00005	-0.00024	-0.00014	-0.00021	-0.00009	0.00010	-0.00028	-0.00029	0.00014	0.00008	-0.00004	0.00021	-0.00029	-0.00014	0.00003	-0.00018	-0.00001	0.00014	-0.00025
0.00028	-0.00008	0.00020	0.00017	0.00002	0.00002	0.00025	0.00003	-0.00014	0.00001	0.00004	-0.00008	0.00008	-0.00000	0.00001	0.00021	0.00020	-0.00017	0.00048	0.00013	0.00018	-0.00161	0.00040	0.00018	0.00017	-0.00008	0.00004	0.00038	0.00018	0.00024	-0.00005	0.00000	0.00032	0.00011	-0.00014	0.00021	-0.00002	0.00015	-0.00006	0.00017	0.00023	-0.00012	-0.00007	-0.00015	0.00007	0.00016	0.00014	0.00027	0.00004	0.00026	0.00019	-0.00009	0.00019	-0.00018	0.00003	-0.00011	-0.00018	-0.00006	0.00003	0.00002
-0.00000	-0.00008	0.00008	0.00003	-0.00003	-0.00012	-0.00018	0.00012	0.00018	0.00020	-0.00001	0.00037	0.00005	0.00003	-0.00005	0.00031	-0.00009	0.00019	0.00016	0.00002	0.00014	0.00006	-0.00121	0.00033	-0.00035	-0.00008	0.00005	-0.00017	0.00021	0.00036	0.00012	0.00003	-0.00004	0.00036	-0.00022	0.00014	0.00001	0.00008	0.00001	0.00019	0.00011	0.00039	0.00008	0.00017	-0.00003	-0.00005	-0.00009	0.00018	0.00051	0.00004	0.00001	0.00006	0.00022	-0.00006	-0.00005	0.00001	0.00002	0.00011	-0.00009	0.00022
-0.00001	0.00011	0.00014	-0.00014	0.00012	-0.00019	0.00004	0.00039	-0.00004	0.00016	0.00040	-0.00031	0.00002	-0.00042	0.00024	-0.00003	0.00019	0.00039	-0.00018	-0.00007	0.00012	0.00001	-0.00015	-0.00142	-0.00022	-0.00015	0.00009	0.00006	0.00000	0.00022	-0.00008	0.00006	-0.00015	-0.00002	0.00019	0.00001	0.00015	-0.00022	0.00002	0.00023	-0.00037	-0.00022	0.00032	0.00001	0.00010	0.00016	-0.00028	0.00002	0.00014	-0.00009	-0.00001	-0.00020	0.00019	0.00007	0.00010	-0.00010	-0.00033	0.00011	-0.00026	-0.00001
0.00025	0.00011	0.00029	-0.00003	0.00014	0.00030	0.00015	0.00025	-0.00002	0.00010	0.00031	0.00011	0.00010	0.00021	0.00010	0.00000	-0.00002	0.00013	0.00028	-0.00001	-0.00010	0.00007	0.00011	-0.00023	-0.00106	-0.00016	0.00004	0.00015	0.00020	0.00027	0.00031	-0.00004	-0.00017	0.00017	0.00008	0.00019	0.00025	0.00007	0.00019	-0.00018	-0.00005	-0.00015	-0.00012	0.00010	-0.00000	0.00028	0.00005	0.00009	0.00012	0.00012	-0.00005	-0.00004	-0.00005	0.00009	0.00005	0.00004	0.00006	0.00014	-0.00009	0.00013
0.00002	0.00027	0.00020	-0.00029	0.00007	0.00024	0.00006	0.00019	0.00018	0.00028	-0.00013	-0.00002	0.00015	0.00034	-0.00006	0.00024	0.00046	0.00005	0.00008	0.00022	0.00034	0.00021	0.00025	0.00034	0.00011	-0.00170	0.00023	0.00002	-0.00021	0.00002	-0.00005	0.00012	0.00037	0.00002	0.00016	0.00006	0.00009	0.00033	0.00016	0.00009	0.00011	0.00028	-0.00003	0.00011	0.00020	-0.00014	-0.00000	-0.00005	0.00003	0.00022	-0.00001	0.00022	0.00020	0.00016	0.00020	-0.00009	-0.00005	0.00013	0.00011	0.00008
0.00010	0.00025	-0.00027	0.00027	0.00016	-0.00002	-0.00009	0.00029	-0.00018	0.00021	0.00004	0.00015	0.00001	0.00006	0.00009	-0.00007	0.00029	-0.00007	-0.00008	0.00010	-0.00019	0.00007	-0.00028	0.00007	-0.00019	0.00000	-0.00179	0.00020	0.00011	0.00007	-0.00021	-0.00009	0.00002	0.00013	-0.00006	-0.00011	0.00008	0.00002	-0.00021	0.00020	-0.00005	-0.00018	0.00004	0.00001	-0.00021	0.00005	0.00009	-0.00020	0.00038	-0.00036	0.00004	-0.00008	-0.00005	0.00012	0.00006	0.00004	-0.00015	-0.00014	0.00015	0.00035
-0.00013	0.00001	0.00017	0.00026	-0.00033	0.00012	-0.00003	0.00007	-0.00007	0.00023	-0.00059	-0.00005	0.00027	0.00027	0.00003	-0.00012	-0.00018	-0.00007	0.00022	0.00012	-0.00023	0.00011	0.00038	-0.00002	-0.00009	-0.00022	-0.00000	-0.00140	-0.00020	0.00011	0.00003	-0.00000	-0.00001	0.00007	-0.00000	-0.00010	-0.00026	-0.00010	-0.00003	0.00013	0.00013	0.00003	0.00020	-0.00004	-0.00017	0.00001	0.00011	0.00009	-0.00003	0.00018	0.00026	0.00006	-0.00007	0.00001	-0.00014	-0.00006	-0.00003	-0.00009	-0.00022	0.00001
0.00003	0.00008	0.00010	-0.00016	0.00037	-0.00028	-0.00001	-0.00008	-0.00001	0.00021	-0.00015	0.00035	0.00019	0.00028	-0.00010	0.00025	0.00019	-0.00001	-0.00010	0.00010	0.00039	-0.00024	0.00001	0.00015	0.00012	0.00016	-0.00016	0.00009	-0.00142	-0.00001	0.00018	-0.00002	-0.00057	-0.00006	0.00029	-0.00007	0.00005	0.00034	0.00066	-0.00009	0.00009	0.00019	0.00026	0.00004	-0.00006	0.00011	0.00007	0.00011	-0.00003	0.00027	0.00026	0.00016	-0.00010	-0.00000	0.00001	0.00004	0.00020	0.00009	-0.00017	-0.00005
-0.00029	-0.00011	0.00013	0.00011	0.00014	-0.00017	-0.00005	0.00005	-0.00014	0.00016	0.00035	-0.00013	-0.00012	0.00028	-0.00004	0.00024	-0.00003	-0.00005	-0.00018	-0.00019	-0.00011	0.00040	-0.00008	0.00005	0.00011	-0.00009	0.00006	0.00010	-0.00014	-0.00148	-0.00011	-0.00012	0.00023	-0.00035	0.00011	-0.00002	0.00006	-0.00010	0.00007	-0.00007	-0.00013	0.00007	0.00005	0.00024	-0.00018	0.00001	0.00007	-0.00018	-0.00007	0.00034	0.00018	0.00024	-0.00007	0.00003	0.00024	-0.00012	0.00011	-0.00009	0.00004	0.00001
-0.00003	0.00005	0.00008	-0.00025	-0.00011	-0.00011	-0.00017	-0.00007	-0.00000	-0.00011	0.00019	-0.00017	0.00015	0.00021	-0.00007	0.00001	-0.00013	0.00011	0.00010	0.00006	0.00011	0.00000	-0.00023	0.00006	0.00001	-0.00014	-0.00004	-0.00011	-0.00003	0.00021	-0.00133	0.00021	0.00002	-0.00018	0.00016	-0.00007	-0.00017	-0.00008	0.00046	0.00014	-0.00002	-0.00009	-0.00033	-0.00056	-0.00018	-0.00002	-0.00006	0.00004	-0.00029	-0.00026	0.00005	-0.00015	-0.00019	-0.00031	0.00006	-0.00011	-0.00003	-0.00029	0.00026	-0.00019
-0.00009	0.00004	-0.00003	0.00003	-0.00004	0.00009	-0.00024	0.00019	0.00029	-0.00014	-0.00020	0.00007	0.00006	0.00010	-0.00002	0.00022	-0.00015	-0.00007	-0.00032	-0.00003	0.00012	0.00013	-0.00005	0.00003	0.00011	-0.00003	0.00022	0.00011	0.00029	-0.00029	-0.00002	-0.00132	-0.00031	-0.00010	0.00008	0.00019	-0.00002	0.00008	-0.00020	-0.00011	0.00014	0.00009	0.00016	0.00009	-0.00002	-0.00024	-0.00009	-0.00015	-0.00012	-0.00010	0.00014	-0.00030	0.00012	-0.00010	0.00005	-0.00023	0.00010	-0.00009	0.00021	0.00004
-0.00001	0.00016	-0.00010	0.00020	-0.00006	0.00009	0.00006	-0.00006	-0.00014	-0.00011	0.00007	0.00024	0.00010	0.00011	-0.00015	-0.00035	-0.00030	-0.00006	-0.00002	-0.00001	-0.00007	-0.00012	-0.00032	0.00029	0.00046	-0.00023	0.00021	-0.00010	0.00007	0.00018	0.00007	0.00034	-0.00167	0.00005	0.00002	0.00002	0.00016	-0.00000	0.00065	0.00018	-0.00009	0.00029	0.00007	-0.00001	0.00013	0.00006	0.00020	-0.00004	-0.00001	-0.00032	0.00052	0.00000	0.00009	0.00032	0.00000	-0.00026	-0.00020	0.00004	-0.00003	-0.00015
0.00038	0.00053	0.00021	0.00057	0.00025	-0.00002	0.00043	0.00006	0.00039	0.00030	0.00022	0.00048	0.00042	0.00024	0.00029	0.00056	0.00049	0.00042	0.00022	0.00057	0.00011	0.00047	0.00043	0.00054	0.00043	0.00067	0.00017	0.00005	0.00036	0.00011	0.00034	-0.00004	0.00011	-0.00187	0.00040	0.00049	0.00002	0.00031	0.00019	0.00008	0.00035	0.00036	-0.00000	0.00022	0.00078	0.00027	0.00034	0.00006	-0.00009	0.00041	0.00014	0.00057	0.00018	0.00030	0.00007	0.00052	0.00022	0.00056	0.00064	0.00036
-0.00018	-0.00019	-0.00030	0.00001	-0.00001	0.00015	-0.00024	-0.00012	-0.00034	-0.00020	0.00008	0.00013	0.00006	0.00016	-0.00001	-0.00023	0.00029	-0.00006	-0.00002	-0.00032	-0.00025	-0.00013	0.00005	-0.00003	0.00001	0.00001	-0.00002	0.00001	-0.00024	0.00005	-0.00041	-0.00046	0.00005	-0.00009	-0.00168	-0.00023	0.00008	0.00001	-0.00046	-0.00041	0.00011	0.00021	0.00001	-0.00030	-0.00013	-0.00034	-0.00008	-0.00012	-0.00014	0.00003	-0.00022	0.00003	-0.00016	-0.00022	0.00025	0.00011	0.00014	0.00004	-0.00013	0.00001
0.00006	0.00004	0.00004	0.00011	-0.00027	0.00019	0.00009	0.00003	-0.00008	0.00015	-0.00002	0.00005	-0.00019	0.00008	0.00029	0.00003	0.00009	0.00021	-0.00004	0.00017	-0.00017	-0.00008	-0.00011	0.00007	-0.00002	0.00005	-0.00008	-0.00009	0.00017	-0.00022	0.00020	0.00008	0.00011	-0.00002	-0.00011	-0.00170	0.00018	-0.00013	-0.00002	-0.00004	0.00001	-0.00017	-0.00021	0.00019	0.00003	0.00006	-0.00000	0.00009	0.00005	0.00026	0.00001	0.00014	-0.00005	-0.00040	-0.00012	-0.00004	0.00007	0.00002	-0.00003	-0.00015
-0.00053	-0.00031	-0.00006	-0.00007	-0.00018	-0.00029	-0.00020	0.00003	-0.00021	-0.00030	0.00008	0.00012	0.00010	-0.00013	0.00015	0.00024	0.00002	-0.00026	-0.00024	0.00014	-0.00021	-0.00018	-0.00003	-0.00028	0.00017	0.00003	0.00004	0.00012	0.00008	0.00005	-0.00006	-0.00025	0.00010	-0.00010	0.00010	-0.00041	-0.00172	-0.00009	-0.00017	-0.00001	-0.00024	-0.00012	-0.00004	-0.00015	-0.00011	-0.00012	0.00019	-0.00007	0.00014	-0.00010	0.00024	-0.00001	0.00003	0.00026	0.00013	-0.00022	0.00021	0.00014	-0.00012	0.00008
-0.00025	-0.00027	0.00001	-0.00006	-0.00012	-0.00022	0.00013	-0.00023	0.00004	0.00014	0.00034	-0.00013	-0.00017	-0.00006	0.00006	-0.00016	-0.00005	0.00016	0.00006	0.00008	-0.00025	0.00001	-0.00008	0.00017	-0.00005	-0.00004	-0.00002	-0.00013	-0.00010	-0.00006	0.00034	-0.00011	0.00009	-0.00018	0.00005	0.00002	0.00014	-0.00131	0.00009	-0.00009	0.00030	0.00036	-0.00012	-0.00003	0.00021	0.00006	-0.00016	-0.00003	0.00028	-0.00010	-0.00018	-0.00031	-0.00006	-0.00011	0.00020	-0.00029	-0.00003	-0.00018	-0.00026	0.00016
0.00002	-0.00026	-0.00040	-0.00007	0.00011	-0.00004	0.00010	-0.00008	-0.00012	-0.00009	-0.00013	-0.00017	0.00015	0.00032	0.00002	0.00002	-0.00020	-0.00024	0.00013	-0.00021	-0.00005	-0.00023	0.00007	0.00034	0.00002	0.00002	-0.00045	0.00005	0.00034	0.00022	0.00027	0.00048	0.00032	-0.00005	0.00002	0.00014	-0.00028	0.00009	-0.00177	-0.00020	-0.00022	0.00004	0.00000	0.00022	-0.00006	-0.00023	0.00005	-0.00016	0.00023	-0.00000	-0.00024	-0.00006	-0.00016	-0.00014	0.00013	-0.00017	0.00024	0.00008	-0.00020	0.00008
-0.00008	-0.00010	-0.00011	0.00015	0.00020	0.00000	0.00011	0.00021	-0.00032	0.00010	-0.00014	-0.00018	-0.00014	-0.00005	-0.00024	0.00012	-0.00018	0.00006	0.00003	0.00014	0.00029	0.00008	-0.00012	0.00004	-0.00028	-0.00009	-0.00021	0.00020	0.00023	0.00006	0.00009	-0.00015	0.00018	0.00034	-0.00010	0.00020	-0.00000	0.00020	-0.00015	-0.00180	0.00017	0.00015	0.00011	-0.00010	0.00020	-0.00016	0.00024	-0.00011	-0.00007	-0.00012	-0.00010	0.00004	-0.00004	0.00039	0.00001	-0.00017	0.00018	-0.00006	0.00017	-0.00003
0.00007	0.00001	-0.00005	-0.00007	0.00021	0.00030	-0.00006	-0.00002	0.00008	0.00014	0.00003	0.00014	0.00029	0.00042	-0.00000	0.00013	0.00023	-0.00003	0.00019	0.00004	0.00027	0.00007	-0.00023	-0.00009	-0.00017	-0.00005	-0.00009	0.00019	-0.00003	0.00011	0.00022	-0.00005	0.00021	0.00000	-0.00004	0.00005	0.00007	0.00005	0.00027	-0.00007	-0.00144	-0.00044	0.00022	0.00025	0.00017	-0.00023	-0.00016	0.00024	-0.00033	-0.00023	-0.00018	0.00004	-0.00007	0.00010	0.00004	0.00006	-0.00025	-0.00021	0.00023	-0.00008
0.00001	0.00018	-0.00006	0.00002	-0.00011	0.00010	-0.00023	0.00033	-0.00006	-0.00029	-0.00023	0.00013	0.00007	-0.00004	0.00005	0.00028	0.00006	-0.00012	0.00012	-0.00013	0.00015	0.00003	-0.00005	-0.00012	-0.00011	0.00009	0.00006	-0.00010	-0.00012	0.00001	0.00023	0.00001	0.00005	-0.00016	0.00007	-0.00004	0.00006	-0.00036	-0.00023	-0.00026	0.00022	-0.00166	-0.00010	0.00024	-0.00001	0.00022	0.00007	0.00018	-0.00013	0.00031	-0.00018	-0.00007	0.00022	0.00013	0.00017	-0.00015	-0.00016	0.00016	0.00008	-0.00008
0.00005	0.00016	0.00010	-0.00014	-0.00005	-0.00049	-0.00003	-0.00004	-0.00016	-0.00014	-0.00021	-0.00021	0.00018	-0.00005	0.00020	-0.00023	0.00034	0.00008	-0.00020	-0.00018	-0.00012	0.00024	0.00009	0.00013	0.00022	0.00023	0.00030	0.00020	0.00017	-0.00005	0.00008	-0.00007	0.00003	0.00021	-0.00027	0.00013	0.00006	-0.00023	0.00014	0.00004	0.00015	-0.00012	-0.00141	-0.00007	-0.00015	-0.00006	-0.00019	0.00004	0.00012	-0.00004	0.00006	-0.00012	0.00002	-0.00039	-0.00032	0.00032	0.00009	-0.00015	-0.00011	0.00004
0.00046	-0.00013	-0.00010	0.00028	-0.00004	0.00036	0.00012	-0.00032	-0.00002	-0.00001	0.00028	-0.00004	0.00018	0.00018	0.00024	0.00017	-0.00032	0.00032	-0.00004	0.00002	-0.00000	0.00034	0.00004	-0.00014	-0.00004	-0.00026	0.00001	-0.00007	0.00040	-0.00026	0.00021	0.00006	-0.00018	-0.00004	0.00011	0.00004	-0.00014	-0.00006	-0.00019	0.00010	-0.00015	0.00017	0.00028	-0.00155	-0.00012	0.00006	0.00006	0.00017	0.00021	0.00037	-0.00033	0.00021	-0.00012	0.00011	0.00005	0.00004	-0.00019	-0.00008	0.00013	0.00001
0.00027	0.00027	0.00013	0.00035	0.00039	-0.00001	0.00051	0.00004	0.00024	0.00027	0.00028	0.00025	0.00031	0.00001	0.00028	-0.00004	0.00006	0.00006	0.00016	0.00028	0.00020	0.00044	0.00025	0.00041	0.00056	0.00067	0.00028	0.00039	0.00026	0.00033	0.00041	0.00016	0.00014	0.00060	0.00028	0.00019	0.00019	0.00012	0.00020	0.00027	0.00007	0.00038	0.00052	0.00015	-0.00148	0.00043	0.00024	0.00041	0.00029	0.00049	-0.00002	0.00051	0.00011	0.00033	0.00030	0.00059	0.00026	0.00010	0.00050	0.00029
0.00012	0.00004	-0.00013	0.00028	0.00002	0.00004	-0.00011	0.00007	0.00033	-0.00007	-0.00010	0.00022	-0.00028	0.00001	0.00019	0.00007	0.00001	-0.00001	-0.00035	0.00015	-0.00003	0.00003	0.00023	0.00006	0.00003	0.00003	-0.00009	0.00005	0.00028	0.00009	-0.00000	-0.00003	0.00036	0.00001	-0.00006	0.00026	-0.00003	-0.00012	0.00021	-0.00009	0.00012	0.00015	0.00018	-0.00014	-0.00016	-0.00125	0.00028	-0.00014	-0.00018	0.00031	-0.00007	0.00005	-0.00006	0.00000	-0.00021	0.00008	0.00021	0.00004	-0.00020	0.00001
0.00000	0.00012	-0.00004	-0.00005	0.00014	-0.00003	0.00012	-0.00014	0.00003	0.00024	-0.00012	-0.00002	-0.00016	0.00014	0.00010	0.00025	-0.00055	-0.00018	-0.00004	-0.00006	0.00006	0.00028	0.00009	-0.00008	-0.00037	-0.00014	0.00005	0.00034	-0.00018	-0.00004	0.00026	0.00004	0.00008	-0.00003	-0.00001	-0.00031	-0.00021	-0.00025	-0.00012	-0.00008	-0.00012	-0.00036	0.00031	0.00010	0.00021	-0.00005	-0.00211	-0.00006	-0.00015	-0.00029	0.00038	-0.00012	-0.00013	0.00027	0.00031	-0.00012	-0.00020	-0.00001	-0.00014	-0.00014
-0.00007	-0.00016	0.00015	0.00004	-0.00001	0.00012	0.00004	-0.00008	-0.00008	0.00003	-0.00001	-0.00000	-0.00009	0.00001	-0.00013	-0.00002	0.00010	0.00024	0.00003	-0.00025	0.00035	-0.00000	-0.00001	-0.00011	0.00007	-0.00015	0.00013	0.00003	0.00003	-0.00026	0.00022	-0.00008	0.00052	0.00001	0.00005	-0.00002	-0.00007	-0.00011	0.00007	-0.00037	-0.00023	0.00011	-0.00010	-0.00019	-0.00008	-0.00028	0.00023	-0.00144	0.00000	0.00019	-0.00000	-0.00040	0.00009	0.00033	0.00011	0.00026	-0.00021	-0.00000	-0.00004	-0.00004
0.00026	-0.00020	-0.00037	-0.00007	0.00008	-0.00005	0.00021	0.00017	-0.00026	0.00004	-0.00007	-0.00012	0.00006	0.00032	-0.00021	-0.00011	0.00001	0.00037	0.00009	0.00017	-0.00001	0.00023	0.00009	0.00000	-0.00014	0.00008	-0.00007	0.00006	-0.00032	-0.00017	-0.00011	0.00002	0.00032	0.00021	-0.00001	-0.00017	0.00026	0.00036	0.00010	-0.00013	0.00021	0.00018	-0.00020	0.00013	0.00012	0.00022	0.00021	0.00021	-0.00188	-0.00005	0.00045	-0.00012	-0.00005	0.00004	0.00002	-0.00015	0.00005	0.00025	-0.00020	0.00009
-0.00006	0.00010	0.00001	-0.00014	0.00007	-0.00012	0.00002	-0.00012	0.00015	0.00003	-0.00021	0.00009	0.00006	0.00002	-0.00010	-0.00011	0.00008	-0.00020	-0.00006	-0.00029	-0.00005	-0.00005	-0.00008	0.00013	0.00017	-0.00021	-0.00010	0.00005	-0.00018	0.00005	0.00025	-0.00009	0.00013	-0.00016	-0.00013	0.00007	0.00017	-0.00013	0.00004	-0.00012	0.00022	0.00006	-0.00016	-0.00026	-0.00027	0.00008	0.00003	-0.00017	-0.00031	-0.00118	0.00025	0.00011	-0.00019	-0.00004	-0.00001	-0.00007	-0.00026	-0.00010	-0.00004	0.00036
-0.00007	0.00004	-0.00019	-0.00010	-0.00009	-0.00009	-0.00008	0.00018	-0.00005	0.00021	-0.00014	-0.00001	-0.00004	-0.00017	-0.00017	0.00005	-0.00040	0.00005	0.00006	0.00023	0.00007	-0.00017	-0.00020	0.00012	-0.00029	0.00015	0.00036	-0.00032	0.00011	-0.00045	-0.00006	0.00015	-0.00019	-0.00031	-0.00007	-0.00017	0.00015	0.00018	0.00026	0.00033	-0.00021	-0.00019	-0.00030	-0.00026	-0.00013	-0.00017	-0.00012	-0.00014	-0.00001	0.00007	-0.00168	-0.00010	-0.00044	0.00016	0.00014	-0.00033	0.00019	0.00015	0.00006	-0.00014
0.00004	0.00022	-0.00001	0.00006	0.00011	0.00038	0.00027	-0.00002	0.00008	-0.00027	0.00023	-0.00029	0.00009	-0.00003	0.00032	0.00022	-0.00021	0.00005	-0.00007	0.00027	0.00009	0.00014	0.00023	0.00003	0.00001	0.00028	0.00008	-0.00027	-0.00010	0.00000	0.00011	0.00028	0.00021	0.00025	-0.00013	-0.00008	0.00001	-0.00006	0.00013	0.00010	0.00003	0.00013	0.00025	0.00002	-0.00013	0.00001	0.00038	0.00006	-0.00013	-0.00005	-0.00001	-0.00114	0.00018	0.00010	-0.00009	0.00018	-0.00025	-0.00042	-0.00015	0.00017
-0.00004	0.00023	0.00003	0.00026	-0.00011	0.00035	-0.00009	0.00010	0.00011	-0.00001	0.00038	-0.00043	0.00024	-0.00017	0.00028	0.00021	-0.00054	0.00038	-0.00004	-0.00009	-0.00020	0.00002	-0.00037	0.00003	-0.00049	-0.00032	0.00011	-0.00002	-0.00011	0.00012	-0.00020	0.00024	0.00008	0.00006	0.00016	0.00020	-0.00003	0.00004	0.00012	-0.00006	0.00031	-0.00005	-0.00012	0.00012	0.00018	-0.00013	-0.00006	0.00000	0.00019	0.00027	-0.00016	0.00010	-0.00200	0.00012	-0.00004	0.00012	0.00012	0.00027	-0.00015	0.00003
0.00001	-0.00014	0.00011	0.00042	0.00010	-0.00005	0.00002	0.00008	0.00023	0.00029	0.00010	0.00002	-0.00019	0.00017	-0.00017	-0.00013	0.00039	-0.00002	0.00029	0.00007	0.00016	0.00021	-0.00005	0.00016	0.00032	0.00012	0.00032	0.00001	0.00016	0.00001	-0.00002	0.00029	0.00005	0.00024	0.00002	0.00014	-0.00035	0.00009	0.00044	0.00025	-0.00015	-0.00032	-0.00002	0.00006	0.00020	0.00001	0.00032	-0.00033	-0.00040	-0.00005	-0.00010	0.00010	0.00030	-0.00171	0.00038	-0.00011	-0.00019	0.00017	-0.00006	0.00013
-0.00010	-0.00023	-0.00050	0.00027	-0.00024	-0.00037	0.00009	-0.00033	-0.00008	0.00015	-0.00046	-0.00051	0.00007	0.00007	-0.00035	-0.00014	-0.00014	0.00002	0.00026	0.00003	0.00021	-0.00022	0.00008	-0.00032	-0.00015	-0.00002	0.00001	-0.00025	-0.00001	-0.00008	-0.00014	0.00002	-0.00032	-0.00017	-0.00000	-0.00017	-0.00003	-0.00011	0.00003	0.00024	0.00006	0.00037	-0.00008	0.00004	-0.00036	0.00001	0.00019	-0.00004	-0.00051	-0.00027	-0.00025	0.00003	0.00012	-0.00003	-0.00159	0.00011	0.00003	-0.00009	0.00014	0.00006
0.00008	-0.00010	-0.00025	0.00019	0.00011	0.00026	0.00025	-0.00010	0.00014	0.00003	0.00017	0.00034	-0.00008	0.00035	0.00019	0.00020	-0.00001	0.00005	0.00025	0.00004	0.00023	0.00010	0.00002	0.00011	0.00028	0.00012	0.00027	0.00028	0.00015	0.00026	-0.00012	0.00002	-0.00017	0.00018	-0.00028	-0.00016	0.00006	0.00020	0.00045	0.00013	0.00023	-0.00005	0.00000	0.00002	0.00015	-0.00002	0.00019	-0.00018	0.00023	0.00021	0.00015	0.00012	-0.00004	-0.00004	0.00015	-0.00126	0.00001	-0.00025	0.00002	0.00012
0.00027	0.00014	0.00008	0.00005	-0.00014	-0.00008	0.00015	0.00004	0.00005	0.00004	0.00012	0.00013	-0.00011	0.00011	0.00039	0.00017	-0.00020	0.00014	-0.00009	0.00024	0.00007	0.00027	0.00020	0.00015	-0.00007	0.00006	-0.00006	0.00030	-0.00004	0.00034	-0.00012	-0.00001	0.00000	0.00021	0.00028	0.00036	0.00010	-0.00015	0.00019	0.00018	0.00002	0.00044	-0.00013	-0.00001	0.00003	0.00001	-0.00006	-0.00008	0.00028	-0.00018	-0.00032	0.00008	-0.00044	-0.00003	0.00007	0.00015	-0.00168	0.00011	0.00018	-0.00010
0.00019	-0.00004	0.00020	0.00026	-0.00008	0.00002	0.00020	0.00018	0.00000	0.00017	-0.00007	-0.00024	0.00021	0.00039	0.00026	-0.00019	-0.00054	-0.00001	-0.00014	-0.00028	-0.00038	-0.00049	-0.00013	0.00006	-0.00018	0.00018	-0.00004	-0.00013	-0.00047	0.00004	0.00013	0.00005	-0.00017	0.00007	-0.00022	0.00006	-0.00015	-0.00004	0.00005	0.00020	0.00027	-0.00050	0.00005	-0.00015	0.00003	0.00012	-0.00017	-0.00012	0.00024	-0.00004	-0.00022	-0.00024	0.00002	0.00026	-0.00001	0.00028	-0.00012	-0.00143	-0.00008	-0.00001
0.00023	0.00020	0.00018	0.00009	0.00022	-0.00006	-0.00026	-0.00016	-0.00022	0.00021	-0.00004	0.00040	0.00025	0.00006	-0.00008	-0.00007	-0.00025	0.00026	-0.00025	0.00004	0.00005	0.00007	0.00037	0.00001	0.00049	0.00051	0.00004	0.00005	-0.00013	0.00004	-0.00015	0.00014	0.00019	0.00016	-0.00014	0.00018	0.00034	0.00029	-0.00030	-0.00014	-0.00003	-0.00042	-0.00014	-0.00003	0.00012	-0.00013	0.00000	0.00018	-0.00007	-0.00016	0.00012	-0.00003	0.00022	0.00007	0.00006	-0.00026	0.00017	-0.00007	-0.00126	-0.00002
0.00011	0.00016	0.00005	0.00010	0.00016	0.00040	0.00020	-0.00005	0.00010	0.00014	0.00011	0.00022	0.00036	0.00024	0.00002	0.00025	0.00029	0.00020	0.00024	0.00009	-0.00006	0.00023	0.00012	0.00020	0.00018	0.00011	0.00008	0.00003	0.00019	0.00015	-0.00003	-0.00019	0.00013	0.00027	0.00002	0.00029	0.00040	-0.00018	0.00003	0.00023	-0.00006	-0.00001	0.00019	0.00035	-0.00003	-0.00020	0.00038	0.00027	0.00006	-0.00006	0.00001	0.00007	0.00010	0.00005	0.00016	0.00003	0.00030	0.00046	-0.00052	-0.00185
