0.00000	-0.04630	-0.00000	0.02099	-0.03605	0.07396	0.01219	0.00000	0.06289	-0.12545	0.00186	0.00000	-0.10458	0.04835	-0.00956	-0.00000	0.07199	-0.00000	0.00000	-0.06361	-0.00000	-0.00959	-0.01678	0.08327	-0.00000	0.10974	0.00000	0.00000	0.18845	-0.00000	0.02441	-0.00000	-0.00000	-0.01463	-0.18557	-0.00000	-0.01347	-0.02698	0.00000	-0.00403	0.00000	0.00000	0.06503	-0.00000	-0.10292	0.08583	0.00000	0.08361	0.04755	-0.01168	-0.07958	0.06578	-0.00000	0.00529	0.00000	0.00000	0.01513	-0.02743	-0.00000	-0.11505
0.00000	0.00000	0.07151	0.08827	-0.07369	-0.08953	0.00000	0.07815	0.00000	-0.03466	-0.02162	0.03306	-0.04725	0.15261	-0.03469	0.05022	-0.07039	-0.18179	0.05039	-0.01220	0.13733	0.04776	-0.03471	-0.02389	-0.04251	0.00000	0.08059	0.05165	0.04967	-0.00000	0.03527	-0.06803	0.03100	0.03699	0.15804	0.05854	0.05984	-0.00854	0.07318	0.00563	0.00000	0.11751	0.05492	-0.07601	0.04384	0.11031	0.01685	-0.04680	-0.00000	0.00000	0.16507	-0.04156	0.00000	-0.06580	-0.04524	-0.13727	0.01367	-0.00003	0.00000	0.05405
0.01562	0.02256	0.00000	0.01664	0.00000	0.04147	0.00000	0.00000	0.01034	0.00000	0.03337	0.01942	-0.00572	0.05447	0.01975	0.05607	-0.00000	0.08257	0.06455	0.00000	0.00876	0.00000	0.00000	0.00000	0.00214	-0.00000	0.08921	0.06805	-0.00000	0.09645	0.00000	-0.05037	-0.00000	0.01754	-0.02302	0.08506	0.00000	0.00000	0.10791	0.00616	-0.00000	-0.00676	0.00068	-0.00000	0.01523	0.00000	-0.03288	0.18171	0.08959	0.02587	0.01425	0.22758	0.07341	-0.15434	-0.00000	0.08147	0.00000	-0.01026	-0.00000	0.17962
-0.00000	-0.00000	0.01296	0.00000	0.00000	0.00000	-0.02065	0.00000	-0.00000	-0.00000	-0.09805	-0.00000	0.00000	-0.00000	0.01431	-0.00000	0.01869	0.00000	0.00000	-0.00402	-0.06358	0.00000	0.00000	0.00000	0.08133	0.00000	0.00000	-0.08472	0.03807	0.00126	0.00000	-0.00000	0.04628	-0.00000	0.04310	-0.06245	0.00000	-0.00000	0.01492	0.00242	-0.00000	-0.00493	-0.00000	-0.15028	-0.00000	0.00000	-0.00000	0.00000	0.00000	-0.00307	-0.00000	-0.04715	-0.00000	0.00000	0.08007	0.00000	0.12355	-0.14969	-0.06035	-0.00000
-0.07107	0.00000	-0.00000	-0.04090	0.00000	0.01740	0.08458	0.00000	-0.00457	0.00000	0.00834	0.00000	0.00000	0.00000	-0.00246	0.00000	0.05546	-0.00000	0.00000	-0.01181	0.00000	0.00000	0.00000	-0.14147	0.09327	0.00000	0.02535	-0.00000	0.02405	0.15301	0.00000	0.09749	0.00000	0.04236	-0.00000	0.00000	-0.00000	0.00000	-0.00000	0.00079	-0.00000	-0.00000	-0.01639	0.00000	-0.00000	0.00000	-0.00595	0.00525	-0.04621	0.00000	0.00000	-0.04272	-0.00000	-0.08253	-0.03374	-0.00000	-0.09298	-0.00000	0.00989	-0.18111
-0.00132	0.17436	-0.01092	0.00000	0.07155	0.00000	-0.00000	0.07798	-0.05652	-0.02063	-0.05826	-0.03031	0.00000	0.00000	0.00007	0.07522	0.00000	0.04522	-0.00000	-0.00000	0.00000	-0.00000	0.00581	0.12281	-0.00000	-0.00000	-0.00000	-0.05458	-0.00000	-0.00000	0.00000	-0.00617	-0.00000	-0.00000	0.08777	-0.07125	0.00000	0.00000	0.00000	-0.00000	0.00000	0.00000	0.02415	0.00000	-0.00000	0.03509	-0.00000	0.01592	0.05749	0.03334	-0.00000	0.15510	-0.00000	0.01343	0.01718	0.00000	0.00000	-0.04268	-0.03672	-0.00146
0.00000	-0.00001	0.09015	-0.03669	-0.02956	0.15090	0.00000	-0.05386	0.00000	-0.00000	-0.00464	0.00004	0.00011	0.00000	-0.02211	-0.07765	-0.00000	0.08291	-0.00951	-0.02444	0.03934	0.00693	-0.08539	0.00000	0.12752	0.02995	-0.00000	-0.00000	0.04797	0.06651	0.00000	-0.05269	0.00763	-0.05527	-0.03399	-0.04213	-0.05104	0.00000	0.00578	0.02628	-0.02360	0.25140	-0.00000	0.07202	0.06628	0.03126	0.00000	-0.00000	-0.07901	0.07960	-0.00000	-0.02602	0.00000	0.00386	0.01409	-0.00000	-0.03913	0.04297	-0.00784	0.15660
-0.02461	0.14581	-0.00000	-0.02377	-0.00000	0.14853	0.00000	0.00000	-0.00000	0.00000	0.03100	0.00000	0.12058	-0.11787	0.00321	0.03499	-0.00000	0.00000	-0.03335	-0.01748	-0.00000	0.03838	0.00000	0.00002	0.15593	0.04798	0.01331	0.00000	0.03041	-0.11584	-0.06560	0.00000	0.00000	0.04428	0.00506	-0.03961	-0.02253	0.00000	-0.00000	-0.18845	-0.05930	0.06311	0.00000	-0.02886	-0.02061	-0.00000	0.01809	-0.00000	-0.03695	-0.00000	0.03174	-0.16186	0.03521	0.00000	0.00520	0.08911	-0.10787	-0.01207	0.14758	0.00000
0.00000	0.04171	0.00000	-0.00000	0.00000	-0.02178	0.00889	0.02330	0.00000	0.03470	0.00000	0.05053	0.00000	0.11502	0.12421	0.02373	-0.00000	0.10833	-0.00000	0.00000	-0.06896	0.00000	-0.05019	-0.00473	-0.04809	0.18456	0.00000	0.00000	-0.09942	0.00000	-0.05713	-0.12581	0.09196	0.01921	0.00000	0.00000	0.00832	-0.00000	0.00000	0.07809	0.00000	-0.01135	0.02509	0.08834	-0.00000	-0.00000	0.03312	-0.13474	0.00000	-0.05287	0.00000	0.00000	0.05530	-0.08602	0.03889	-0.00544	0.02694	0.00000	0.00000	-0.13276
0.13772	-0.00000	0.00000	0.02487	0.00000	-0.00000	-0.01343	-0.07195	0.00000	0.00000	0.00000	0.00000	-0.00000	0.00000	-0.00617	-0.00000	-0.00000	-0.06629	0.03248	0.05022	-0.00000	-0.02296	0.17889	0.13003	-0.02515	-0.05946	0.00000	0.01686	-0.05995	0.05311	-0.03350	0.12702	0.03061	0.07792	0.03993	-0.01342	0.00000	0.13047	-0.02834	0.00000	0.00000	-0.00355	0.02075	0.00000	-0.10560	0.02981	-0.03295	-0.04309	0.03749	0.00000	0.09845	0.00000	0.00000	0.15447	0.05009	0.10928	0.00505	-0.00000	0.00000	0.20939
0.00000	0.00000	-0.00000	-0.00000	0.00000	-0.00000	-0.00310	0.00323	-0.00000	0.16284	0.00000	-0.06202	-0.00000	-0.00000	-0.03755	-0.00950	-0.00000	-0.00000	-0.00000	0.22412	-0.00000	0.18983	-0.01572	0.00000	0.00000	-0.00000	-0.00000	-0.00000	-0.10135	0.00000	-0.00000	0.00149	-0.00173	-0.02149	0.00000	0.00000	-0.00000	0.00000	0.00000	-0.00000	-0.00000	0.00743	0.00000	-0.06585	-0.00000	-0.00000	0.00000	-0.00000	0.00000	0.00000	-0.00000	0.00000	0.06084	0.00000	0.00000	0.00000	0.00000	0.00000	0.00000	-0.12452
-0.07884	-0.20823	-0.00575	-0.00000	0.00479	-0.00000	0.03763	0.04817	-0.00000	-0.17649	0.00594	0.00000	0.00000	0.19513	0.01568	0.18667	-0.00000	-0.00000	-0.00926	-0.08699	-0.03467	0.02539	-0.01959	-0.11773	0.00000	0.00000	0.02622	-0.03428	0.08452	0.00000	0.02383	-0.02459	-0.03457	0.00512	-0.02340	0.04572	0.02686	0.00000	0.00000	0.03752	0.00000	-0.00026	-0.06925	-0.00000	0.03220	0.00000	-0.02903	0.00000	-0.00000	-0.09819	0.00701	0.00000	0.00000	0.02862	-0.00000	-0.00000	0.09619	0.01739	0.15572	-0.00000
0.00000	0.01594	0.00622	-0.02739	0.00000	-0.05282	0.00266	0.01906	-0.04702	-0.00000	0.01555	-0.00001	0.00000	0.00000	0.00061	-0.03051	0.08193	0.24323	0.00111	0.00797	-0.08986	-0.00000	0.00196	-0.12817	0.11661	0.00000	0.12568	-0.00000	-0.05246	-0.00000	0.00000	-0.08013	0.12020	-0.07358	-0.00959	-0.00000	-0.00000	0.00000	-0.00000	0.03526	0.00000	0.09432	-0.04264	0.00000	0.09233	0.00000	0.00000	-0.16235	-0.15240	0.01587	-0.00000	0.06279	0.01466	0.00000	0.05697	-0.00000	-0.02158	-0.00000	0.09798	-0.00000
-0.00830	0.00000	0.07267	0.00000	0.00000	0.00000	-0.01259	0.06860	0.00327	-0.00000	0.00000	-0.00000	0.08183	0.00000	0.01518	-0.03235	-0.00000	0.02057	0.04447	0.00000	0.00000	-0.00000	0.00000	0.01555	0.00000	0.11603	-0.08358	-0.04610	-0.03921	-0.00000	-0.00000	-0.00589	0.00001	0.00022	-0.00000	-0.01054	0.07074	-0.13482	-0.08463	-0.01138	-0.00000	0.18216	0.00000	-0.03288	-0.00000	-0.04390	0.07297	-0.01998	0.02329	-0.07105	0.03827	0.01563	0.00000	0.00255	0.02631	0.00000	-0.00000	0.01433	-0.00000	0.02050
0.08044	0.01974	-0.01946	-0.00000	0.08006	0.00000	-0.00496	-0.00000	-0.00000	-0.00000	-0.00000	-0.00000	-0.03314	0.03858	0.00000	-0.00210	-0.08804	-0.00425	0.00000	-0.00000	0.02920	0.01814	0.05135	0.00000	-0.00000	-0.02458	-0.00282	0.00000	0.00018	-0.22282	0.00000	-0.00000	0.01237	-0.01503	-0.04904	0.00316	0.04396	0.11619	0.00384	0.00090	-0.00000	0.07539	-0.00666	-0.13409	-0.06694	-0.09785	-0.00230	-0.00004	0.00000	0.03043	0.02526	-0.00000	-0.07996	-0.00000	-0.02475	-0.00000	-0.00000	0.01674	0.14449	0.03184
0.04741	0.00000	-0.04210	0.00000	0.06497	-0.00000	0.00000	-0.01622	-0.00553	0.17767	-0.01120	0.03766	-0.04108	-0.02249	0.15617	0.00000	0.04218	0.04960	-0.03590	0.10825	-0.00000	0.05607	-0.10142	-0.05804	0.00000	0.00000	0.04620	0.00000	0.00000	0.09211	0.00000	-0.00503	-0.00000	-0.06181	0.00752	-0.00157	-0.05544	-0.01211	0.08131	0.16234	0.04851	-0.07159	-0.00000	-0.01332	-0.07254	-0.02057	0.00000	-0.01041	0.00000	0.00000	0.00794	0.04385	-0.00315	0.00000	-0.00000	0.00000	-0.00000	0.11805	0.02345	0.00192
-0.09673	-0.00633	-0.00152	0.00000	0.04609	0.01141	0.09820	0.12843	-0.03110	-0.00000	-0.00130	0.04329	0.00766	0.02808	0.06263	0.00000	0.00000	0.22409	0.00000	-0.02537	-0.11306	-0.00082	0.00000	0.04446	0.11570	0.08023	0.09344	0.00000	-0.00000	0.07210	-0.00000	-0.01022	-0.09819	0.00023	0.00000	0.01604	0.12468	-0.00000	-0.02219	-0.01987	-0.06910	0.00000	-0.00000	0.00000	-0.00000	-0.00000	0.00000	-0.00000	0.03301	-0.05368	-0.01529	0.23077	0.00000	-0.15682	-0.01093	-0.05981	0.05994	-0.00191	0.10287	0.00000
0.11286	0.03313	0.00000	-0.00000	-0.03805	-0.00005	0.00000	-0.00000	-0.00277	-0.01679	0.00000	0.00000	-0.11422	0.00000	0.07968	-0.01458	-0.07815	0.00000	0.00000	0.00000	0.36854	0.01563	0.00000	0.05436	-0.04471	0.00000	0.00000	-0.00796	-0.03962	0.00000	-0.00000	-0.00000	0.00000	-0.00000	-0.01895	-0.04693	0.08646	0.07239	-0.04624	0.00000	0.00000	-0.00000	-0.00000	0.03771	-0.00000	0.02053	-0.00000	-0.02868	-0.00000	-0.00000	0.03772	-0.03699	0.00000	0.12457	-0.02897	-0.10369	0.00000	0.04674	-0.00000	-0.00587
0.17923	-0.00000	-0.00000	0.00000	0.00000	-0.00000	0.03168	0.00000	0.00000	0.07965	0.02599	-0.02746	0.00000	-0.00000	0.00000	-0.07438	0.00000	-0.00000	0.00000	-0.00000	-0.12774	-0.13412	0.27005	-0.02514	-0.00000	0.01682	-0.00000	0.00000	0.03568	-0.02134	0.06495	-0.08484	-0.00000	0.00000	0.00000	0.08649	0.05794	-0.01571	0.00065	-0.00000	-0.00000	-0.00000	0.03031	-0.00475	0.00000	-0.09422	-0.07244	-0.00000	0.00000	0.03173	-0.16599	0.00000	-0.00000	0.00000	0.02729	0.05418	0.00000	-0.00000	-0.06691	0.02306
0.02547	0.23371	0.03094	-0.06693	-0.06966	-0.06662	-0.02117	0.00000	-0.00000	0.05520	0.05088	0.00909	0.17780	0.00000	-0.04122	0.11683	0.04121	0.17070	0.00000	0.00000	0.00000	-0.00945	-0.03203	-0.00000	0.00078	-0.06931	-0.00000	-0.00000	-0.00000	0.12399	-0.02036	0.00000	0.01660	0.03884	-0.08335	0.00000	-0.00000	0.00000	0.00000	-0.00000	-0.04853	0.00000	-0.05001	0.01968	0.00039	-0.10714	-0.00000	-0.00000	-0.05552	0.00000	0.01247	0.02160	0.00000	-0.00000	0.04572	0.00000	-0.02266	-0.00002	0.23110	0.15973
0.01220	0.00000	0.05672	0.00000	-0.00000	-0.02562	0.05322	-0.00876	-0.04418	0.00000	0.01627	0.00000	0.00000	-0.05575	0.01465	-0.02235	-0.01586	0.00000	-0.04259	0.09755	0.00000	0.09166	0.10751	0.10487	-0.05014	-0.02077	0.00000	0.01518	-0.00000	0.04539	0.04777	0.01274	0.01120	0.00000	0.07612	-0.01450	-0.03291	0.06268	-0.02424	0.00000	0.06332	0.00437	0.03680	-0.00000	-0.08661	0.03386	0.08355	0.07619	0.00710	0.00000	0.03000	-0.00000	-0.01062	0.01284	-0.00000	0.02757	-0.02750	0.06926	0.01278	0.00000
-0.00331	0.01076	0.15724	-0.00000	0.05887	0.00000	0.00000	0.00000	-0.03892	-0.03758	-0.00000	0.07047	-0.00000	0.09624	0.00000	-0.00876	0.00000	-0.00000	-0.00000	0.03496	-0.00000	0.00000	-0.00000	0.04275	0.00702	0.00000	0.00000	-0.01835	-0.01981	-0.00000	-0.00000	0.07195	0.00000	-0.00000	0.01970	0.08047	-0.07322	0.08678	-0.09083	0.00457	0.15514	0.00459	0.12495	-0.19101	0.00000	0.00748	-0.10186	0.00000	-0.06625	0.04510	-0.09658	-0.00000	-0.03485	0.00000	0.00000	0.00001	-0.00008	0.01598	0.00000	-0.05576
0.00197	-0.00000	-0.07935	-0.00000	0.08292	-0.03619	-0.00020	0.02003	-0.07602	0.02535	0.00000	-0.00000	0.09481	-0.04274	-0.00427	0.21168	0.00459	0.00000	0.00000	-0.04999	-0.00000	0.02797	0.00000	-0.01832	0.01116	-0.00000	0.00000	0.00000	0.00822	-0.11794	0.00526	0.01077	-0.00000	-0.10459	-0.03817	0.00548	-0.06333	0.00443	0.00000	-0.03708	0.00398	-0.00065	-0.00628	-0.00077	-0.00000	-0.04629	0.00238	0.00000	0.05012	-0.00000	-0.00000	0.02550	-0.03018	0.00000	-0.00136	0.07782	0.00043	-0.14662	0.05843	-0.13866
0.04901	-0.03131	0.06092	0.01749	-0.05146	-0.00000	0.12169	0.06329	0.00000	0.07038	0.02686	0.02467	0.00000	0.13574	-0.05797	0.00000	-0.07072	-0.01603	0.00282	0.00001	0.09597	0.00000	-0.15831	0.00000	0.05732	0.03835	0.03548	0.09176	0.02296	-0.03545	-0.01231	0.05460	0.08130	-0.06226	0.00532	0.00000	-0.02521	0.03981	0.10486	0.07472	-0.00000	-0.06651	0.00089	-0.00000	0.00000	0.00000	0.04893	0.00938	0.00000	-0.03462	0.02148	0.00000	0.00000	-0.00000	-0.01535	0.03622	-0.00000	0.02623	-0.00000	-0.27879
-0.00000	-0.17656	0.00540	0.03920	-0.05533	-0.09202	-0.07891	0.07278	-0.00000	-0.00000	0.00000	-0.00000	-0.00000	-0.04188	-0.09211	0.00294	0.00000	0.03303	0.00428	0.00000	-0.12616	-0.08226	0.02131	-0.02287	0.00000	0.00486	-0.00000	0.04592	-0.04392	-0.08926	-0.00000	0.00000	-0.06326	0.04666	-0.05542	-0.00000	0.00000	0.01028	-0.02068	-0.00000	0.00000	0.10753	0.00212	-0.06371	-0.12669	-0.09249	-0.07874	-0.09415	0.00000	-0.04777	0.00000	-0.00623	-0.00000	0.00000	-0.00000	0.00000	-0.05041	0.00000	0.00000	0.03077
0.04014	0.00000	0.04887	0.00000	-0.02085	-0.00000	0.08918	-0.03437	0.07347	0.05524	0.00000	0.00000	0.12748	0.02446	0.00000	0.08997	-0.00981	0.00000	0.00000	-0.05277	0.00015	-0.00000	-0.00000	0.00000	0.00001	0.00000	0.13793	-0.00375	0.25232	0.00000	-0.00000	0.20137	0.07916	-0.00000	0.00000	0.05666	-0.03905	0.00000	0.00000	0.00000	-0.00000	-0.11783	0.00151	0.03856	0.00000	0.02929	0.03491	0.06610	0.01069	0.13171	0.00000	-0.02083	0.00000	-0.00000	-0.03758	-0.00000	-0.00000	0.03458	0.04109	-0.10482
0.15649	-0.00000	0.00000	-0.00000	-0.00000	0.15997	0.12488	-0.05590	0.01506	0.04638	-0.00000	-0.02388	0.01880	-0.01273	0.07454	-0.00000	0.06043	0.04538	0.02681	0.00000	0.04796	0.00000	0.00000	0.00000	0.00001	0.03565	0.00000	0.00000	0.00000	0.00000	0.00000	-0.00000	0.00000	-0.08690	-0.00000	-0.00081	0.09720	0.00000	0.00000	0.15414	0.00000	-0.02810	0.00000	0.00000	0.03885	0.09286	0.00000	0.09350	0.06027	0.11892	-0.10046	-0.00000	0.00347	0.00000	-0.00000	-0.06375	-0.05980	-0.00000	0.00000	-0.00000
0.00000	-0.00000	0.00000	0.06919	0.00111	0.02453	-0.06498	0.01222	0.00000	-0.11832	0.00000	0.00000	-0.09090	-0.00000	-0.00000	-0.01447	0.00000	0.08048	0.02025	0.00000	-0.01420	-0.00000	0.00000	0.06130	0.00000	-0.00000	-0.00000	0.00000	-0.15357	0.03668	-0.02020	0.03008	-0.00000	-0.00000	0.00000	-0.00000	0.00000	0.00861	0.00000	0.02301	-0.00268	-0.09477	0.06532	-0.00000	0.07457	0.01348	-0.04638	0.05661	0.07502	-0.00000	0.14043	0.15320	0.00000	-0.00000	0.00044	0.00000	0.00069	0.00000	-0.06295	0.15333
0.00000	0.09243	0.03940	0.00000	-0.03090	0.00000	0.05685	-0.04028	0.03458	0.00948	0.00319	0.00000	0.07595	0.00000	-0.01902	-0.04700	0.17147	0.00000	-0.00490	-0.01631	0.00000	0.00713	0.07848	0.01625	0.11516	-0.01984	0.00008	0.00000	0.00000	0.01901	-0.00000	-0.03900	0.16822	0.00000	-0.08946	-0.01118	0.03993	0.00374	0.17877	0.00000	0.00084	0.00000	0.00000	-0.00000	0.06222	-0.05225	0.01129	0.02561	0.06435	0.06892	-0.06457	-0.00000	-0.00000	0.09343	-0.00002	0.02421	0.00000	0.08394	0.00684	-0.00000
0.00531	0.00000	-0.06734	-0.00643	0.03448	-0.06089	0.02909	0.04190	0.00000	-0.11455	-0.01625	0.00433	0.00001	-0.04548	-0.00000	0.00000	-0.00000	-0.01759	-0.00000	0.02716	-0.18557	-0.21685	-0.00000	-0.00000	-0.00000	-0.00843	0.14348	-0.00747	-0.00000	0.00000	0.05963	-0.00000	-0.13556	0.04795	-0.00000	0.00000	0.04000	0.00000	0.10730	0.06399	-0.01394	-0.15286	0.00000	0.04603	-0.00000	0.00000	-0.06469	0.00000	-0.00000	0.00000	0.04133	0.01686	-0.02656	0.11537	-0.00000	-0.02468	-0.00000	0.02987	0.02942	0.00000
-0.00000	-0.14772	-0.15349	-0.00000	0.00000	0.04006	-0.00000	0.00000	-0.00000	-0.06953	0.00000	-0.00000	0.03958	-0.00000	-0.00010	-0.00000	0.10367	-0.03733	0.01810	-0.15703	0.15855	-0.01128	0.00000	-0.00000	-0.00000	-0.00000	0.03256	0.02864	0.11796	0.00000	0.00000	-0.03051	0.10577	-0.11557	0.04515	0.00000	0.00000	0.07257	0.00000	-0.00000	-0.05801	0.07518	-0.06541	-0.00000	0.07542	-0.00000	0.00000	0.00000	-0.00000	0.00000	-0.04463	-0.13411	-0.00780	-0.00000	-0.00000	0.12111	0.04870	-0.00000	0.00000	0.03711
-0.08407	-0.09458	0.03863	0.00000	0.02159	0.06117	0.05170	-0.03660	0.09236	0.00000	0.00814	-0.00000	-0.03722	-0.00000	0.00710	-0.03863	0.01879	-0.04746	0.03310	-0.06616	-0.06917	0.00821	-0.00000	0.00000	0.07314	-0.00204	0.00000	-0.00000	0.08222	-0.00675	-0.00447	0.00000	-0.08627	0.16132	0.08031	0.00456	0.00941	-0.02752	-0.00000	-0.00000	-0.00000	-0.00000	0.00000	0.08331	-0.02886	-0.06810	-0.00000	-0.00000	0.00910	-0.04776	0.00000	-0.09082	-0.00849	0.00823	0.00000	0.00000	-0.00000	0.03062	-0.14516	-0.00000
0.01191	0.06575	0.00284	-0.00000	0.00000	-0.10182	-0.00000	-0.00000	0.02486	-0.02690	-0.00000	0.00000	-0.00000	-0.06125	0.01321	-0.00000	0.12490	0.09891	-0.00000	0.00000	-0.02859	-0.06333	-0.09192	-0.04452	-0.00000	0.00000	-0.07939	0.00000	-0.00000	-0.00000	0.04120	-0.07669	0.00000	-0.03562	-0.00000	0.00592	-0.00000	0.02668	0.06696	-0.00000	0.02987	0.07428	0.00000	0.01101	-0.00000	-0.15807	0.00000	-0.00000	0.01793	-0.06242	-0.00000	-0.00144	-0.00939	0.00000	0.00000	0.05378	0.00000	-0.04606	-0.00000	0.00000
0.00000	-0.00265	-0.00000	-0.04507	0.04953	0.07714	0.00000	-0.00000	0.00363	0.01486	0.00000	-0.02746	0.00000	-0.03294	0.15473	-0.00000	-0.00974	0.04079	-0.00137	0.00000	0.08738	0.06939	-0.02554	0.06972	0.06652	0.00000	-0.00000	-0.00000	0.04655	0.05522	0.01439	0.11663	-0.07422	0.00000	0.00000	0.00000	-0.00705	0.14241	-0.07096	-0.00000	0.00000	-0.01826	0.00000	-0.00000	0.00000	-0.00000	0.00000	0.04444	-0.01501	0.11799	0.13056	0.00000	-0.00000	0.08985	0.00000	-0.02316	0.03918	0.05729	0.01009	0.00000
-0.00000	0.01858	-0.00000	-0.00000	0.13453	0.01849	0.00000	-0.07373	0.00000	0.00000	0.00166	0.05527	0.15698	-0.04962	-0.00000	0.00000	0.00495	0.09843	0.00000	0.09378	0.00000	0.04525	-0.02974	-0.00000	-0.00000	-0.03655	-0.02534	0.00000	0.00000	0.00838	0.00000	0.00000	0.08885	-0.01328	0.00000	0.01933	-0.00000	0.03015	0.00000	0.00000	-0.03908	-0.00000	-0.00000	0.06968	0.23661	-0.00000	-0.01853	0.00000	-0.00000	0.03922	-0.18157	-0.00000	0.00000	0.00000	-0.00000	0.08053	-0.01636	-0.10062	-0.10458	0.00153
0.09698	-0.00000	-0.03241	-0.04108	0.03291	0.05534	-0.00000	0.21553	-0.00000	0.00794	0.13920	-0.03587	0.13660	-0.01715	0.00000	-0.00000	-0.01207	0.13766	-0.00000	0.04393	0.02197	0.00000	-0.00000	-0.00484	-0.00000	-0.03062	0.02365	0.04458	-0.04090	-0.00000	0.01412	0.10096	0.00000	0.02693	0.05127	0.00000	0.04151	0.02908	0.12218	-0.03768	-0.00000	-0.00000	-0.00000	-0.00525	0.16165	-0.00000	0.09028	-0.00000	-0.13405	-0.00000	0.00000	0.00000	0.00000	0.00000	0.00685	0.10003	0.02115	-0.00000	0.00000	0.00000
0.00000	0.03985	-0.21538	0.05434	0.03736	-0.00000	-0.00279	-0.10917	0.11389	-0.00000	-0.06726	0.00000	0.10029	0.12940	0.05237	-0.07127	-0.00000	-0.06052	0.00000	-0.00000	-0.00000	-0.01748	-0.07686	0.10141	0.00000	0.00000	0.10867	0.00000	0.02107	0.07215	0.00000	-0.00000	-0.03319	0.04972	-0.00000	0.00000	0.00000	-0.00000	0.16383	-0.00000	-0.00433	-0.00000	-0.00000	0.10531	-0.13154	-0.00000	0.00000	0.00000	0.00000	0.01787	0.02695	-0.00000	0.00000	-0.00639	0.01200	0.05205	-0.00000	0.01440	-0.05768	0.01900
0.00000	-0.00000	-0.00000	-0.00764	0.00000	0.00006	0.00000	0.00141	0.00000	-0.08491	0.01818	-0.00000	-0.29106	-0.06778	0.11141	0.00767	0.06656	-0.03416	-0.00000	0.09304	0.00009	0.03307	-0.00000	-0.03049	-0.00000	-0.00000	0.00000	-0.00000	0.02480	-0.05476	0.02900	0.00000	-0.02876	-0.00000	0.00000	0.05417	0.04004	0.00000	-0.16334	-0.00000	0.03608	0.01727	-0.00917	0.02537	0.05519	0.00000	0.00000	0.07543	0.02250	-0.01623	0.01330	-0.01991	0.00000	0.08654	0.00000	0.00000	-0.00000	0.05055	0.00000	-0.00000
0.00000	0.12294	-0.00000	0.00000	-0.00000	-0.00000	-0.00000	0.00000	-0.00000	-0.03234	0.00000	0.01464	0.00062	0.00000	-0.01561	0.06301	-0.03961	-0.00000	0.01456	0.00000	0.00000	-0.07827	0.12390	-0.00053	0.06058	0.00000	0.07138	0.00000	-0.10314	0.00000	0.00000	0.09867	-0.07299	0.19133	0.00000	-0.00659	0.00000	-0.08471	0.00000	0.00000	-0.05230	-0.05955	-0.00000	0.00000	0.00000	-0.01095	-0.02487	0.10012	0.02074	-0.00000	-0.07164	0.04124	-0.00000	0.01645	-0.08634	0.02672	-0.00000	-0.04522	0.00000	-0.02318
0.02815	0.00000	-0.00036	0.00000	-0.00000	0.00000	-0.00000	-0.00000	0.00000	0.00000	-0.01624	-0.00000	0.00000	0.03452	-0.00000	0.00198	0.00000	0.00000	-0.02671	-0.00000	0.02603	-0.00001	-0.00000	0.03133	-0.04788	0.00000	0.00000	-0.00000	-0.00000	0.18101	-0.00000	-0.00000	-0.00000	-0.00000	0.04365	-0.05082	0.00568	-0.07317	0.00000	0.00000	-0.01997	0.00000	0.01449	0.16964	-0.00000	-0.00000	0.00000	-0.00000	0.03387	-0.00000	0.00000	-0.03174	0.08948	0.00000	0.00000	-0.01832	0.00903	0.12212	0.02665	0.15329
0.06056	-0.00000	0.01266	0.00000	-0.08252	0.09788	0.07165	-0.07198	-0.03021	-0.02519	0.00760	-0.02252	-0.00000	-0.00000	-0.03481	-0.02038	0.00000	0.00000	-0.00000	-0.00000	0.00996	-0.00000	-0.00000	-0.09694	0.16262	-0.01485	0.01793	-0.00000	0.08854	0.02226	-0.00000	0.05500	0.03196	0.00000	0.00000	-0.01283	-0.01073	0.08402	-0.00000	0.00000	0.00000	0.00000	0.00000	-0.03567	0.01543	-0.00651	0.02813	0.00779	-0.06010	0.11679	0.04379	0.00000	0.02894	0.00000	-0.00000	-0.10695	0.00000	0.00000	0.00000	0.06563
0.00092	-0.00000	0.11592	0.08071	0.00000	0.14430	0.15040	-0.06713	0.07928	0.00000	-0.00000	-0.01526	0.02565	0.04757	0.14324	-0.03579	0.00407	0.04016	0.00369	0.01446	0.00324	-0.00000	0.11861	-0.00000	0.11083	-0.00000	0.10784	0.00136	-0.00000	0.10184	0.02061	0.11913	0.01638	0.13332	0.01310	0.00687	0.01473	-0.00691	0.00000	-0.00808	-0.01860	0.00000	0.00000	0.29205	0.03478	-0.02454	0.00000	0.14975	-0.00000	0.06946	0.13213	-0.01849	-0.00000	0.04054	-0.00000	0.00000	-0.04719	0.00364	-0.07541	0.02538
0.00000	-0.00000	0.00000	-0.04038	0.00000	0.00000	-0.00000	-0.05271	0.00000	-0.00000	0.00000	-0.07748	-0.05115	-0.00000	0.07169	-0.00890	-0.00000	0.00350	0.00000	0.00000	-0.05750	-0.00000	-0.00000	-0.05015	0.09111	-0.03905	-0.00000	-0.00000	0.03042	-0.00000	-0.00000	0.00000	0.00000	-0.03776	-0.05974	0.02895	0.00000	0.04750	0.00000	-0.00000	0.07160	-0.02415	0.00000	-0.01344	0.07468	-0.04473	-0.00824	0.00000	0.03419	-0.00000	0.00000	-0.00000	0.00000	0.03876	0.00615	0.06875	0.00000	0.03787	0.06820	-0.00000
-0.05051	-0.01235	-0.00000	0.00000	0.00000	0.06485	0.12734	0.07163	0.07051	0.05057	0.00000	0.00000	-0.00000	0.00002	0.04285	0.04933	0.03242	-0.00001	-0.07385	-0.04046	-0.00000	-0.00000	-0.00000	-0.00000	-0.00000	-0.04144	0.00016	0.00000	0.03066	0.00000	-0.11226	0.00000	-0.04103	-0.04744	-0.00688	0.07517	-0.10723	0.00021	-0.14332	0.00000	0.00000	0.00000	-0.03086	0.00000	0.01747	0.10746	-0.00000	0.00000	0.00365	-0.00000	0.00000	0.07461	-0.00201	0.01600	0.00001	0.00000	-0.01256	0.00000	-0.00000	0.00000
-0.00000	0.02643	-0.07565	-0.00006	0.05756	0.00505	-0.07580	0.00000	-0.00001	0.05962	-0.00000	0.00000	-0.04284	0.00000	0.00000	-0.00000	0.00223	-0.12608	-0.00000	-0.12375	0.00000	0.07004	-0.07065	-0.00101	0.02231	0.04720	-0.04249	-0.04209	0.00000	-0.12639	0.00829	0.01220	-0.02762	-0.00000	0.00000	0.00000	-0.02105	0.00001	0.07682	-0.01345	-0.10565	-0.00303	-0.00000	0.03496	0.00000	-0.00000	0.00001	0.00000	0.00000	0.13499	0.11111	-0.04413	0.00000	-0.08725	-0.00000	0.00000	-0.00000	-0.15568	0.07287	0.00000
0.01246	0.00000	0.00000	-0.00000	0.16731	0.00853	-0.00000	-0.00000	0.00003	0.00000	-0.00000	0.00000	-0.05059	0.00000	0.00000	-0.00000	-0.01060	0.12667	-0.04005	0.06713	-0.15516	0.04688	-0.06292	0.00000	0.00000	-0.04254	-0.16937	0.00000	-0.00000	-0.00000	-0.10395	-0.00359	0.00000	-0.00000	-0.00000	0.00000	0.05928	-0.00000	0.01452	-0.00000	-0.05454	-0.15247	-0.00000	-0.00000	0.00000	0.00000	-0.07414	-0.00000	0.01152	-0.00537	-0.09718	0.09929	0.00275	-0.00868	-0.01779	0.00000	0.00000	0.02906	-0.00000	0.00000
0.01849	0.02173	0.00000	-0.04363	-0.00000	0.00000	0.00000	0.00000	-0.00000	-0.10906	0.01412	-0.00000	0.00000	-0.00000	-0.00347	0.00000	-0.11315	0.00000	-0.00000	0.00784	0.09516	0.12262	-0.13456	-0.05191	0.08763	-0.01448	-0.09369	0.00163	-0.00000	0.05114	-0.00000	0.08047	0.00000	0.00000	0.05476	0.00000	-0.00000	-0.10395	0.09992	0.00850	-0.00000	-0.00999	0.03340	-0.00000	0.18015	0.05875	0.00000	-0.05403	-0.00000	-0.00000	-0.00000	-0.00000	-0.00000	0.03755	-0.02017	-0.00000	0.08786	-0.00000	-0.11806	-0.00000
-0.00000	0.02206	0.00769	0.00000	-0.00000	0.14750	-0.08708	0.04360	0.00000	0.09619	0.01009	-0.00738	0.00397	-0.06520	0.14418	0.00000	0.00000	-0.00000	-0.03146	-0.05090	0.03605	0.00000	-0.00000	-0.02083	0.06102	-0.00937	0.21088	-0.00000	0.03075	0.07327	0.00000	-0.00000	-0.03795	0.02582	-0.00000	0.02570	-0.09957	0.00000	-0.02612	-0.00000	0.01520	-0.03407	0.00970	-0.09269	-0.00200	0.00000	0.03633	0.00000	0.01954	-0.00000	0.12863	0.00000	0.00000	0.00000	0.00000	-0.00000	0.07332	0.00000	0.03843	0.11058
0.10230	0.00536	0.13784	0.00874	0.00000	0.04685	0.00000	-0.00000	0.00000	0.17246	-0.00000	-0.00000	0.04569	-0.00309	0.00000	-0.00000	-0.00000	0.00000	0.05829	-0.00000	-0.00000	-0.00406	-0.00038	-0.22558	0.07444	0.00000	0.00033	-0.12814	0.00105	0.06033	-0.00000	-0.00000	0.07894	0.00000	0.06122	0.06635	-0.00191	0.04477	0.05397	-0.00000	0.00000	0.00000	0.00000	0.08801	-0.00000	-0.09760	0.06170	0.01609	0.00000	-0.00000	-0.02058	-0.18822	0.00000	-0.13719	-0.00000	-0.05519	0.00000	0.00000	-0.02715	-0.00000
0.04162	0.15936	-0.02472	0.00000	0.00000	-0.02899	0.00000	-0.05263	-0.00000	0.00000	0.00000	-0.00000	0.05030	0.00000	-0.06521	0.00000	-0.00000	-0.00000	0.16049	0.07430	0.13201	0.08544	0.03000	-0.07261	0.14590	0.03524	0.01141	0.00000	0.04113	0.01995	0.00000	0.02598	0.09790	0.03398	0.00000	0.03323	-0.00000	-0.08989	0.00000	-0.00720	0.00000	-0.00000	-0.03498	0.03808	0.01352	0.09305	0.13752	0.06389	0.03655	0.00000	-0.05786	-0.06206	0.07058	0.00000	0.02893	0.00000	0.05214	0.00000	-0.05593	-0.04906
0.05037	-0.18791	0.00896	0.00000	-0.00000	-0.01163	0.04684	-0.00000	0.12984	-0.00000	0.04558	-0.00000	0.14328	0.06877	-0.15121	0.00000	-0.00000	-0.00000	-0.06214	-0.00000	0.00000	0.00328	0.04278	0.00717	-0.05172	-0.02681	-0.03956	0.00000	0.03669	0.08506	-0.00000	-0.00000	-0.00000	-0.01866	0.00000	0.00000	0.00000	-0.00000	0.07455	0.07747	0.00000	0.01693	-0.05455	-0.00000	0.04616	-0.00000	-0.00000	0.00000	0.00297	0.12178	0.00000	-0.00019	0.00000	0.02126	0.00000	0.02357	0.00842	0.00000	-0.01603	0.00000
-0.10817	-0.05325	0.07595	-0.00000	-0.00000	-0.00000	0.05527	0.09049	-0.00000	0.05012	0.00271	-0.01714	0.01646	0.04704	0.00000	0.05816	0.08214	0.00000	0.06707	-0.01983	-0.00000	0.03434	0.09024	0.09529	0.03038	0.00000	0.00000	0.10341	0.14296	0.00000	0.00000	0.04030	-0.00359	-0.02822	0.00000	0.04790	0.03771	0.00000	-0.04363	-0.09816	0.03030	0.07631	0.00000	-0.09840	0.00622	0.00000	-0.02580	-0.07768	0.00000	0.00000	0.04189	0.00000	-0.00424	-0.07429	-0.00000	-0.04135	0.09610	0.08647	-0.00306	0.07756
0.00616	0.04477	-0.00000	-0.00000	0.00000	-0.00000	0.00000	-0.05746	0.12609	0.25110	-0.04263	0.00000	0.07676	0.00000	0.00000	-0.06110	-0.15349	0.07265	-0.02370	0.00000	0.00000	-0.00000	-0.00000	-0.00000	0.00000	0.00000	-0.01622	-0.00615	0.03636	-0.00000	0.00000	-0.00000	-0.00000	0.12724	0.02093	-0.00000	0.07318	-0.03381	0.15587	-0.00000	0.00000	0.00000	0.07550	0.19445	0.00000	0.00751	0.00000	-0.00000	0.00000	0.00000	-0.01447	0.03981	0.00000	-0.13832	-0.00000	0.00000	0.00000	0.00000	-0.03380	0.00000
0.03200	0.08961	0.00000	-0.02930	-0.02094	0.01580	-0.23076	0.02325	-0.11387	-0.00000	-0.05884	-0.04743	-0.00392	-0.00000	0.00000	0.02653	0.10869	-0.06976	-0.09172	-0.00000	-0.16463	0.00419	0.30061	-0.04962	-0.00000	-0.02466	-0.15024	-0.06797	0.00000	-0.10150	0.11842	-0.00000	-0.00000	-0.16978	-0.00000	-0.01526	-0.10362	-0.05065	0.06768	0.03156	0.00000	0.08606	-0.00153	-0.12957	-0.07242	-0.01974	0.10541	0.01482	0.00000	0.01727	-0.10587	-0.00000	-0.04430	0.00000	0.00000	-0.00000	-0.04390	-0.00000	-0.00000	-0.00000
0.00000	-0.00000	-0.00000	-0.00000	-0.06576	-0.00000	-0.26720	-0.05739	0.00000	-0.00000	0.00000	-0.03486	0.19946	0.14900	-0.02027	-0.06247	-0.00000	-0.00000	-0.00000	0.08313	-0.06370	-0.00000	-0.00000	0.00000	0.00000	-0.04624	-0.00000	-0.00000	0.00000	-0.00000	-0.00000	-0.00000	-0.00000	0.00000	0.00000	-0.04302	-0.04864	-0.07050	0.00000	-0.04639	0.00000	-0.00000	0.01471	-0.00147	-0.02917	-0.00000	-0.05699	0.03355	0.00000	0.00000	-0.03942	-0.17102	0.00000	-0.00000	0.00000	-0.00000	0.00000	-0.00000	0.00000	0.10415
-0.13529	-0.00184	-0.03522	-0.00300	0.04295	-0.00000	-0.00000	-0.00000	-0.00000	-0.00000	0.00000	-0.00986	0.00000	-0.08005	-0.00000	-0.00000	0.04337	0.00000	0.00000	0.11458	0.00000	-0.13750	0.00314	0.00000	-0.00000	0.00487	-0.00000	-0.00000	0.13038	0.00000	0.06006	-0.00017	-0.00000	0.00000	0.07280	-0.00000	-0.00000	0.00692	0.00000	0.00000	0.06191	-0.03000	0.00000	0.15807	-0.00500	0.18899	-0.00000	0.04998	0.18575	-0.13728	-0.05029	0.01951	-0.00006	-0.00000	-0.00000	0.00000	0.00000	-0.02922	0.00000	-0.00000
-0.13844	0.09800	-0.00000	0.01300	-0.04751	0.02318	0.00000	0.02195	-0.00000	-0.00000	0.00317	0.04940	0.05626	0.07794	-0.00000	-0.13013	0.12159	0.13276	-0.05584	-0.05643	-0.11705	0.03103	0.04317	-0.00007	-0.16793	-0.02241	-0.03690	-0.00000	-0.05054	-0.00000	0.00571	-0.10539	-0.03338	0.00000	-0.01043	-0.00000	-0.06007	0.04087	-0.00565	-0.00287	0.07876	-0.04312	0.00000	-0.00799	-0.00000	0.00000	0.02550	0.17769	-0.00000	0.00000	0.12853	-0.00000	0.02876	-0.03930	0.10510	-0.00445	0.00000	0.00864	-0.05705	0.00022
0.00000	-0.02463	-0.10172	-0.01806	0.00000	-0.01655	0.01515	-0.00000	0.00000	0.12131	0.00000	0.06980	0.00000	-0.06180	0.02177	-0.05178	-0.01884	0.02022	-0.00000	-0.00001	0.09550	0.16612	-0.00000	-0.00543	0.02784	-0.00000	0.18250	-0.06621	0.00000	0.00000	-0.00110	-0.05185	0.00610	0.05145	-0.00000	-0.02965	-0.09251	0.03757	-0.08639	0.14399	0.01272	-0.01571	-0.01855	0.01635	0.06883	0.04066	0.05625	-0.09446	-0.04822	-0.03966	0.00000	-0.07520	0.05084	-0.00000	0.02810	-0.01290	0.02141	0.00000	0.01950	0.01206
-0.04986	0.00000	-0.01790	-0.00976	0.07231	-0.00000	-0.05178	-0.00270	-0.00592	0.10641	-0.00000	0.00000	0.06812	0.00000	-0.02428	-0.05124	-0.00000	0.00542	-0.00000	0.00000	0.01403	0.00000	0.00000	0.04058	0.00000	0.00198	-0.00000	-0.00000	0.15051	0.00000	-0.00009	-0.05592	-0.02868	-0.00000	0.00000	-0.00000	0.00000	-0.04883	0.03654	-0.03526	-0.02340	0.00933	-0.00305	0.07660	0.03992	-0.00000	0.00000	-0.02392	-0.00000	-0.06903	-0.00000	-0.00000	-0.00321	0.00000	-0.00000	0.00000	0.07613	-0.00000	0.00000	0.10970
0.07856	-0.00000	0.00000	-0.00000	0.00000	-0.00877	0.00000	0.01253	-0.02951	-0.00000	-0.00000	0.00000	0.09816	-0.00000	0.00000	0.00000	-0.00000	-0.00000	0.00000	0.15195	-0.00000	0.00000	0.00502	0.01492	-0.13566	-0.00000	-0.01621	-0.01269	-0.05216	-0.04033	0.04494	-0.01716	-0.00000	0.14333	0.03054	-0.07957	0.03173	0.00000	0.06631	-0.04977	0.09357	0.00000	0.00000	0.18683	0.06046	-0.00000	-0.02338	-0.00028	0.00370	-0.06898	0.03528	-0.00000	-0.01156	0.02271	-0.00000	0.07503	-0.00000	-0.04446	-0.08125	0.00000
