1 	 0.000600 
3 	 0.000800 
4 	 0.000600 
5 	 0.001000 
6 	 0.001200 
7 	 0.001000 
8 	 0.001000 
9 	 0.001000 
10 	 0.001000 
12 	 0.001000 
14 	 0.000600 
15 	 0.001000 
17 	 0.000600 
18 	 0.000900 
20 	 0.000500 
22 	 0.000900 
26 	 0.001000 
28 	 0.000600 
29 	 0.001100 
30 	 0.000900 
31 	 0.001000 
33 	 0.001100 
37 	 0.000600 
40 	 0.000800 
41 	 0.000800 
45 	 0.000600 
47 	 0.000600 
51 	 0.000800 
55 	 0.001200 
58 	 0.001000 
59 	 0.001000 
60 	 0.001000 
61 	 0.000600 
62 	 0.000900 
64 	 0.000800 
66 	 0.000800 
68 	 0.000900 
71 	 0.000900 
72 	 0.000600 
74 	 0.001000 
78 	 0.001200 
80 	 0.001000 
84 	 0.001000 
85 	 0.001000 
87 	 0.001000 
88 	 0.001000 
92 	 0.001200 
93 	 0.001200 
98 	 0.000800 
102 	 0.000900 
103 	 0.000800 
105 	 0.001100 
106 	 0.000800 
110 	 0.001100 
111 	 0.001200 
114 	 0.000900 
115 	 0.000600 
118 	 0.001000 
119 	 0.000900 
124 	 0.000900 
126 	 0.000600 
129 	 0.001100 
131 	 0.001000 
133 	 0.000800 
134 	 0.000800 
135 	 0.000800 
136 	 0.001200 
137 	 0.000900 
138 	 0.000900 
139 	 0.001000 
142 	 0.001200 
144 	 0.000800 
147 	 0.000800 
148 	 0.001100 
150 	 0.000900 
151 	 0.000600 
155 	 0.000900 
156 	 0.000900 
157 	 0.000900 
170 	 0.000900 
173 	 0.001000 
176 	 0.001200 
180 	 0.001000 
181 	 0.001000 
183 	 0.001000 
185 	 0.000800 
189 	 0.001000 
191 	 0.000600 
193 	 0.000600 
196 	 0.000600 
198 	 0.000900 
208 	 0.001000 
210 	 0.000800 
211 	 0.000600 
212 	 0.001200 
213 	 0.001000 
217 	 0.000900 
220 	 0.001200 
224 	 0.000600 
225 	 0.001000 
226 	 0.001000 
227 	 0.000500 
233 	 0.000900 
234 	 0.001000 
235 	 0.000800 
236 	 0.000900 
238 	 0.000900 
240 	 0.001000 
246 	 0.001100 
247 	 0.000800 
248 	 0.000800 
251 	 0.001000 
252 	 0.001100 
253 	 0.001100 
257 	 0.000900 
259 	 0.000600 
260 	 0.000800 
263 	 0.000800 
265 	 0.000900 
266 	 0.001000 
267 	 0.000800 
268 	 0.000500 
269 	 0.000900 
270 	 0.000800 
273 	 0.001000 
276 	 0.000800 
283 	 0.001000 
285 	 0.000900 
288 	 0.000800 
291 	 0.000900 
292 	 0.001200 
294 	 0.001100 
297 	 0.001200 
299 	 0.001100 
302 	 0.000800 
303 	 0.000800 
304 	 0.001200 
307 	 0.001000 
310 	 0.001200 
313 	 0.000800 
314 	 0.000900 
316 	 0.001000 
318 	 0.001000 
320 	 0.000900 
321 	 0.000600 
322 	 0.000800 
328 	 0.001100 
329 	 0.001100 
330 	 0.001000 
331 	 0.000600 
335 	 0.001100 
338 	 0.000900 
340 	 0.001100 
342 	 0.001000 
343 	 0.001100 
348 	 0.000900 
349 	 0.001200 
350 	 0.000800 
353 	 0.000800 
355 	 0.001000 
357 	 0.000800 
358 	 0.001100 
359 	 0.001100 
366 	 0.000800 
367 	 0.000800 
373 	 0.000900 
376 	 0.000900 
379 	 0.000900 
382 	 0.000800 
384 	 0.000800 
387 	 0.000900 
389 	 0.001000 
391 	 0.001000 
392 	 0.000600 
393 	 0.000800 
398 	 0.000600 
399 	 0.000900 
400 	 0.001000 
401 	 0.001200 
403 	 0.001100 
407 	 0.001100 
408 	 0.001000 
411 	 0.001100 
413 	 0.000900 
415 	 0.000600 
417 	 0.001000 
421 	 0.000800 
424 	 0.001000 
426 	 0.000800 
428 	 0.001100 
429 	 0.001000 
432 	 0.000900 
439 	 0.001000 
441 	 0.000800 
444 	 0.001100 
446 	 0.001200 
448 	 0.000800 
450 	 0.000600 
451 	 0.001100 
453 	 0.001000 
454 	 0.001200 
457 	 0.001200 
459 	 0.001000 
466 	 0.000800 
468 	 0.001200 
470 	 0.000600 
476 	 0.000800 
477 	 0.001000 
478 	 0.000900 
479 	 0.001000 
485 	 0.000900 
487 	 0.000800 
488 	 0.001000 
491 	 0.000900 
492 	 0.000600 
493 	 0.000900 
494 	 0.000800 
495 	 0.001000 
496 	 0.000600 
497 	 0.001000 
499 	 0.000800 
503 	 0.001100 
507 	 0.001000 
508 	 0.000600 
511 	 0.001000 
513 	 0.000800 
514 	 0.000600 
515 	 0.000900 
516 	 0.000900 
517 	 0.000600 
518 	 0.001000 
522 	 0.000600 
524 	 0.000800 
525 	 0.000900 
533 	 0.001200 
537 	 0.000900 
538 	 0.000600 
539 	 0.000600 
540 	 0.000900 
541 	 0.001000 
543 	 0.001100 
544 	 0.000600 
545 	 0.000900 
548 	 0.000600 
549 	 0.000900 
550 	 0.000900 
563 	 0.000600 
566 	 0.001100 
567 	 0.001100 
568 	 0.000900 
569 	 0.001100 
570 	 0.001200 
572 	 0.000900 
574 	 0.000800 
575 	 0.001100 
577 	 0.000900 
579 	 0.000800 
581 	 0.000900 
582 	 0.000500 
584 	 0.001100 
585 	 0.001200 
587 	 0.001200 
588 	 0.001100 
589 	 0.000600 
590 	 0.001000 
594 	 0.000600 
597 	 0.001000 
598 	 0.001100 
602 	 0.001200 
603 	 0.001000 
604 	 0.001000 
607 	 0.000600 
608 	 0.001000 
612 	 0.001200 
613 	 0.000800 
622 	 0.001000 
623 	 0.000500 
624 	 0.000800 
627 	 0.001000 
629 	 0.001000 
635 	 0.000800 
640 	 0.000800 
643 	 0.001000 
644 	 0.001000 
645 	 0.001000 
646 	 0.001000 
648 	 0.001000 
651 	 0.000900 
652 	 0.000600 
653 	 0.001000 
655 	 0.001200 
656 	 0.000800 
660 	 0.000900 
669 	 0.000900 
675 	 0.000900 
676 	 0.001000 
678 	 0.000900 
679 	 0.000800 
681 	 0.001000 
682 	 0.000500 
684 	 0.000600 
685 	 0.000800 
686 	 0.001100 
688 	 0.001000 
689 	 0.001100 
690 	 0.000900 
691 	 0.000900 
692 	 0.000800 
694 	 0.001200 
695 	 0.001100 
696 	 0.001000 
704 	 0.001000 
705 	 0.000600 
706 	 0.000800 
707 	 0.000900 
709 	 0.001000 
710 	 0.000900 
717 	 0.000900 
725 	 0.001100 
727 	 0.001000 
728 	 0.000900 
729 	 0.000800 
730 	 0.000800 
731 	 0.001000 
733 	 0.001000 
734 	 0.001000 
735 	 0.001000 
736 	 0.001100 
737 	 0.001100 
739 	 0.001000 
740 	 0.000800 
741 	 0.000600 
742 	 0.000900 
744 	 0.001200 
747 	 0.001000 
748 	 0.000900 
749 	 0.001000 
750 	 0.001200 
753 	 0.000800 
754 	 0.000600 
759 	 0.001000 
765 	 0.001200 
766 	 0.001200 
768 	 0.000900 
774 	 0.001100 
779 	 0.000600 
780 	 0.001000 
781 	 0.000800 
784 	 0.000800 
785 	 0.000800 
787 	 0.000900 
790 	 0.000800 
792 	 0.001000 
793 	 0.001100 
795 	 0.001200 
796 	 0.001100 
797 	 0.000800 
798 	 0.001100 
801 	 0.001000 
802 	 0.000800 
804 	 0.000900 
805 	 0.001000 
806 	 0.001000 
808 	 0.000800 
811 	 0.000500 
813 	 0.000900 
814 	 0.001200 
816 	 0.001000 
818 	 0.000900 
819 	 0.001100 
823 	 0.001100 
828 	 0.001100 
834 	 0.000800 
835 	 0.000600 
837 	 0.001200 
839 	 0.000900 
840 	 0.000600 
841 	 0.001000 
843 	 0.000800 
845 	 0.000900 
846 	 0.001000 
848 	 0.000800 
851 	 0.000600 
853 	 0.001000 
854 	 0.000800 
855 	 0.000900 
856 	 0.000800 
857 	 0.001000 
859 	 0.000600 
862 	 0.000900 
863 	 0.001000 
868 	 0.001000 
869 	 0.000800 
872 	 0.001000 
874 	 0.000600 
879 	 0.000800 
881 	 0.000600 
882 	 0.001000 
884 	 0.000600 
892 	 0.001000 
894 	 0.000800 
896 	 0.001000 
898 	 0.001200 
899 	 0.001000 
900 	 0.001000 
902 	 0.001000 
904 	 0.001100 
910 	 0.000900 
911 	 0.001100 
912 	 0.000600 
915 	 0.000800 
916 	 0.001000 
920 	 0.000800 
921 	 0.001000 
926 	 0.000900 
927 	 0.000800 
928 	 0.000900 
929 	 0.000800 
932 	 0.001000 
933 	 0.000800 
936 	 0.000900 
939 	 0.000800 
940 	 0.001000 
941 	 0.001000 
943 	 0.001000 
946 	 0.001000 
947 	 0.001200 
950 	 0.001000 
951 	 0.001000 
952 	 0.001100 
956 	 0.001200 
959 	 0.000800 
962 	 0.000600 
965 	 0.000800 
966 	 0.001000 
968 	 0.001000 
969 	 0.000600 
970 	 0.000800 
971 	 0.000800 
972 	 0.001000 
973 	 0.001000 
976 	 0.000600 
977 	 0.000900 
978 	 0.000600 
982 	 0.000900 
983 	 0.000600 
985 	 0.001000 
986 	 0.000600 
987 	 0.000600 
988 	 0.000600 
990 	 0.001000 
991 	 0.000800 
992 	 0.000600 
996 	 0.000800 
997 	 0.000600 
1002 	 0.001000 
1005 	 0.000900 
1006 	 0.000800 
1007 	 0.001100 
1008 	 0.001000 
1009 	 0.000800 
1015 	 0.001100 
1016 	 0.000800 
1018 	 0.000600 
1020 	 0.001200 
1022 	 0.001200 
1023 	 0.001200 
1024 	 0.000800 
1025 	 0.000900 
1026 	 0.001200 
1027 	 0.000900 
1029 	 0.000800 
1031 	 0.001000 
1032 	 0.000800 
1033 	 0.000800 
1038 	 0.000600 
1043 	 0.000900 
1044 	 0.001200 
1049 	 0.001200 
1050 	 0.001100 
1052 	 0.000500 
1056 	 0.000800 
1058 	 0.000900 
1062 	 0.001000 
1064 	 0.001000 
1067 	 0.000800 
1068 	 0.000900 
1071 	 0.001200 
1074 	 0.000800 
1076 	 0.000900 
1078 	 0.000800 
1079 	 0.001000 
1082 	 0.000900 
1086 	 0.001200 
1087 	 0.000900 
1088 	 0.000800 
1089 	 0.001100 
1092 	 0.001100 
1093 	 0.000900 
1094 	 0.000900 
1097 	 0.001000 
1107 	 0.000900 
1113 	 0.000600 
1114 	 0.000900 
1120 	 0.000800 
1121 	 0.000800 
1122 	 0.001100 
1123 	 0.000800 
1124 	 0.000800 
1127 	 0.000800 
1129 	 0.000800 
1132 	 0.001000 
1133 	 0.001100 
1134 	 0.001200 
1135 	 0.000500 
1136 	 0.001000 
1137 	 0.001000 
1138 	 0.001200 
1140 	 0.001000 
1143 	 0.000600 
1144 	 0.001000 
1145 	 0.000800 
1147 	 0.000800 
1148 	 0.001000 
1152 	 0.000800 
1153 	 0.000900 
1155 	 0.001200 
1156 	 0.000800 
1157 	 0.001000 
1158 	 0.000800 
1159 	 0.000600 
1160 	 0.000800 
1162 	 0.000900 
1164 	 0.001200 
1165 	 0.001000 
1173 	 0.001000 
1174 	 0.000600 
1175 	 0.000900 
1177 	 0.000800 
1178 	 0.000800 
1180 	 0.001000 
1181 	 0.001000 
1182 	 0.000800 
1183 	 0.001000 
1186 	 0.000600 
1189 	 0.001200 
1195 	 0.000800 
1197 	 0.000800 
1200 	 0.001200 
1201 	 0.000900 
1202 	 0.001100 
1207 	 0.000600 
1209 	 0.000800 
1210 	 0.001000 
1211 	 0.001000 
1214 	 0.000900 
1215 	 0.001100 
1218 	 0.000900 
1220 	 0.001000 
1222 	 0.001000 
1223 	 0.000900 
1225 	 0.000600 
1226 	 0.001000 
1229 	 0.001000 
1230 	 0.001000 
1233 	 0.001000 
1234 	 0.000900 
1235 	 0.000900 
1238 	 0.001000 
1240 	 0.000900 
1242 	 0.001200 
1246 	 0.001100 
1248 	 0.001000 
1251 	 0.001100 
1254 	 0.001000 
1255 	 0.000600 
1256 	 0.001000 
1257 	 0.000800 
1258 	 0.001000 
1260 	 0.001000 
1266 	 0.001000 
1267 	 0.000900 
1270 	 0.001100 
1273 	 0.000900 
1280 	 0.001000 
1283 	 0.000800 
1285 	 0.001100 
1286 	 0.001000 
1287 	 0.001100 
1288 	 0.001000 
1290 	 0.001200 
1294 	 0.000900 
1296 	 0.000800 
1298 	 0.000800 
1299 	 0.000600 
1300 	 0.001100 
1301 	 0.000900 
1302 	 0.000900 
1305 	 0.000500 
1306 	 0.001200 
1307 	 0.000600 
1311 	 0.000900 
1314 	 0.000800 
1315 	 0.000900 
1318 	 0.000900 
1319 	 0.001200 
1321 	 0.000800 
1323 	 0.000900 
1330 	 0.001000 
1331 	 0.000800 
1335 	 0.001200 
1336 	 0.001200 
1337 	 0.000900 
1339 	 0.000600 
1340 	 0.001000 
1346 	 0.000900 
1347 	 0.000900 
1349 	 0.000800 
1351 	 0.001000 
1354 	 0.001200 
1359 	 0.001000 
1360 	 0.000600 
1362 	 0.000900 
1363 	 0.000900 
1368 	 0.000900 
1369 	 0.000900 
1374 	 0.000600 
1375 	 0.000900 
1376 	 0.001200 
1377 	 0.000800 
1379 	 0.000800 
1380 	 0.000900 
1383 	 0.001000 
1385 	 0.000800 
1388 	 0.000800 
1391 	 0.001000 
1392 	 0.000800 
1395 	 0.000900 
1396 	 0.001000 
1397 	 0.000800 
1398 	 0.001000 
1399 	 0.000800 
1400 	 0.000800 
1401 	 0.000800 
1403 	 0.000900 
1404 	 0.000900 
1406 	 0.000800 
1409 	 0.001000 
1411 	 0.000600 
1415 	 0.000900 
1416 	 0.000900 
1419 	 0.001100 
1421 	 0.001000 
1422 	 0.000600 
1423 	 0.000600 
1424 	 0.001000 
1427 	 0.001000 
1428 	 0.000800 
1430 	 0.000600 
1431 	 0.001200 
1435 	 0.001000 
1437 	 0.000800 
1438 	 0.001000 
1439 	 0.000600 
1440 	 0.000800 
1441 	 0.001000 
1445 	 0.000800 
1448 	 0.000600 
1451 	 0.001200 
1452 	 0.000600 
1453 	 0.001000 
1454 	 0.001000 
1460 	 0.000600 
1467 	 0.001000 
1468 	 0.000600 
1469 	 0.001100 
1470 	 0.000800 
1475 	 0.000800 
1478 	 0.000600 
1479 	 0.001000 
1480 	 0.001200 
1486 	 0.001200 
1489 	 0.000900 
1491 	 0.001200 
1492 	 0.000900 
1494 	 0.001100 
1496 	 0.000900 
1500 	 0.000600 
1507 	 0.000900 
1508 	 0.000900 
1511 	 0.000900 
1513 	 0.001200 
1517 	 0.000800 
1518 	 0.000900 
1519 	 0.000800 
1521 	 0.000500 
1522 	 0.000900 
1523 	 0.000900 
1527 	 0.000800 
1529 	 0.000900 
1530 	 0.001000 
1534 	 0.001200 
1535 	 0.000800 
1539 	 0.000600 
1540 	 0.000900 
1543 	 0.000800 
1545 	 0.001000 
1546 	 0.001200 
1547 	 0.001200 
1548 	 0.001000 
1552 	 0.001100 
1555 	 0.000900 
1557 	 0.001100 
1558 	 0.000800 
1559 	 0.001000 
1561 	 0.001000 
1562 	 0.001100 
1564 	 0.000800 
1565 	 0.000800 
1566 	 0.000800 
1571 	 0.001000 
1572 	 0.000800 
1577 	 0.000900 
1578 	 0.000900 
1582 	 0.001200 
1584 	 0.000900 
1586 	 0.000800 
1588 	 0.001200 
1590 	 0.001200 
1592 	 0.000900 
1596 	 0.000600 
1601 	 0.000800 
1602 	 0.000900 
1605 	 0.001100 
1607 	 0.000900 
1610 	 0.001000 
1611 	 0.000800 
1613 	 0.000900 
1618 	 0.000800 
1619 	 0.000800 
1621 	 0.000800 
1623 	 0.001100 
1625 	 0.001200 
1630 	 0.000900 
1631 	 0.001000 
1632 	 0.001000 
1635 	 0.001000 
1637 	 0.000800 
1638 	 0.000800 
1640 	 0.001000 
1641 	 0.001200 
1642 	 0.000800 
1643 	 0.000800 
1645 	 0.001000 
1646 	 0.000600 
1648 	 0.001100 
1649 	 0.001100 
1650 	 0.001000 
1656 	 0.000800 
1658 	 0.001000 
1659 	 0.000600 
1660 	 0.000600 
1662 	 0.000900 
1666 	 0.000800 
1674 	 0.000600 
1675 	 0.000900 
1676 	 0.000800 
1680 	 0.000600 
1681 	 0.000800 
1686 	 0.001000 
1687 	 0.001200 
1690 	 0.001000 
1693 	 0.001000 
1694 	 0.000600 
1696 	 0.001000 
1700 	 0.000900 
1701 	 0.000900 
1703 	 0.001200 
1704 	 0.001200 
1706 	 0.000800 
1710 	 0.000600 
1712 	 0.001000 
1713 	 0.001200 
1715 	 0.000600 
1716 	 0.000600 
1718 	 0.001000 
1719 	 0.000800 
1722 	 0.000600 
1723 	 0.000900 
1727 	 0.000900 
1730 	 0.000600 
1732 	 0.001200 
1734 	 0.000600 
1737 	 0.001100 
1738 	 0.000600 
1739 	 0.001100 
1741 	 0.001000 
1743 	 0.001000 
1747 	 0.000900 
1750 	 0.000900 
1751 	 0.000600 
1753 	 0.001000 
1755 	 0.000900 
1757 	 0.001000 
1759 	 0.000800 
1760 	 0.001100 
1761 	 0.001000 
1763 	 0.000900 
1765 	 0.000800 
1766 	 0.001000 
1767 	 0.001000 
1769 	 0.001200 
1773 	 0.001200 
1775 	 0.000900 
1776 	 0.001000 
1778 	 0.001100 
1779 	 0.001000 
1781 	 0.001000 
1782 	 0.001000 
1783 	 0.000600 
1789 	 0.001100 
1790 	 0.001200 
1791 	 0.000900 
1792 	 0.000800 
1793 	 0.001100 
1794 	 0.000600 
1795 	 0.001000 
1797 	 0.000800 
1799 	 0.000600 
1801 	 0.000600 
1802 	 0.000500 
1803 	 0.001100 
1804 	 0.001200 
1805 	 0.000900 
1806 	 0.001200 
1807 	 0.000900 
1809 	 0.001100 
1811 	 0.001200 
1818 	 0.001100 
1820 	 0.000900 
1821 	 0.001000 
1823 	 0.001200 
1826 	 0.000900 
1827 	 0.000900 
1830 	 0.001100 
1832 	 0.001000 
1834 	 0.001000 
1836 	 0.001000 
1839 	 0.000800 
1841 	 0.000800 
1843 	 0.000900 
1844 	 0.001200 
1845 	 0.000900 
1846 	 0.001100 
1847 	 0.000600 
1849 	 0.000900 
1853 	 0.000800 
1854 	 0.000900 
1858 	 0.000800 
1859 	 0.000900 
1860 	 0.001000 
1861 	 0.000800 
1862 	 0.001100 
1866 	 0.001000 
1868 	 0.001000 
1869 	 0.000600 
1871 	 0.000800 
1872 	 0.000900 
1873 	 0.000800 
1876 	 0.000800 
1878 	 0.000900 
1879 	 0.000800 
1881 	 0.000800 
1883 	 0.000800 
1884 	 0.001200 
1885 	 0.000800 
1890 	 0.001200 
1899 	 0.001000 
1902 	 0.000600 
1903 	 0.001200 
1904 	 0.000900 
1907 	 0.000900 
1910 	 0.001000 
1914 	 0.001000 
1917 	 0.000900 
1918 	 0.000800 
1919 	 0.000900 
1920 	 0.000900 
1922 	 0.000900 
1924 	 0.001100 
1927 	 0.000800 
1930 	 0.001000 
1932 	 0.001000 
1933 	 0.001000 
1936 	 0.000600 
1940 	 0.000900 
1941 	 0.000900 
1942 	 0.001000 
1943 	 0.000900 
1946 	 0.000500 
1947 	 0.000800 
1948 	 0.000900 
1951 	 0.000600 
1955 	 0.001000 
1958 	 0.001100 
1959 	 0.001200 
1964 	 0.000800 
1965 	 0.000800 
1969 	 0.000800 
1970 	 0.000800 
1971 	 0.000800 
1972 	 0.000900 
1973 	 0.000800 
1974 	 0.000900 
1976 	 0.001000 
1977 	 0.000600 
1979 	 0.001000 
1983 	 0.000900 
1985 	 0.001100 
1986 	 0.001200 
1989 	 0.000600 
1990 	 0.000900 
1991 	 0.001200 
1993 	 0.000600 
1994 	 0.001000 
1995 	 0.001000 
1996 	 0.001000 
1997 	 0.000900 
1999 	 0.001000 
2000 	 0.001100 
2001 	 0.001100 
2002 	 0.000900 
2005 	 0.001000 
2006 	 0.000900 
2008 	 0.000800 
2009 	 0.001100 
2010 	 0.001100 
2011 	 0.001000 
2012 	 0.001000 
2013 	 0.000900 
2015 	 0.000800 
2016 	 0.000900 
2018 	 0.001200 
2019 	 0.001000 
2020 	 0.000600 
2026 	 0.001000 
2028 	 0.000800 
2029 	 0.000900 
2035 	 0.001200 
2037 	 0.001200 
2038 	 0.000900 
2040 	 0.001100 
2041 	 0.000800 
2042 	 0.001000 
2044 	 0.000800 
2046 	 0.001100 
2047 	 0.000800 
2048 	 0.000600 
2049 	 0.001100 
2052 	 0.001200 
2054 	 0.001000 
2058 	 0.000900 
2059 	 0.001000 
2061 	 0.001200 
2062 	 0.000900 
2063 	 0.001100 
2066 	 0.000900 
2068 	 0.000600 
2071 	 0.000600 
2072 	 0.000800 
2073 	 0.001000 
2074 	 0.000900 
2076 	 0.001000 
2077 	 0.001000 
2078 	 0.001000 
2079 	 0.000600 
2080 	 0.000800 
2081 	 0.001200 
2083 	 0.001000 
2085 	 0.000600 
2087 	 0.001100 
2091 	 0.000900 
2093 	 0.001000 
2094 	 0.000600 
2097 	 0.001100 
2098 	 0.000600 
2102 	 0.001100 
2105 	 0.000600 
2106 	 0.000800 
2108 	 0.001100 
2112 	 0.000800 
2113 	 0.001000 
2116 	 0.000800 
2118 	 0.000900 
2119 	 0.001000 
2123 	 0.001000 
2126 	 0.001200 
2127 	 0.000600 
2128 	 0.000800 
2129 	 0.000800 
2130 	 0.001000 
2132 	 0.000900 
2134 	 0.000600 
2135 	 0.000900 
2137 	 0.000900 
2139 	 0.000900 
2140 	 0.001000 
2149 	 0.001200 
2154 	 0.000900 
2155 	 0.001000 
2156 	 0.001200 
2158 	 0.000600 
2159 	 0.000900 
2163 	 0.001100 
2166 	 0.000900 
2167 	 0.001000 
2168 	 0.001000 
2169 	 0.001100 
2170 	 0.000600 
2171 	 0.000900 
2175 	 0.001100 
2176 	 0.000500 
2177 	 0.000900 
2178 	 0.001000 
2179 	 0.000800 
2180 	 0.001200 
2182 	 0.000800 
2186 	 0.000800 
2189 	 0.001000 
2190 	 0.001100 
2191 	 0.001100 
2192 	 0.001000 
2194 	 0.001000 
2195 	 0.001000 
2197 	 0.000600 
2199 	 0.000600 
2201 	 0.000800 
2203 	 0.001200 
2205 	 0.001000 
2206 	 0.000900 
2215 	 0.000900 
2217 	 0.000800 
2220 	 0.000600 
2223 	 0.001000 
2225 	 0.000800 
2228 	 0.000800 
2230 	 0.000900 
2232 	 0.000800 
2235 	 0.000900 
2237 	 0.001000 
2238 	 0.000600 
2240 	 0.000800 
2244 	 0.001200 
2245 	 0.001200 
2247 	 0.000900 
2249 	 0.000900 
2250 	 0.000800 
2252 	 0.000600 
2254 	 0.000600 
2258 	 0.000800 
2259 	 0.000600 
2260 	 0.000900 
2264 	 0.001200 
2265 	 0.000600 
2266 	 0.000800 
2268 	 0.000900 
2269 	 0.001100 
2270 	 0.000900 
2274 	 0.001000 
2276 	 0.001000 
2280 	 0.001100 
2283 	 0.001100 
2284 	 0.000900 
2289 	 0.000900 
2299 	 0.000800 
2301 	 0.000800 
2302 	 0.000900 
2307 	 0.000900 
2311 	 0.001000 
2313 	 0.001200 
2315 	 0.000900 
2316 	 0.000600 
2318 	 0.000800 
2319 	 0.000800 
2320 	 0.001200 
2325 	 0.001100 
2331 	 0.000900 
2332 	 0.000600 
2333 	 0.001200 
2334 	 0.000900 
2335 	 0.000900 
2336 	 0.000900 
2339 	 0.001100 
2340 	 0.000900 
2344 	 0.001000 
2345 	 0.000600 
2347 	 0.001200 
2350 	 0.000900 
2351 	 0.000800 
2352 	 0.001000 
2355 	 0.000900 
2356 	 0.000600 
2359 	 0.000800 
2361 	 0.000900 
2365 	 0.000600 
2366 	 0.000900 
2367 	 0.000600 
2369 	 0.001200 
2373 	 0.001000 
2374 	 0.001100 
2376 	 0.001200 
2378 	 0.001000 
2384 	 0.001100 
2385 	 0.000600 
2391 	 0.001100 
2392 	 0.001100 
2394 	 0.000800 
2398 	 0.000800 
2402 	 0.001100 
2404 	 0.001100 
2406 	 0.000900 
2410 	 0.000800 
2411 	 0.000900 
2412 	 0.000800 
2413 	 0.001100 
2419 	 0.001100 
2420 	 0.001200 
2421 	 0.001000 
2422 	 0.000900 
2425 	 0.001000 
2426 	 0.001000 
2427 	 0.000600 
2433 	 0.001000 
2434 	 0.000900 
2438 	 0.000800 
2443 	 0.001200 
2450 	 0.000500 
2451 	 0.001000 
2452 	 0.001000 
2453 	 0.001100 
2455 	 0.001200 
2456 	 0.001000 
2458 	 0.001000 
2461 	 0.000800 
2463 	 0.000500 
2464 	 0.001000 
2468 	 0.001200 
2469 	 0.001100 
2470 	 0.001100 
2472 	 0.000800 
2474 	 0.001100 
2475 	 0.000600 
2478 	 0.000900 
2479 	 0.000900 
2481 	 0.001000 
2483 	 0.000900 
2487 	 0.001100 
2488 	 0.000600 
2490 	 0.001000 
2491 	 0.000900 
2492 	 0.001000 
2494 	 0.000800 
2495 	 0.001200 
2498 	 0.001000 
2500 	 0.001100 
2501 	 0.001000 
2509 	 0.000900 
2510 	 0.000900 
2511 	 0.001000 
2515 	 0.000800 
2520 	 0.000800 
2525 	 0.000800 
2526 	 0.001000 
2527 	 0.001000 
2528 	 0.000600 
2530 	 0.000800 
2531 	 0.000600 
2535 	 0.001100 
2540 	 0.001000 
2541 	 0.000900 
2542 	 0.001000 
2543 	 0.000600 
2548 	 0.000600 
2550 	 0.000800 
2552 	 0.001000 
2553 	 0.000900 
2554 	 0.001000 
2555 	 0.001000 
2556 	 0.001200 
2557 	 0.001000 
2558 	 0.001000 
2562 	 0.000600 
2563 	 0.000600 
2564 	 0.001000 
2568 	 0.001000 
2571 	 0.000600 
2573 	 0.000900 
2577 	 0.000800 
2581 	 0.000900 
2582 	 0.001200 
2583 	 0.000800 
2585 	 0.000900 
2586 	 0.001000 
2588 	 0.001000 
2591 	 0.000600 
2593 	 0.000900 
2594 	 0.001000 
2596 	 0.001100 
2597 	 0.000800 
2598 	 0.001000 
2599 	 0.000600 
2601 	 0.001000 
2603 	 0.000900 
2604 	 0.000600 
2615 	 0.000600 
2616 	 0.000800 
2617 	 0.001200 
2619 	 0.001000 
2620 	 0.000600 
2621 	 0.001000 
2623 	 0.000900 
2625 	 0.000800 
2626 	 0.000900 
2629 	 0.000800 
2630 	 0.000800 
2631 	 0.000900 
2633 	 0.000600 
2638 	 0.001100 
2640 	 0.000800 
2641 	 0.001000 
2644 	 0.001000 
2645 	 0.001000 
2646 	 0.000800 
2647 	 0.000900 
2649 	 0.000800 
2650 	 0.000900 
2651 	 0.000800 
2652 	 0.001100 
2653 	 0.000800 
2655 	 0.000600 
2657 	 0.001100 
2658 	 0.000600 
2661 	 0.001000 
2664 	 0.000600 
2665 	 0.000800 
2669 	 0.001000 
2670 	 0.001000 
2672 	 0.001000 
2673 	 0.001100 
2676 	 0.001100 
2677 	 0.001000 
2679 	 0.000600 
2680 	 0.000800 
2681 	 0.001000 
2682 	 0.001000 
2683 	 0.000600 
2687 	 0.001000 
2689 	 0.000400 
2690 	 0.001000 
2691 	 0.000800 
2695 	 0.000800 
2696 	 0.000900 
2697 	 0.000800 
2698 	 0.000900 
2700 	 0.001000 
2701 	 0.001200 
2702 	 0.001000 
2704 	 0.001000 
2705 	 0.000800 
2706 	 0.001000 
2708 	 0.001100 
2710 	 0.000900 
2711 	 0.000900 
2713 	 0.000600 
2714 	 0.001100 
2718 	 0.000900 
2719 	 0.000900 
2720 	 0.001100 
2721 	 0.001200 
2723 	 0.001000 
2724 	 0.000900 
2726 	 0.000800 
2727 	 0.001000 
2729 	 0.000600 
2730 	 0.001100 
2733 	 0.000800 
2734 	 0.000800 
2736 	 0.000900 
2738 	 0.001000 
2743 	 0.000600 
2744 	 0.001000 
2745 	 0.000900 
2747 	 0.001000 
2748 	 0.000800 
2751 	 0.000900 
2752 	 0.001000 
2753 	 0.000900 
2754 	 0.001100 
2755 	 0.000800 
2762 	 0.001000 
2763 	 0.000800 
2764 	 0.001000 
2765 	 0.001200 
2766 	 0.001100 
2767 	 0.001000 
2768 	 0.001000 
2769 	 0.000900 
2773 	 0.001200 
2774 	 0.000800 
2775 	 0.000600 
2777 	 0.000900 
2778 	 0.001200 
2779 	 0.000900 
2780 	 0.001100 
2784 	 0.001200 
2787 	 0.001000 
2788 	 0.000900 
2789 	 0.001000 
2790 	 0.000800 
2791 	 0.000800 
2794 	 0.000900 
2795 	 0.001100 
2796 	 0.000800 
2798 	 0.000600 
2801 	 0.001100 
2804 	 0.001000 
2808 	 0.001000 
2809 	 0.000600 
2810 	 0.000900 
2813 	 0.001200 
2815 	 0.000600 
2817 	 0.000800 
2821 	 0.000500 
2822 	 0.000800 
2823 	 0.000800 
2826 	 0.001000 
2828 	 0.001100 
2830 	 0.001000 
2832 	 0.000900 
2834 	 0.001000 
2836 	 0.000800 
2841 	 0.001000 
2843 	 0.001000 
2844 	 0.001000 
2845 	 0.000600 
2846 	 0.001100 
2849 	 0.001000 
2850 	 0.000600 
2853 	 0.001000 
2856 	 0.001200 
2857 	 0.000600 
2860 	 0.000800 
2862 	 0.001000 
2863 	 0.001100 
2865 	 0.001000 
2866 	 0.001000 
2867 	 0.001200 
2869 	 0.001100 
2870 	 0.000900 
2872 	 0.001000 
2873 	 0.001000 
2874 	 0.001000 
2881 	 0.001100 
2882 	 0.001200 
2885 	 0.001100 
2886 	 0.001100 
2889 	 0.001200 
2890 	 0.001200 
2891 	 0.001000 
2893 	 0.000900 
2895 	 0.000600 
2896 	 0.000800 
2898 	 0.000900 
2900 	 0.001200 
2902 	 0.001000 
2903 	 0.001100 
2908 	 0.000800 
2909 	 0.000900 
2910 	 0.001000 
2913 	 0.000800 
2915 	 0.001000 
2917 	 0.000900 
2918 	 0.000900 
2919 	 0.000900 
2920 	 0.001200 
2921 	 0.001000 
2922 	 0.001000 
2923 	 0.001000 
2924 	 0.001100 
2925 	 0.000900 
2928 	 0.001100 
2933 	 0.001100 
2936 	 0.001200 
2937 	 0.000800 
2938 	 0.001200 
2946 	 0.000900 
2947 	 0.000900 
2948 	 0.001000 
2956 	 0.001000 
2957 	 0.000800 
2959 	 0.001100 
2965 	 0.000800 
2966 	 0.001000 
2973 	 0.000600 
2975 	 0.001200 
2976 	 0.001200 
2977 	 0.001100 
2982 	 0.000600 
2983 	 0.001100 
2989 	 0.000900 
2995 	 0.001100 
2996 	 0.001000 
2997 	 0.000900 
2998 	 0.000800 
2999 	 0.000500 
