0.000417	0.000000
0.038720	0.000000
0.022331	0.000000
0.228702	0.000000
0.044471	0.000000
0.221599	0.000000
2.153692	0.000000
0.241287	0.000000
0.365829	0.000000
0.189467	0.000000
0.081383	0.000000
0.068342	0.000000
0.052692	0.000000
0.006831	0.000000
6.984086	0.000000
0.253054	0.000000
0.007944	0.000000
0.275354	0.000000
3.068800	0.000000
1.160112	0.000000
0.175154	0.000000
1.131008	0.000000
1.048077	0.000000
0.232921	0.000000
1.157370	0.000000
0.087882	0.000000
0.192532	0.000000
0.063509	0.000000
0.058369	0.000000
0.026842	0.000000
0.207692	0.000000
0.014736	0.000000
0.115497	0.000000
0.188499	0.000000
0.079963	0.000000
0.465308	0.000000
0.110806	0.000000
0.047922	0.000000
0.062286	0.000000
0.012686	0.000000
0.031148	0.000000
0.017022	0.000000
1.646970	0.000000
0.134563	0.000000
0.031837	0.000000
0.033213	0.000000
0.393387	0.000000
0.053470	0.000000
0.850853	0.000000
0.726662	0.000000
2.026542	0.000000
0.013912	0.000000
0.043869	0.000000
-0.213738	0.000000
0.162341	0.000000
0.107131	0.000000
0.194454	0.000000
0.191502	0.000000
0.047187	0.000000
0.040810	0.000000
0.002747	0.000000
0.017466	0.000000
0.134324	0.000000
1.349392	0.000000
0.289177	0.000000
0.177767	0.000000
0.046376	0.000000
4.179463	0.000000
0.472864	0.000000
1.855910	0.000000
0.043613	0.000000
0.049572	0.000000
0.241511	0.000000
0.009434	0.000000
0.291387	0.000000
0.078554	0.000000
0.008740	0.000000
0.193646	0.000000
0.544144	0.000000
0.489092	0.000000
0.099534	0.000000
0.340741	0.000000
0.173132	0.000000
-0.877946	0.000000
0.234374	0.000000
0.248808	0.000000
0.096519	0.000000
0.016089	0.000000
0.024846	0.000000
0.013166	0.000000
0.064146	0.000000
1.491849	0.000000
0.029411	0.000000
0.047195	0.000000
0.172520	0.000000
0.159971	0.000000
0.147550	0.000000
0.010115	0.000000
0.527927	0.000000
0.028714	0.000000
0.008756	0.000000
0.025440	0.000000
0.547781	0.000000
0.059713	0.000000
0.033828	0.000000
0.100859	0.000000
2.739998	0.000000
0.045468	0.000000
0.519431	0.000000
1.762182	0.000000
0.199995	0.000000
0.005829	0.000000
0.107977	0.000000
0.093137	0.000000
0.044634	0.000000
0.129784	0.000000
0.299473	0.000000
0.310128	0.000000
0.176584	0.000000
2.710624	0.000000
0.006146	0.000000
0.674399	0.000000
0.000395	0.000000
0.672366	0.000000
0.144098	0.000000
0.365392	0.000000
0.004595	0.000000
0.396247	0.000000
0.895536	0.000000
0.125631	0.000000
0.249889	0.000000
0.076054	0.000000
0.177569	0.000000
0.084062	0.000000
0.324858	0.000000
0.420791	0.000000
7.810048	0.000000
0.457958	0.000000
0.201046	0.000000
0.100107	0.000000
0.204644	0.000000
0.500860	0.000000
0.434432	0.000000
0.205350	0.000000
0.143262	0.000000
0.240462	0.000000
0.090467	0.000000
0.086505	0.000000
0.518432	0.000000
0.006334	0.000000
1.104123	0.000000
0.007431	0.000000
0.154366	0.000000
0.048118	0.000000
0.072203	0.000000
0.327115	0.000000
0.136434	0.000000
0.025066	0.000000
1.429572	0.000000
0.053052	0.000000
0.120074	0.000000
0.092160	0.000000
0.352562	0.000000
0.285989	0.000000
-0.025297	0.000000
0.194128	0.000000
1.118341	0.000000
0.410767	0.000000
0.230329	0.000000
2.517253	0.000000
0.517911	0.000000
0.027243	0.000000
0.197558	0.000000
0.385909	0.000000
0.013252	0.000000
0.203357	0.000000
0.165922	0.000000
0.385089	0.000000
0.121686	0.000000
1.343570	0.000000
0.006861	0.000000
0.522737	0.000000
0.063692	0.000000
0.018934	0.000000
0.304765	0.000000
0.100936	0.000000
-0.010439	0.000000
0.230237	0.000000
0.291992	0.000000
0.141590	0.000000
0.232244	0.000000
0.266377	0.000000
0.883920	0.000000
0.015477	0.000000
1.106449	0.000000
0.190258	0.000000
0.027087	0.000000
0.935666	0.000000
0.060092	0.000000
0.454571	0.000000
0.082795	0.000000
2.992151	0.000000
0.544962	0.000000
0.257988	0.000000
0.110108	0.000000
0.290515	0.000000
0.492608	0.000000
0.033797	0.000000
1.816128	0.000000
0.019134	0.000000
0.097800	0.000000
-0.032921	0.000000
0.175678	0.000000
0.106994	0.000000
0.148264	0.000000
0.276825	0.000000
0.422479	0.000000
0.035293	0.000000
0.098315	0.000000
0.033246	0.000000
-0.019767	0.000000
0.102142	0.000000
0.919732	0.000000
0.086605	0.000000
0.047836	0.000000
0.061245	0.000000
0.970207	0.000000
0.423297	0.000000
0.914164	0.000000
0.269768	0.000000
0.118658	0.000000
0.116906	0.000000
0.274861	0.000000
3.759542	0.000000
0.370432	0.000000
0.175906	0.000000
1.819536	0.000000
0.521027	0.000000
0.115468	0.000000
0.082421	0.000000
0.005820	0.000000
0.383380	0.000000
0.020532	0.000000
0.497410	0.000000
0.005726	0.000000
0.228139	0.000000
0.005285	0.000000
0.254345	0.000000
0.426387	0.000000
0.125709	0.000000
0.074798	0.000000
0.100129	0.000000
0.070482	0.000000
1.956286	0.000000
0.213045	0.000000
0.121297	0.000000
0.007519	0.000000
0.507954	0.000000
0.153809	0.000000
0.304824	0.000000
0.069311	0.000000
0.351370	0.000000
0.549887	0.000000
0.542889	0.000000
0.233422	0.000000
0.263099	0.000000
0.235363	0.000000
0.069907	0.000000
0.052529	0.000000
0.013393	0.000000
0.232566	0.000000
-0.007734	0.000000
0.119431	0.000000
0.177052	0.000000
0.018209	0.000000
0.091902	0.000000
0.755693	0.000000
0.006216	0.000000
0.120868	0.000000
-0.018372	0.000000
0.128747	0.000000
0.005677	0.000000
0.102602	0.000000
0.173639	0.000000
0.073401	0.000000
-0.222655	0.000000
-0.238902	0.000000
-0.046769	0.000000
0.770981	0.000000
1.107238	0.000000
-0.095213	0.000000
0.086235	0.000000
0.350540	0.000000
-0.478833	0.000000
0.035854	0.000000
-0.042342	0.000000
0.325022	0.000000
0.256072	0.000000
0.206795	0.000000
0.034796	0.000000
0.009841	0.000000
0.253225	0.000000
0.045393	0.000000
0.159788	0.000000
0.124180	0.000000
0.017120	0.000000
-0.003185	0.000000
0.196016	0.000000
1.016410	0.000000
-0.134775	0.000000
0.035945	0.000000
0.055512	0.000000
0.066334	0.000000
0.010444	0.000000
0.169019	0.000000
1.459170	0.000000
0.009486	0.000000
-0.328996	0.000000
0.062794	0.000000
0.350517	0.000000
4.454129	0.000000
0.388122	0.000000
0.450387	0.000000
0.123493	0.000000
0.151691	0.000000
0.136215	0.000000
0.120215	0.000000
0.033730	0.000000
2.952383	0.000000
0.021533	0.000000
0.173050	0.000000
0.491016	0.000000
3.607089	0.000000
-0.011554	0.000000
0.063328	0.000000
0.402682	0.000000
0.083538	0.000000
0.005921	0.000000
0.088713	0.000000
0.130106	0.000000
0.182837	0.000000
0.010973	0.000000
0.198098	0.000000
0.094815	0.000000
0.079448	0.000000
0.205216	0.000000
2.684361	0.000000
0.131051	0.000000
0.188143	0.000000
0.345200	0.000000
-0.482833	0.000000
0.085144	0.000000
0.228126	0.000000
0.462952	0.000000
0.052513	0.000000
0.156512	0.000000
0.217591	0.000000
0.541227	0.000000
7.705396	0.000000
0.091997	0.000000
7.821702	0.000000
0.393967	0.000000
0.017086	0.000000
0.618927	0.000000
0.041550	0.000000
0.081993	0.000000
0.000968	0.000000
0.159034	0.000000
0.205629	0.000000
0.510523	0.000000
0.062532	0.000000
7.839431	0.000000
0.200293	0.000000
7.616099	0.000000
0.261350	0.000000
2.935036	0.000000
0.018934	0.000000
0.804679	0.000000
0.028900	0.000000
2.614910	0.000000
4.773347	0.000000
1.835788	0.000000
0.622025	0.000000
0.549381	0.000000
0.624882	0.000000
0.641765	0.000000
0.022607	0.000000
0.028561	0.000000
0.845110	0.000000
0.100238	0.000000
0.072796	0.000000
0.010388	0.000000
0.904925	0.000000
0.052765	0.000000
0.049079	0.000000
0.062895	0.000000
3.456378	0.000000
0.005153	0.000000
0.321661	0.000000
0.090521	0.000000
-0.209917	0.000000
0.051866	0.000000
0.214545	0.000000
2.947400	0.000000
0.037291	0.000000
2.858677	0.000000
1.318583	0.000000
1.197889	0.000000
0.948491	0.000000
4.411829	0.000000
0.290435	0.000000
0.006480	0.000000
0.123052	0.000000
0.681916	0.000000
0.185595	0.000000
0.767551	0.000000
0.886187	0.000000
0.134531	0.000000
0.127270	0.000000
0.438405	0.000000
0.029248	0.000000
4.613788	0.000000
0.087897	0.000000
0.814845	0.000000
0.346630	0.000000
0.237008	0.000000
0.007959	0.000000
0.001706	0.000000
0.387957	0.000000
0.313528	0.000000
-0.008687	0.000000
0.054190	0.000000
0.210891	0.000000
0.008997	0.000000
0.520183	0.000000
0.325268	0.000000
0.010777	0.000000
-0.065411	0.000000
0.103901	0.000000
1.838468	0.000000
0.110320	0.000000
-0.896739	0.000000
0.289886	0.000000
0.225725	0.000000
0.521693	0.000000
0.168599	0.000000
0.055572	0.000000
0.179929	0.000000
7.149029	0.000000
0.150697	0.000000
0.297259	0.000000
0.039728	0.000000
0.828519	0.000000
0.923611	0.000000
0.075308	0.000000
0.112949	0.000000
0.421844	0.000000
0.008088	0.000000
0.047008	0.000000
0.049864	0.000000
0.439792	0.000000
-0.005986	0.000000
0.144725	0.000000
2.926582	0.000000
0.020474	0.000000
0.033018	0.000000
0.862131	0.000000
0.179741	0.000000
2.592758	0.000000
0.630646	0.000000
1.781456	0.000000
0.011086	0.000000
0.078031	0.000000
0.240178	0.000000
0.191651	0.000000
0.172423	0.000000
1.303553	0.000000
0.149070	0.000000
0.163131	0.000000
0.065567	0.000000
0.003874	0.000000
0.260206	0.000000
0.079120	0.000000
0.184531	0.000000
0.069466	0.000000
-0.198792	0.000000
0.014775	0.000000
0.048862	0.000000
0.027897	0.000000
0.180342	0.000000
0.028268	0.000000
0.052573	0.000000
0.033577	0.000000
0.019915	0.000000
0.263056	0.000000
0.217385	0.000000
0.014573	0.000000
0.243206	0.000000
0.035188	0.000000
0.333538	0.000000
0.232803	0.000000
0.391321	0.000000
0.244422	0.000000
0.388934	0.000000
0.254224	0.000000
0.256541	0.000000
0.312961	0.000000
0.075378	0.000000
0.109780	0.000000
0.079811	0.000000
5.519218	0.000000
0.009616	0.000000
0.201798	0.000000
0.047843	0.000000
0.042462	0.000000
0.042429	0.000000
0.164889	0.000000
0.017506	0.000000
0.272962	0.000000
0.089917	0.000000
0.061429	0.000000
0.048842	0.000000
0.705243	0.000000
0.097578	0.000000
0.069006	0.000000
0.064346	0.000000
1.070488	0.000000
0.149563	0.000000
1.657631	0.000000
0.413696	0.000000
0.213498	0.000000
0.054171	0.000000
0.134270	0.000000
0.203158	0.000000
-0.097789	0.000000
0.023790	0.000000
0.927041	0.000000
0.255092	0.000000
0.267326	0.000000
0.310590	0.000000
0.007261	0.000000
-0.014096	0.000000
0.006887	0.000000
0.099399	0.000000
0.056426	0.000000
0.102354	0.000000
0.010833	0.000000
0.092282	0.000000
0.091160	0.000000
0.011547	0.000000
0.251416	0.000000
0.344612	0.000000
0.158985	0.000000
0.008622	0.000000
2.407448	0.000000
0.192964	0.000000
0.008946	0.000000
0.281737	0.000000
0.201503	0.000000
0.164289	0.000000
0.123427	0.000000
2.955508	0.000000
0.237699	0.000000
0.187971	0.000000
1.103942	0.000000
0.223844	0.000000
0.059284	0.000000
0.064978	0.000000
0.069474	0.000000
0.014154	0.000000
0.139111	0.000000
0.037370	0.000000
0.130374	0.000000
0.044274	0.000000
0.022792	0.000000
-0.305490	0.000000
4.123831	0.000000
0.023623	0.000000
0.325176	0.000000
0.016228	0.000000
0.140321	0.000000
0.061856	0.000000
0.633882	0.000000
0.083475	0.000000
0.024188	0.000000
0.907344	0.000000
0.081235	0.000000
0.577519	0.000000
1.850492	0.000000
0.512809	0.000000
0.441150	0.000000
0.021887	0.000000
0.105229	0.000000
-0.012016	0.000000
0.040594	0.000000
0.154744	0.000000
0.464667	0.000000
0.250178	0.000000
0.679043	0.000000
0.226175	0.000000
0.007255	0.000000
0.117387	0.000000
0.084452	0.000000
0.108814	0.000000
0.138316	0.000000
0.050005	0.000000
0.014151	0.000000
0.131343	0.000000
0.260779	0.000000
0.327117	0.000000
0.005635	0.000000
0.014727	0.000000
0.092097	0.000000
0.028375	0.000000
0.326066	0.000000
0.356227	0.000000
0.018467	0.000000
0.122356	0.000000
0.041053	0.000000
-0.074994	0.000000
0.297670	0.000000
0.398848	0.000000
0.145059	0.000000
0.200719	0.000000
0.192328	0.000000
0.094176	0.000000
5.474778	0.000000
0.006317	0.000000
0.148580	0.000000
-0.003744	0.000000
0.151206	0.000000
0.022116	0.000000
2.195656	0.000000
0.049137	0.000000
0.045955	0.000000
0.153744	0.000000
0.584155	0.000000
0.006420	0.000000
0.221722	0.000000
0.192451	0.000000
0.140184	0.000000
0.011623	0.000000
0.145421	0.000000
1.500996	0.000000
0.014472	0.000000
0.058895	0.000000
0.337597	0.000000
0.140194	0.000000
-0.100562	0.000000
0.409568	0.000000
0.435990	0.000000
0.044254	0.000000
0.070286	0.000000
0.258401	0.000000
0.065757	0.000000
0.082274	0.000000
0.276389	0.000000
0.334260	0.000000
0.339302	0.000000
0.071123	0.000000
0.007516	0.000000
0.123656	0.000000
0.020694	0.000000
1.500960	0.000000
0.185608	0.000000
0.231141	0.000000
1.570071	0.000000
0.229314	0.000000
0.349081	0.000000
3.420434	0.000000
0.065279	0.000000
0.003786	0.000000
-0.026239	0.000000
-0.003222	0.000000
0.765590	0.000000
0.371283	0.000000
0.029672	0.000000
0.519139	0.000000
0.068470	0.000000
1.029860	0.000000
0.114178	0.000000
0.539660	0.000000
0.335681	0.000000
0.201932	0.000000
0.170157	0.000000
0.084470	0.000000
0.143346	0.000000
0.026864	0.000000
0.045117	0.000000
0.037721	0.000000
0.083869	0.000000
0.275696	0.000000
0.028456	0.000000
-0.003544	0.000000
0.085951	0.000000
0.247830	0.000000
0.138994	0.000000
0.001808	0.000000
0.182867	0.000000
0.022280	0.000000
0.274096	0.000000
0.016815	0.000000
0.450433	0.000000
0.256344	0.000000
0.013426	0.000000
0.062854	0.000000
0.731542	0.000000
0.254117	0.000000
0.319131	0.000000
0.096634	0.000000
0.242476	0.000000
-0.018230	0.000000
0.011138	0.000000
0.308789	0.000000
0.081797	0.000000
0.317136	0.000000
0.346296	0.000000
0.192007	0.000000
0.148907	0.000000
0.790597	0.000000
0.002782	0.000000
0.647872	0.000000
0.022771	0.000000
0.302457	0.000000
0.079183	0.000000
0.067548	0.000000
0.010738	0.000000
0.415304	0.000000
0.051098	0.000000
0.580360	0.000000
0.055761	0.000000
0.023921	0.000000
0.012506	0.000000
0.012802	0.000000
0.133733	0.000000
0.083299	0.000000
0.035853	0.000000
0.130342	0.000000
0.098809	0.000000
0.162625	0.000000
0.265713	0.000000
1.172510	0.000000
0.115533	0.000000
0.485940	0.000000
0.879726	0.000000
0.085833	0.000000
2.418580	0.000000
0.051170	0.000000
0.153910	0.000000
0.050963	0.000000
0.056208	0.000000
1.179636	0.000000
0.084158	0.000000
0.113910	0.000000
0.052190	0.000000
0.053061	0.000000
0.136883	0.000000
0.001851	0.000000
0.107866	0.000000
0.062290	0.000000
0.096013	0.000000
0.005716	0.000000
0.060612	0.000000
0.110834	0.000000
0.015744	0.000000
0.079209	0.000000
0.172201	0.000000
0.093245	0.000000
1.934989	0.000000
2.507487	0.000000
1.425316	0.000000
0.050275	0.000000
0.021061	0.000000
0.176288	0.000000
0.036265	0.000000
0.123295	0.000000
0.449241	0.000000
0.234559	0.000000
0.057962	0.000000
0.161186	0.000000
0.007303	0.000000
0.109017	0.000000
-0.023301	0.000000
-0.203302	0.000000
7.876358	0.000000
0.057845	0.000000
7.452972	0.000000
0.024172	0.000000
0.478989	0.000000
0.675174	0.000000
0.098756	0.000000
0.003354	0.000000
0.138726	0.000000
0.001383	0.000000
0.759328	0.000000
0.205165	0.000000
0.008371	0.000000
0.229606	0.000000
0.292655	0.000000
0.504589	0.000000
0.115118	0.000000
1.315954	0.000000
0.359995	0.000000
0.115495	0.000000
0.916665	0.000000
0.232257	0.000000
0.067880	0.000000
0.089226	0.000000
0.103125	0.000000
0.045928	0.000000
0.070476	0.000000
0.018646	0.000000
0.045942	0.000000
0.161195	0.000000
0.117188	0.000000
7.004548	0.000000
-0.037653	0.000000
0.007214	0.000000
0.077000	0.000000
0.072597	0.000000
0.106350	0.000000
0.076809	0.000000
0.160547	0.000000
0.120403	0.000000
0.071911	0.000000
0.079280	0.000000
0.230754	0.000000
0.170125	0.000000
0.787421	0.000000
0.472508	0.000000
0.777462	0.000000
-0.000063	0.000000
0.074773	0.000000
-0.693431	0.000000
0.178950	0.000000
0.214780	0.000000
0.578844	0.000000
0.308982	0.000000
0.427711	0.000000
0.191303	0.000000
0.100096	0.000000
0.086391	0.000000
0.014042	0.000000
0.802523	0.000000
0.092567	0.000000
0.080835	0.000000
0.009345	0.000000
0.125722	0.000000
0.120861	0.000000
5.413950	0.000000
0.045397	0.000000
0.095167	0.000000
0.089490	0.000000
0.020405	0.000000
0.025317	0.000000
0.248889	0.000000
0.026453	0.000000
0.817976	0.000000
0.091967	0.000000
0.161636	0.000000
0.086687	0.000000
2.976583	0.000000
0.111415	0.000000
-1.053543	0.000000
0.063701	0.000000
0.382502	0.000000
0.036627	0.000000
0.210101	0.000000
0.035086	0.000000
0.028508	0.000000
0.240853	0.000000
0.105942	0.000000
0.227034	0.000000
1.335293	0.000000
-0.011933	0.000000
0.103205	0.000000
1.184407	0.000000
0.007468	0.000000
0.152928	0.000000
0.051834	0.000000
2.205355	0.000000
0.104711	0.000000
0.152516	0.000000
1.268085	0.000000
0.136041	0.000000
0.072796	0.000000
0.611113	0.000000
0.201150	0.000000
0.299922	0.000000
0.405904	0.000000
0.574269	0.000000
0.019004	0.000000
1.040473	0.000000
0.122574	0.000000
0.080476	0.000000
0.266809	0.000000
0.171047	0.000000
0.169558	0.000000
0.085717	0.000000
1.395110	0.000000
0.011252	0.000000
0.055245	0.000000
0.007800	0.000000
0.298340	0.000000
0.032556	0.000000
0.483238	0.000000
0.214375	0.000000
0.331817	0.000000
0.209691	0.000000
0.240224	0.000000
0.065484	0.000000
-0.039820	0.000000
0.035115	0.000000
0.017926	0.000000
0.209743	0.000000
0.022813	0.000000
0.312028	0.000000
0.506852	0.000000
0.018605	0.000000
0.452164	0.000000
0.231890	0.000000
0.186013	0.000000
0.225581	0.000000
0.201344	0.000000
0.210192	0.000000
-0.878893	0.000000
0.072514	0.000000
0.060162	0.000000
0.040853	0.000000
0.011865	0.000000
0.813332	0.000000
0.019307	0.000000
0.076692	0.000000
0.027307	0.000000
0.036885	0.000000
-0.013436	0.000000
-0.147476	0.000000
0.013827	0.000000
0.235751	0.000000
-0.013179	0.000000
0.148831	0.000000
0.025582	0.000000
0.211837	0.000000
0.260042	0.000000
0.032765	0.000000
0.309139	0.000000
0.288736	0.000000
0.063386	0.000000
0.462329	0.000000
0.248316	0.000000
0.390728	0.000000
0.009733	0.000000
0.046050	0.000000
0.072728	0.000000
0.130316	0.000000
0.445673	0.000000
0.443089	0.000000
0.310110	0.000000
0.134882	0.000000
0.228892	0.000000
0.009907	0.000000
0.042080	0.000000
7.814451	0.000000
0.549879	0.000000
0.053341	0.000000
0.089869	0.000000
-0.014051	0.000000
0.090288	0.000000
0.321715	0.000000
0.136232	0.000000
0.043708	0.000000
0.023345	0.000000
0.387003	0.000000
0.013905	0.000000
0.262452	0.000000
7.286109	0.000000
0.001096	0.000000
0.382314	0.000000
0.787598	0.000000
5.764993	0.000000
0.292098	0.000000
0.772204	0.000000
0.110407	0.000000
0.345544	0.000000
0.386633	0.000000
0.298472	0.000000
0.108578	0.000000
0.099492	0.000000
0.659127	0.000000
0.028810	0.000000
0.130326	0.000000
0.304403	0.000000
-0.093017	0.000000
0.038080	0.000000
0.440984	0.000000
0.076895	0.000000
0.448754	0.000000
0.009160	0.000000
0.095237	0.000000
0.034189	0.000000
0.025788	0.000000
0.059643	0.000000
0.116174	0.000000
0.099303	0.000000
0.013550	0.000000
0.030983	0.000000
4.656576	0.000000
0.113391	0.000000
0.375659	0.000000
0.358287	0.000000
0.142954	0.000000
0.015693	0.000000
0.110342	0.000000
0.320429	0.000000
0.612441	0.000000
0.500235	0.000000
0.922178	0.000000
-2.114292	0.000000
0.047135	0.000000
0.113431	0.000000
0.004560	0.000000
0.105927	0.000000
0.038267	0.000000
0.379566	0.000000
0.045724	0.000000
0.073603	0.000000
0.032039	0.000000
0.124961	0.000000
0.288604	0.000000
0.089284	0.000000
0.029610	0.000000
0.018108	0.000000
0.091142	0.000000
0.012373	0.000000
-0.063372	0.000000
0.409142	0.000000
0.009121	0.000000
0.034083	0.000000
0.261770	0.000000
0.108947	0.000000
0.188221	0.000000
3.787211	0.000000
0.250772	0.000000
1.489417	0.000000
0.568157	0.000000
0.399202	0.000000
0.060147	0.000000
0.016285	0.000000
0.056017	0.000000
0.038970	0.000000
-0.248685	0.000000
0.177704	0.000000
0.130909	0.000000
0.052094	0.000000
0.216432	0.000000
1.903746	0.000000
0.150911	0.000000
0.048708	0.000000
0.134099	0.000000
0.250833	0.000000
0.062917	0.000000
0.015421	0.000000
0.776093	0.000000
0.081908	0.000000
-0.013256	0.000000
0.084225	0.000000
0.128541	0.000000
0.395356	0.000000
0.845666	0.000000
0.162869	0.000000
0.453826	0.000000
0.017770	0.000000
0.054603	0.000000
0.242749	0.000000
0.029782	0.000000
0.225279	0.000000
3.828408	0.000000
0.225230	0.000000
0.246930	0.000000
0.120278	0.000000
0.207409	0.000000
0.481982	0.000000
0.092284	0.000000
0.101737	0.000000
0.093067	0.000000
0.046136	0.000000
0.011851	0.000000
0.107317	0.000000
0.249632	0.000000
0.179991	0.000000
0.038204	0.000000
0.004094	0.000000
0.061295	0.000000
0.063659	0.000000
0.112560	0.000000
0.066915	0.000000
0.142648	0.000000
0.512104	0.000000
0.008274	0.000000
0.180610	0.000000
0.777663	0.000000
1.187469	0.000000
0.490263	0.000000
0.266618	0.000000
0.274266	0.000000
0.180317	0.000000
-0.081693	0.000000
0.147564	0.000000
0.187044	0.000000
0.049485	0.000000
0.082751	0.000000
0.030641	0.000000
0.727301	0.000000
-0.043446	0.000000
0.043206	0.000000
0.154380	0.000000
-0.016983	0.000000
0.025867	0.000000
0.010722	0.000000
0.032867	0.000000
0.002081	0.000000
1.015283	0.000000
0.390328	0.000000
6.669190	0.000000
0.021151	0.000000
0.038725	0.000000
0.268261	0.000000
0.142285	0.000000
0.773471	0.000000
1.091030	0.000000
0.730785	0.000000
0.573546	0.000000
0.146359	0.000000
0.358221	0.000000
0.952375	0.000000
0.067883	0.000000
1.573352	0.000000
0.213317	0.000000
0.544025	0.000000
-0.318792	0.000000
0.021557	0.000000
0.218326	0.000000
0.007900	0.000000
0.609841	0.000000
0.104153	0.000000
0.344302	0.000000
0.054240	0.000000
0.742039	0.000000
0.285045	0.000000
0.275593	0.000000
0.083569	0.000000
0.305355	0.000000
0.081288	0.000000
0.042784	0.000000
0.069724	0.000000
0.445929	0.000000
0.654171	0.000000
0.139863	0.000000
0.065194	0.000000
0.015455	0.000000
0.119107	0.000000
0.790274	0.000000
0.245246	0.000000
0.163366	0.000000
0.143962	0.000000
0.275641	0.000000
0.078895	0.000000
-0.039802	0.000000
0.133360	0.000000
0.167071	0.000000
0.175898	0.000000
0.032022	0.000000
0.199366	0.000000
0.079160	0.000000
0.260830	0.000000
0.073964	0.000000
0.031429	0.000000
0.010408	0.000000
0.204287	0.000000
0.418541	0.000000
0.102537	0.000000
0.059908	0.000000
1.964686	0.000000
0.185731	0.000000
0.052874	0.000000
-0.021529	0.000000
2.744131	0.000000
0.244525	0.000000
3.334924	0.000000
0.970640	0.000000
5.461917	0.000000
0.025445	0.000000
-0.093675	0.000000
0.186683	0.000000
0.273500	0.000000
0.086038	0.000000
0.819192	0.000000
0.239323	0.000000
0.098606	0.000000
0.287213	0.000000
0.013326	0.000000
0.196002	0.000000
0.019640	0.000000
0.186807	0.000000
0.090843	0.000000
1.360745	0.000000
0.478284	0.000000
0.160458	0.000000
0.293898	0.000000
0.279524	0.000000
0.145475	0.000000
0.050934	0.000000
0.380805	0.000000
0.006474	0.000000
0.163071	0.000000
0.566773	0.000000
0.032897	0.000000
0.335653	0.000000
0.278287	0.000000
0.286239	0.000000
0.013353	0.000000
0.459220	0.000000
0.975359	0.000000
0.637561	0.000000
0.481144	0.000000
0.092912	0.000000
0.044384	0.000000
0.039200	0.000000
0.248893	0.000000
0.129075	0.000000
0.490780	0.000000
0.033351	0.000000
0.271143	0.000000
0.161111	0.000000
0.027126	0.000000
-0.056558	0.000000
0.256469	0.000000
0.008841	0.000000
0.078181	0.000000
0.891626	0.000000
0.175044	0.000000
0.008797	0.000000
0.204267	0.000000
-0.016285	0.000000
0.073556	0.000000
0.791100	0.000000
5.291345	0.000000
0.021622	0.000000
0.680631	0.000000
0.157346	0.000000
0.112570	0.000000
0.204993	0.000000
0.133892	0.000000
0.604995	0.000000
0.078973	0.000000
0.153463	0.000000
0.809752	0.000000
0.441443	0.000000
0.446125	0.000000
0.277179	0.000000
0.008973	0.000000
0.055592	0.000000
0.016180	0.000000
0.806058	0.000000
-0.014064	0.000000
0.044149	0.000000
0.035055	0.000000
0.425861	0.000000
0.135387	0.000000
1.062636	0.000000
0.032777	0.000000
0.022123	0.000000
0.285913	0.000000
0.020117	0.000000
0.527183	0.000000
0.162209	0.000000
0.008206	0.000000
1.533847	0.000000
0.093955	0.000000
0.355959	0.000000
0.113123	0.000000
0.062715	0.000000
0.194805	0.000000
0.342182	0.000000
0.610622	0.000000
0.060178	0.000000
0.082411	0.000000
0.247095	0.000000
0.062813	0.000000
0.071358	0.000000
0.080991	0.000000
-0.001795	0.000000
-0.095091	0.000000
0.051252	0.000000
0.187538	0.000000
0.120944	0.000000
0.082819	0.000000
0.021342	0.000000
0.278556	0.000000
0.029692	0.000000
0.068500	0.000000
0.031718	0.000000
0.109560	0.000000
0.087749	0.000000
0.018159	0.000000
0.238731	0.000000
0.196258	0.000000
0.071654	0.000000
0.776297	0.000000
0.129367	0.000000
0.504778	0.000000
0.007262	0.000000
0.006591	0.000000
0.135646	0.000000
0.071701	0.000000
0.131061	0.000000
1.516832	0.000000
0.336688	0.000000
0.097371	0.000000
0.187568	0.000000
0.036032	0.000000
0.073761	0.000000
0.024481	0.000000
0.872718	0.000000
0.138755	0.000000
0.338930	0.000000
0.020358	0.000000
0.393990	0.000000
0.280027	0.000000
0.383591	0.000000
0.051391	0.000000
0.088212	0.000000
0.133684	0.000000
0.017647	0.000000
0.192010	0.000000
0.287647	0.000000
0.006599	0.000000
0.511653	0.000000
0.333757	0.000000
0.212677	0.000000
0.440610	0.000000
0.419932	0.000000
0.019718	0.000000
0.193120	0.000000
0.347479	0.000000
0.973901	0.000000
0.055225	0.000000
0.039584	0.000000
0.182873	0.000000
0.240647	0.000000
0.125605	0.000000
0.436242	0.000000
0.028699	0.000000
0.536544	0.000000
0.037571	0.000000
2.295913	0.000000
0.269549	0.000000
0.006682	0.000000
0.176891	0.000000
0.001536	0.000000
1.098546	0.000000
0.010135	0.000000
0.392612	0.000000
1.038762	0.000000
0.031407	0.000000
0.470473	0.000000
0.698279	0.000000
0.118487	0.000000
0.151575	0.000000
0.284839	0.000000
0.321454	0.000000
0.191607	0.000000
0.186388	0.000000
0.849848	0.000000
0.265221	0.000000
0.093623	0.000000
0.394752	0.000000
0.150751	0.000000
0.086829	0.000000
4.835441	0.000000
0.007136	0.000000
0.423099	0.000000
0.016441	0.000000
0.186793	0.000000
0.064007	0.000000
0.038167	0.000000
0.060316	0.000000
0.088043	0.000000
0.431679	0.000000
0.725266	0.000000
0.045326	0.000000
0.026285	0.000000
0.330644	0.000000
0.027956	0.000000
0.726448	0.000000
0.093876	0.000000
-0.010910	0.000000
2.321343	0.000000
0.076917	0.000000
0.333588	0.000000
0.426815	0.000000
1.348578	0.000000
0.110503	0.000000
0.036476	0.000000
0.120333	0.000000
0.286495	0.000000
0.136899	0.000000
0.031116	0.000000
0.043789	0.000000
0.149234	0.000000
1.588383	0.000000
0.532465	0.000000
0.086440	0.000000
-0.047006	0.000000
0.093941	0.000000
0.298595	0.000000
0.122437	0.000000
0.002903	0.000000
0.170294	0.000000
0.061315	0.000000
1.584866	0.000000
0.017182	0.000000
0.199837	0.000000
0.239575	0.000000
0.073604	0.000000
0.051914	0.000000
0.211949	0.000000
0.184854	0.000000
0.598897	0.000000
0.252904	0.000000
0.391247	0.000000
0.016875	0.000000
1.538318	0.000000
0.232955	0.000000
0.023462	0.000000
0.239023	0.000000
0.553370	0.000000
0.363091	0.000000
0.218214	0.000000
0.058888	0.000000
0.041502	0.000000
-0.068898	0.000000
0.010944	0.000000
0.060373	0.000000
0.032569	0.000000
0.093820	0.000000
0.023902	0.000000
0.349049	0.000000
0.306551	0.000000
4.368183	0.000000
0.029512	0.000000
-0.014678	0.000000
1.023032	0.000000
0.034029	0.000000
0.113307	0.000000
0.157339	0.000000
0.034967	0.000000
1.315132	0.000000
0.128756	0.000000
0.151677	0.000000
0.209628	0.000000
2.105462	0.000000
0.212364	0.000000
0.240941	0.000000
0.018435	0.000000
0.177338	0.000000
0.855702	0.000000
0.045899	0.000000
0.056650	0.000000
0.015689	0.000000
0.089845	0.000000
0.025884	0.000000
0.094153	0.000000
0.042606	0.000000
0.012670	0.000000
1.021975	0.000000
0.159502	0.000000
0.003408	0.000000
0.226674	0.000000
0.044206	0.000000
0.754783	0.000000
-0.055425	0.000000
2.097111	0.000000
0.089833	0.000000
0.022057	0.000000
0.040422	0.000000
0.222898	0.000000
0.134060	0.000000
0.515783	0.000000
3.757460	0.000000
0.509980	0.000000
0.013325	0.000000
0.071469	0.000000
0.499864	0.000000
0.015794	0.000000
0.072137	0.000000
1.274265	0.000000
7.385248	0.000000
0.065619	0.000000
0.074115	0.000000
0.008352	0.000000
0.276589	0.000000
-0.018323	0.000000
0.142462	0.000000
0.039963	0.000000
0.102490	0.000000
0.056221	0.000000
0.113121	0.000000
0.871357	0.000000
0.522307	0.000000
0.090858	0.000000
0.033423	0.000000
0.024021	0.000000
0.019947	0.000000
0.603138	0.000000
0.506177	0.000000
0.028223	0.000000
0.671225	0.000000
0.082639	0.000000
0.546904	0.000000
0.194607	0.000000
0.332883	0.000000
1.608867	0.000000
0.221366	0.000000
0.371235	0.000000
0.011188	0.000000
0.148463	0.000000
0.094660	0.000000
0.861523	0.000000
0.005245	0.000000
0.139501	0.000000
0.030619	0.000000
0.193877	0.000000
5.123454	0.000000
0.321889	0.000000
1.413024	0.000000
0.074068	0.000000
0.021531	0.000000
0.342233	0.000000
0.006271	0.000000
0.407165	0.000000
0.054304	0.000000
0.480931	0.000000
0.200580	0.000000
0.008020	0.000000
-0.084129	0.000000
0.340039	0.000000
0.201528	0.000000
0.145419	0.000000
1.578625	0.000000
0.258642	0.000000
0.023242	0.000000
0.302390	0.000000
1.399289	0.000000
0.369347	0.000000
0.113966	0.000000
0.200857	0.000000
0.843285	0.000000
0.075117	0.000000
0.202052	0.000000
-0.002449	0.000000
0.096677	0.000000
0.034984	0.000000
2.085648	0.000000
0.119057	0.000000
0.125133	0.000000
0.002554	0.000000
-0.031676	0.000000
1.155042	0.000000
0.447027	0.000000
7.857026	0.000000
0.056821	0.000000
4.054278	0.000000
0.015440	0.000000
0.093181	0.000000
0.075722	0.000000
0.020943	0.000000
0.528556	0.000000
0.086950	0.000000
0.313344	0.000000
0.088540	0.000000
0.356172	0.000000
0.111900	0.000000
-0.288625	0.000000
2.103876	0.000000
0.169948	0.000000
0.011127	0.000000
0.630438	0.000000
0.042639	0.000000
0.017129	0.000000
0.223851	0.000000
0.015395	0.000000
0.281190	0.000000
0.066303	0.000000
-0.020533	0.000000
0.562946	0.000000
0.471527	0.000000
0.009619	0.000000
0.389680	0.000000
0.037412	0.000000
0.337832	0.000000
-0.012395	0.000000
1.122611	0.000000
0.230001	0.000000
0.254762	0.000000
0.088643	0.000000
0.578329	0.000000
-3.181502	0.000000
1.849568	0.000000
0.221262	0.000000
2.199407	0.000000
0.017189	0.000000
7.543962	0.000000
0.620915	0.000000
0.215542	0.000000
0.552599	0.000000
0.357937	0.000000
0.140635	0.000000
0.200954	0.000000
5.197079	0.000000
0.011343	0.000000
0.132450	0.000000
0.006649	0.000000
0.184515	0.000000
0.080697	0.000000
-0.000119	0.000000
0.006386	0.000000
0.190453	0.000000
0.451357	0.000000
0.256761	0.000000
0.025922	0.000000
0.029142	0.000000
0.115626	0.000000
0.019784	0.000000
1.416773	0.000000
0.252094	0.000000
0.024098	0.000000
0.129252	0.000000
0.216927	0.000000
0.039854	0.000000
0.082760	0.000000
1.720133	0.000000
0.286343	0.000000
0.099227	0.000000
0.147912	0.000000
0.122996	0.000000
0.465995	0.000000
0.003582	0.000000
0.104488	0.000000
0.033239	0.000000
0.303546	0.000000
0.017173	0.000000
5.933420	0.000000
0.044346	0.000000
7.850829	0.000000
0.106228	0.000000
0.325283	0.000000
0.001951	0.000000
2.500094	0.000000
0.064260	0.000000
0.239966	0.000000
0.089181	0.000000
0.211145	0.000000
0.077605	0.000000
-0.052139	0.000000
0.163937	0.000000
1.113936	0.000000
0.236237	0.000000
1.177218	0.000000
0.200492	0.000000
0.531548	0.000000
0.010534	0.000000
0.150946	0.000000
1.937806	0.000000
0.026548	0.000000
0.355521	0.000000
0.695729	0.000000
0.709447	0.000000
0.077157	0.000000
0.705563	0.000000
0.003365	0.000000
0.059819	0.000000
0.250713	0.000000
-2.805542	0.000000
0.087435	0.000000
5.676136	0.000000
0.107649	0.000000
6.397046	0.000000
0.576577	0.000000
0.202759	0.000000
0.163469	0.000000
0.024120	0.000000
0.223678	0.000000
0.031652	0.000000
0.082367	0.000000
0.067000	0.000000
0.078970	0.000000
0.534191	0.000000
0.495926	0.000000
0.366160	0.000000
0.236438	0.000000
0.304427	0.000000
0.684541	0.000000
0.281499	0.000000
0.256890	0.000000
1.718342	0.000000
0.089073	0.000000
0.057657	0.000000
0.006214	0.000000
0.023029	0.000000
0.749150	0.000000
0.016385	0.000000
0.109044	0.000000
0.095155	0.000000
0.156233	0.000000
0.055799	0.000000
0.375044	0.000000
0.013857	0.000000
1.822919	0.000000
0.084352	0.000000
0.255451	0.000000
0.088580	0.000000
0.095730	0.000000
0.384427	0.000000
0.040471	0.000000
0.134966	0.000000
0.443648	0.000000
0.089718	0.000000
2.015689	0.000000
1.027805	0.000000
0.204544	0.000000
0.009490	0.000000
1.185300	0.000000
0.400384	0.000000
0.106652	0.000000
1.581802	0.000000
-0.572995	0.000000
0.467731	0.000000
1.407595	0.000000
0.251322	0.000000
0.013717	0.000000
0.067979	0.000000
0.014734	0.000000
0.172037	0.000000
0.073157	0.000000
0.246799	0.000000
0.054636	0.000000
0.410671	0.000000
0.478345	0.000000
0.165750	0.000000
0.169847	0.000000
0.070134	0.000000
0.531396	0.000000
0.027505	0.000000
0.207458	0.000000
0.071445	0.000000
0.007011	0.000000
0.575440	0.000000
0.205115	0.000000
1.987769	0.000000
0.949481	0.000000
2.214135	0.000000
1.171870	0.000000
0.350490	0.000000
0.178617	0.000000
0.027470	0.000000
0.203678	0.000000
0.042535	0.000000
0.133892	0.000000
0.001400	0.000000
0.102600	0.000000
0.132393	0.000000
0.055636	0.000000
0.115750	0.000000
0.111118	0.000000
0.048696	0.000000
0.630116	0.000000
0.007602	0.000000
0.136243	0.000000
-0.012956	0.000000
0.158011	0.000000
7.688102	0.000000
0.252836	0.000000
0.025646	0.000000
0.491098	0.000000
0.042680	0.000000
0.587411	0.000000
1.853986	0.000000
0.411085	0.000000
1.738565	0.000000
0.493664	0.000000
0.008975	0.000000
0.622856	0.000000
0.610904	0.000000
0.048986	0.000000
0.263545	0.000000
0.048817	0.000000
0.201179	0.000000
0.266633	0.000000
0.171279	0.000000
0.012487	0.000000
0.076185	0.000000
0.101451	0.000000
0.114107	0.000000
0.303649	0.000000
0.236680	0.000000
0.011472	0.000000
0.214068	0.000000
7.622173	0.000000
0.176364	0.000000
0.035873	0.000000
0.001075	0.000000
0.030584	0.000000
0.007838	0.000000
0.247026	0.000000
1.340083	0.000000
0.018490	0.000000
1.269522	0.000000
0.104899	0.000000
-0.066918	0.000000
0.130058	0.000000
1.135276	0.000000
0.089279	0.000000
1.664712	0.000000
0.109001	0.000000
0.079469	0.000000
0.115270	0.000000
0.113133	0.000000
0.175976	0.000000
0.017059	0.000000
0.008157	0.000000
0.467517	0.000000
0.087104	0.000000
0.073311	0.000000
0.289698	0.000000
-0.153791	0.000000
2.656143	0.000000
0.003713	0.000000
0.074969	0.000000
0.020860	0.000000
-0.275761	0.000000
0.042505	0.000000
3.374415	0.000000
-0.149988	0.000000
0.085556	0.000000
0.060422	0.000000
0.976326	0.000000
0.191965	0.000000
0.997764	0.000000
4.131523	0.000000
-0.149845	0.000000
0.012305	0.000000
0.518782	0.000000
-0.724445	0.000000
0.072098	0.000000
0.297297	0.000000
0.099672	0.000000
1.219455	0.000000
0.330752	0.000000
0.267704	0.000000
0.002838	0.000000
5.608594	0.000000
0.009630	0.000000
0.208784	0.000000
0.080138	0.000000
3.974541	0.000000
0.010730	0.000000
0.236430	0.000000
0.139365	0.000000
0.374561	0.000000
0.033596	0.000000
0.319467	0.000000
6.857889	0.000000
0.015448	0.000000
0.592308	0.000000
0.080171	0.000000
0.387077	0.000000
1.389436	0.000000
0.179890	0.000000
0.301694	0.000000
0.187083	0.000000
0.388402	0.000000
4.601862	0.000000
-6.841075	0.000000
0.226196	0.000000
0.296967	0.000000
0.058908	0.000000
0.015465	0.000000
0.050783	0.000000
0.190664	0.000000
4.034633	0.000000
0.002047	0.000000
0.323491	0.000000
0.081333	0.000000
0.409061	0.000000
1.162013	0.000000
0.156046	0.000000
0.002722	0.000000
0.266648	0.000000
0.029915	0.000000
0.070809	0.000000
0.023223	0.000000
1.074056	0.000000
0.122072	0.000000
1.419446	0.000000
0.067393	0.000000
0.362291	0.000000
0.192859	0.000000
5.066055	0.000000
0.101748	0.000000
0.207796	0.000000
0.008887	0.000000
0.135673	0.000000
1.211364	0.000000
0.092684	0.000000
0.292075	0.000000
0.197538	0.000000
0.151056	0.000000
0.050293	0.000000
0.126288	0.000000
0.004559	0.000000
0.044375	0.000000
0.028223	0.000000
0.131752	0.000000
0.094549	0.000000
2.568616	0.000000
0.121065	0.000000
0.260908	0.000000
0.403588	0.000000
0.194835	0.000000
0.535519	0.000000
0.001770	0.000000
0.152533	0.000000
0.007766	0.000000
0.269562	0.000000
0.094246	0.000000
0.005768	0.000000
0.326537	0.000000
0.346218	0.000000
0.472913	0.000000
0.175134	0.000000
1.325263	0.000000
0.051174	0.000000
0.166736	0.000000
0.164024	0.000000
0.218441	0.000000
0.436317	0.000000
1.442736	0.000000
0.074622	0.000000
-0.002132	0.000000
0.205142	0.000000
0.025923	0.000000
0.011372	0.000000
0.145619	0.000000
0.812208	0.000000
0.023165	0.000000
5.227248	0.000000
0.007485	0.000000
0.107963	0.000000
0.013669	0.000000
0.084851	0.000000
0.049381	0.000000
0.322816	0.000000
0.042591	0.000000
0.044504	0.000000
0.122901	0.000000
-0.143737	0.000000
0.516097	0.000000
0.382951	0.000000
0.590274	0.000000
1.344782	0.000000
0.152949	0.000000
0.001421	0.000000
0.256933	0.000000
0.027215	0.000000
0.131850	0.000000
0.754951	0.000000
0.188382	0.000000
0.128840	0.000000
0.249454	0.000000
0.003209	0.000000
0.088348	0.000000
0.021959	0.000000
0.225799	0.000000
0.108541	0.000000
0.121221	0.000000
0.017487	0.000000
1.489441	0.000000
0.145686	0.000000
0.209302	0.000000
0.066700	0.000000
0.007040	0.000000
0.454002	0.000000
0.018600	0.000000
1.890755	0.000000
0.066918	0.000000
0.008672	0.000000
0.233190	0.000000
0.097326	0.000000
0.220741	0.000000
0.208189	0.000000
0.727417	0.000000
1.175249	0.000000
0.250640	0.000000
0.169259	0.000000
7.381815	0.000000
0.068364	0.000000
0.042568	0.000000
0.067699	0.000000
0.008740	0.000000
0.134185	0.000000
0.019146	0.000000
0.173263	0.000000
0.003314	0.000000
0.026433	0.000000
0.799270	0.000000
-0.215910	0.000000
0.009197	0.000000
0.246242	0.000000
0.033180	0.000000
2.424156	0.000000
0.016509	0.000000
0.234608	0.000000
0.049650	0.000000
2.356167	0.000000
0.291793	0.000000
1.406806	0.000000
0.057630	0.000000
0.193804	0.000000
0.115611	0.000000
0.254371	0.000000
0.007789	0.000000
0.133585	0.000000
0.070611	0.000000
0.081248	0.000000
0.118640	0.000000
0.139535	0.000000
0.654619	0.000000
0.375679	0.000000
0.317874	0.000000
0.010004	0.000000
0.340283	0.000000
0.010298	0.000000
0.425037	0.000000
0.037056	0.000000
0.135423	0.000000
0.026799	0.000000
0.115582	0.000000
0.210286	0.000000
0.064114	0.000000
0.048774	0.000000
0.036807	0.000000
0.158824	0.000000
0.014131	0.000000
0.158384	0.000000
0.302876	0.000000
0.066102	0.000000
0.545337	0.000000
0.088095	0.000000
0.769148	0.000000
0.063687	0.000000
1.466168	0.000000
0.213769	0.000000
0.252140	0.000000
0.092986	0.000000
1.055164	0.000000
0.209669	0.000000
7.717329	0.000000
0.159368	0.000000
0.028552	0.000000
0.275446	0.000000
0.276237	0.000000
1.357705	0.000000
0.036059	0.000000
0.004195	0.000000
0.395249	0.000000
0.311453	0.000000
0.014877	0.000000
0.094180	0.000000
0.022322	0.000000
0.264862	0.000000
0.014764	0.000000
0.157095	0.000000
-0.011975	0.000000
0.071825	0.000000
0.152567	0.000000
0.543018	0.000000
0.062070	0.000000
1.294683	0.000000
3.340889	0.000000
0.267201	0.000000
0.036241	0.000000
1.247013	0.000000
0.678080	0.000000
0.031179	0.000000
0.254191	0.000000
0.536941	0.000000
0.083200	0.000000
0.059508	0.000000
0.272237	0.000000
0.022187	0.000000
0.101451	0.000000
0.040428	0.000000
0.361540	0.000000
0.195190	0.000000
0.410918	0.000000
-0.002316	0.000000
0.165783	0.000000
0.123503	0.000000
0.507556	0.000000
-0.027946	0.000000
0.032368	0.000000
0.071845	0.000000
0.433623	0.000000
0.148946	0.000000
0.283763	0.000000
0.005735	0.000000
6.285108	0.000000
0.041904	0.000000
0.277941	0.000000
0.132374	0.000000
0.456188	0.000000
3.485068	0.000000
0.492346	0.000000
1.412710	0.000000
-0.723374	0.000000
0.348397	0.000000
0.027747	0.000000
0.047464	0.000000
0.008991	0.000000
0.549398	0.000000
0.188610	0.000000
-0.006125	0.000000
0.284717	0.000000
0.238418	0.000000
0.006170	0.000000
-0.588934	0.000000
0.027868	0.000000
0.204421	0.000000
0.029642	0.000000
0.246003	0.000000
-0.002198	0.000000
5.084410	0.000000
0.281918	0.000000
0.013685	0.000000
0.086319	0.000000
0.422924	0.000000
1.444927	0.000000
1.332017	0.000000
1.042871	0.000000
0.083871	0.000000
0.019929	0.000000
0.103837	0.000000
0.143620	0.000000
0.229639	0.000000
0.267128	0.000000
0.773310	0.000000
0.755215	0.000000
0.121164	0.000000
0.241336	0.000000
0.006608	0.000000
0.052301	0.000000
0.020431	0.000000
0.571291	0.000000
0.053685	0.000000
0.090422	0.000000
0.245164	0.000000
0.163801	0.000000
0.138861	0.000000
1.692020	0.000000
0.127290	0.000000
0.026189	0.000000
-0.040068	0.000000
0.006889	0.000000
0.839628	0.000000
0.181419	0.000000
0.023716	0.000000
0.131555	0.000000
0.149022	0.000000
0.231480	0.000000
0.095511	0.000000
0.556483	0.000000
0.111582	0.000000
0.375164	0.000000
0.240566	0.000000
0.063735	0.000000
0.089019	0.000000
0.031432	0.000000
0.087090	0.000000
0.069366	0.000000
0.940145	0.000000
0.034060	0.000000
2.945305	0.000000
0.068257	0.000000
-0.014202	0.000000
0.426481	0.000000
0.007570	0.000000
0.016728	0.000000
0.058434	0.000000
0.042197	0.000000
0.095547	0.000000
0.024032	0.000000
0.052822	0.000000
0.035546	0.000000
-0.028193	0.000000
0.052528	0.000000
0.217040	0.000000
0.049489	0.000000
0.785289	0.000000
0.892545	0.000000
2.020249	0.000000
0.008718	0.000000
0.150170	0.000000
0.185852	0.000000
0.098189	0.000000
0.075324	0.000000
2.508942	0.000000
0.113144	0.000000
1.307682	0.000000
0.104848	0.000000
-0.032415	0.000000
0.096495	0.000000
0.077208	0.000000
1.978181	0.000000
0.073375	0.000000
0.129650	0.000000
0.009926	0.000000
0.073217	0.000000
1.358982	0.000000
0.456766	0.000000
0.049512	0.000000
0.008747	0.000000
0.072867	0.000000
0.009659	0.000000
0.145352	0.000000
-0.027421	0.000000
-0.003125	0.000000
2.518258	0.000000
0.328193	0.000000
0.341112	0.000000
0.161123	0.000000
0.436010	0.000000
0.166088	0.000000
0.205187	0.000000
0.122681	0.000000
0.035372	0.000000
0.098374	0.000000
0.024933	0.000000
0.065135	0.000000
0.041505	0.000000
0.113140	0.000000
0.008863	0.000000
0.153071	0.000000
0.207870	0.000000
0.146453	0.000000
0.410204	0.000000
0.340927	0.000000
0.000356	0.000000
0.082090	0.000000
0.089661	0.000000
0.175951	0.000000
0.033045	0.000000
0.140399	0.000000
0.229412	0.000000
7.426178	0.000000
0.864095	0.000000
1.241074	0.000000
0.447806	0.000000
0.475991	0.000000
0.135965	0.000000
0.157825	0.000000
7.485067	0.000000
0.043939	0.000000
0.720004	0.000000
0.271063	0.000000
0.087313	0.000000
0.656931	0.000000
0.262785	0.000000
0.050972	0.000000
0.156960	0.000000
0.005025	0.000000
0.346730	0.000000
0.250301	0.000000
0.145484	0.000000
0.121460	0.000000
0.070419	0.000000
0.016711	0.000000
-0.021796	0.000000
0.257421	0.000000
-0.197234	0.000000
0.077008	0.000000
0.017588	0.000000
0.061501	0.000000
0.004457	0.000000
0.168016	0.000000
-0.036094	0.000000
0.005594	0.000000
0.520852	0.000000
0.043232	0.000000
0.286389	0.000000
0.146081	0.000000
1.131997	0.000000
0.281208	0.000000
0.063983	0.000000
0.461331	0.000000
0.234728	0.000000
0.215961	0.000000
1.047456	0.000000
0.538303	0.000000
0.029176	0.000000
0.167744	0.000000
0.126110	0.000000
-0.031143	0.000000
0.203207	0.000000
-0.022238	0.000000
0.187757	0.000000
0.051957	0.000000
0.011119	0.000000
0.009978	0.000000
0.041465	0.000000
0.177251	0.000000
0.015128	0.000000
0.289540	0.000000
0.089342	0.000000
0.008990	0.000000
0.044668	0.000000
0.942389	0.000000
0.028286	0.000000
0.729108	0.000000
0.122604	0.000000
0.123047	0.000000
0.027446	0.000000
0.105923	0.000000
0.587714	0.000000
6.243549	0.000000
0.049029	0.000000
0.298458	0.000000
0.154316	0.000000
0.112683	0.000000
0.083860	0.000000
0.008752	0.000000
0.125281	0.000000
0.018645	0.000000
0.559984	0.000000
0.072184	0.000000
0.523304	0.000000
0.033339	0.000000
0.089622	0.000000
-0.666095	0.000000
0.134097	0.000000
0.496898	0.000000
0.003672	0.000000
0.247734	0.000000
0.017113	0.000000
0.286104	0.000000
0.082086	0.000000
0.013398	0.000000
-0.424007	0.000000
0.119977	0.000000
-0.484292	0.000000
3.872902	0.000000
0.337667	0.000000
0.444130	0.000000
0.237975	0.000000
0.311998	0.000000
0.011293	0.000000
0.077288	0.000000
0.044021	0.000000
0.090593	0.000000
0.009860	0.000000
0.154441	0.000000
0.018227	0.000000
0.001926	0.000000
0.064718	0.000000
0.083242	0.000000
0.382084	0.000000
0.192270	0.000000
0.013666	0.000000
-0.055344	0.000000
0.003845	0.000000
0.350256	0.000000
0.010555	0.000000
0.421288	0.000000
0.154144	0.000000
0.021842	0.000000
-0.026273	0.000000
0.464066	0.000000
6.739354	0.000000
0.207910	0.000000
0.345745	0.000000
0.172535	0.000000
0.025420	0.000000
0.094756	0.000000
0.318977	0.000000
0.255732	0.000000
0.327606	0.000000
2.762123	0.000000
1.203381	0.000000
0.159011	0.000000
0.057397	0.000000
0.002605	0.000000
0.489820	0.000000
0.023033	0.000000
0.126087	0.000000
0.160040	0.000000
0.134784	0.000000
0.013309	0.000000
0.364134	0.000000
0.153778	0.000000
0.807782	0.000000
0.031089	0.000000
0.043187	0.000000
0.166193	0.000000
0.009731	0.000000
2.152739	0.000000
0.189098	0.000000
0.023314	0.000000
0.254493	0.000000
0.067672	0.000000
0.189381	0.000000
0.139963	0.000000
0.319412	0.000000
1.400210	0.000000
0.351528	0.000000
0.946115	0.000000
0.401454	0.000000
0.082640	0.000000
0.020461	0.000000
0.061550	0.000000
0.026132	0.000000
0.256606	0.000000
0.012634	0.000000
0.133487	0.000000
0.577774	0.000000
0.113665	0.000000
0.068890	0.000000
0.249721	0.000000
0.029397	0.000000
0.187891	0.000000
0.129694	0.000000
0.015416	0.000000
0.026935	0.000000
0.179549	0.000000
0.483556	0.000000
0.008965	0.000000
7.326531	0.000000
1.667767	0.000000
0.139527	0.000000
2.121527	0.000000
-0.467426	0.000000
0.179477	0.000000
0.140551	0.000000
0.028736	0.000000
2.761174	0.000000
0.168089	0.000000
0.075827	0.000000
0.053925	0.000000
0.472473	0.000000
0.151572	0.000000
0.215659	0.000000
0.006173	0.000000
0.150365	0.000000
0.040921	0.000000
2.803852	0.000000
0.024710	0.000000
0.159636	0.000000
0.041498	0.000000
0.095079	0.000000
0.527462	0.000000
0.340255	0.000000
0.034741	0.000000
0.021317	0.000000
0.117553	0.000000
0.026896	0.000000
-0.350600	0.000000
0.143994	0.000000
0.036611	0.000000
0.478119	0.000000
4.385767	0.000000
0.406285	0.000000
0.098299	0.000000
0.451382	0.000000
0.103640	0.000000
0.232888	0.000000
1.163918	0.000000
0.339450	0.000000
0.073252	0.000000
0.201155	0.000000
0.196570	0.000000
7.841951	0.000000
0.520576	0.000000
-0.007328	0.000000
1.181870	0.000000
0.058433	0.000000
0.053487	0.000000
0.055035	0.000000
0.194786	0.000000
0.010141	0.000000
0.126762	0.000000
0.044367	0.000000
0.116877	0.000000
0.001519	0.000000
0.437073	0.000000
0.863076	0.000000
0.082958	0.000000
0.129007	0.000000
0.043922	0.000000
0.191398	0.000000
2.901054	0.000000
0.316939	0.000000
0.045355	0.000000
2.465133	0.000000
0.483173	0.000000
0.260553	0.000000
0.032826	0.000000
0.234715	0.000000
0.638359	0.000000
0.054399	0.000000
0.091483	0.000000
0.108438	0.000000
0.055865	0.000000
1.123396	0.000000
0.072271	0.000000
-0.821261	0.000000
0.059418	0.000000
0.060414	0.000000
0.004315	0.000000
0.020054	0.000000
0.325596	0.000000
0.477327	0.000000
0.047329	0.000000
0.036188	0.000000
0.059329	0.000000
0.010113	0.000000
0.145641	0.000000
0.106663	0.000000
0.009990	0.000000
3.272853	0.000000
0.074537	0.000000
1.038496	0.000000
0.087974	0.000000
1.004404	0.000000
0.266897	0.000000
0.672590	0.000000
2.022842	0.000000
-0.040945	0.000000
0.537279	0.000000
0.014491	0.000000
0.026145	0.000000
0.030581	0.000000
3.777608	0.000000
0.154966	0.000000
0.129421	0.000000
0.117415	0.000000
0.045572	0.000000
1.725880	0.000000
0.175682	0.000000
0.006589	0.000000
0.368494	0.000000
0.076735	0.000000
0.034314	0.000000
0.034259	0.000000
0.014580	0.000000
0.118876	0.000000
0.012568	0.000000
0.120243	0.000000
0.803871	0.000000
0.096521	0.000000
-0.239500	0.000000
0.349099	0.000000
0.218482	0.000000
0.026602	0.000000
0.049951	0.000000
0.706302	0.000000
0.033645	0.000000
7.768741	0.000000
1.908611	0.000000
0.312880	0.000000
0.535710	0.000000
0.077887	0.000000
0.009734	0.000000
0.045385	0.000000
0.023860	0.000000
0.145214	0.000000
0.081222	0.000000
0.039563	0.000000
0.513277	0.000000
2.423254	0.000000
0.250485	0.000000
0.177325	0.000000
0.391139	0.000000
0.026900	0.000000
0.173390	0.000000
0.004974	0.000000
2.145087	0.000000
0.503020	0.000000
0.006793	0.000000
0.178160	0.000000
4.659436	0.000000
0.290670	0.000000
0.122693	0.000000
0.503322	0.000000
2.107969	0.000000
0.205228	0.000000
0.130766	0.000000
0.187697	0.000000
0.106684	0.000000
0.004090	0.000000
0.187263	0.000000
0.012477	0.000000
0.473949	0.000000
0.024000	0.000000
0.094229	0.000000
0.040647	0.000000
0.276861	0.000000
0.140019	0.000000
0.161837	0.000000
0.012917	0.000000
0.043718	0.000000
0.017278	0.000000
0.569754	0.000000
0.128903	0.000000
0.107296	0.000000
0.013580	0.000000
0.058357	0.000000
0.337265	0.000000
0.436175	0.000000
0.073947	0.000000
0.616830	0.000000
1.182401	0.000000
1.685076	0.000000
0.009568	0.000000
0.043222	0.000000
0.233461	0.000000
0.024681	0.000000
0.116043	0.000000
0.163772	0.000000
0.367010	0.000000
0.826423	0.000000
0.129218	0.000000
0.009813	0.000000
0.177817	0.000000
0.040669	0.000000
0.154248	0.000000
-0.256869	0.000000
0.803171	0.000000
0.014585	0.000000
0.163212	0.000000
0.827912	0.000000
0.658822	0.000000
0.049576	0.000000
-0.023651	0.000000
0.074446	0.000000
0.055143	0.000000
0.982932	0.000000
0.828776	0.000000
0.014561	0.000000
0.179784	0.000000
0.061516	0.000000
0.311511	0.000000
0.156752	0.000000
0.346896	0.000000
0.228258	0.000000
0.527633	0.000000
0.246347	0.000000
0.190767	0.000000
2.057278	0.000000
0.077117	0.000000
0.053279	0.000000
0.471752	0.000000
0.532992	0.000000
7.669437	0.000000
0.276789	0.000000
5.992462	0.000000
0.067295	0.000000
-0.022192	0.000000
0.504014	0.000000
6.832077	0.000000
0.096029	0.000000
-0.030295	0.000000
0.086972	0.000000
0.063325	0.000000
0.202711	0.000000
0.240828	0.000000
0.000991	0.000000
-0.100315	0.000000
0.167003	0.000000
0.078253	0.000000
0.759992	0.000000
0.692632	0.000000
3.754232	0.000000
0.029542	0.000000
0.006303	0.000000
0.712762	0.000000
0.044417	0.000000
0.070931	0.000000
1.041699	0.000000
1.249241	0.000000
0.368512	0.000000
0.288232	0.000000
0.001621	0.000000
0.153622	0.000000
0.011788	0.000000
0.120193	0.000000
0.365472	0.000000
0.216491	0.000000
0.287992	0.000000
0.054601	0.000000
0.222687	0.000000
2.159732	0.000000
0.048859	0.000000
0.016126	0.000000
0.082870	0.000000
0.014390	0.000000
0.122630	0.000000
0.464889	0.000000
0.011233	0.000000
0.345225	0.000000
0.068637	0.000000
0.188635	0.000000
1.190070	0.000000
3.999635	0.000000
1.488709	0.000000
0.211051	0.000000
0.159923	0.000000
0.196840	0.000000
0.050951	0.000000
0.101989	0.000000
0.173105	0.000000
0.060731	0.000000
0.183479	0.000000
0.035882	0.000000
-0.052738	0.000000
0.416909	0.000000
0.083850	0.000000
0.217618	0.000000
0.120950	0.000000
0.102367	0.000000
0.098154	0.000000
0.014256	0.000000
7.144998	0.000000
0.028747	0.000000
0.415725	0.000000
0.836273	0.000000
0.057980	0.000000
0.006695	0.000000
0.490164	0.000000
0.106636	0.000000
0.921651	0.000000
0.602503	0.000000
0.629760	0.000000
0.011951	0.000000
-0.039780	0.000000
5.925099	0.000000
0.018249	0.000000
-0.118824	0.000000
0.453716	0.000000
0.078977	0.000000
0.119427	0.000000
0.387460	0.000000
0.002901	0.000000
0.584730	0.000000
0.040342	0.000000
0.077067	0.000000
0.119216	0.000000
-0.577666	0.000000
0.034544	0.000000
-0.037857	0.000000
0.190864	0.000000
0.067442	0.000000
0.128980	0.000000
0.015963	0.000000
0.207152	0.000000
0.018653	0.000000
0.142898	0.000000
0.276167	0.000000
-0.048009	0.000000
0.167601	0.000000
0.121827	0.000000
1.268865	0.000000
1.806736	0.000000
0.295627	0.000000
0.690334	0.000000
0.191321	0.000000
0.103704	0.000000
0.133701	0.000000
-0.019885	0.000000
0.165394	0.000000
0.065278	0.000000
0.019739	0.000000
0.337580	0.000000
0.038562	0.000000
0.067384	0.000000
0.134263	0.000000
0.075900	0.000000
0.134688	0.000000
0.295194	0.000000
0.028372	0.000000
0.244498	0.000000
0.093986	0.000000
0.418015	0.000000
0.046753	0.000000
0.361961	0.000000
0.118620	0.000000
0.001325	0.000000
0.116574	0.000000
0.038260	0.000000
0.225425	0.000000
0.577786	0.000000
0.558371	0.000000
0.265164	0.000000
0.019537	0.000000
-0.146678	0.000000
0.090453	0.000000
0.059026	0.000000
0.155058	0.000000
0.360336	0.000000
0.221348	0.000000
0.083165	0.000000
0.140639	0.000000
0.001865	0.000000
0.097448	0.000000
0.041980	0.000000
1.111138	0.000000
0.058446	0.000000
0.341218	0.000000
0.109142	0.000000
0.258850	0.000000
0.279954	0.000000
0.751030	0.000000
0.069480	0.000000
0.033928	0.000000
0.053507	0.000000
0.014816	0.000000
0.240084	0.000000
0.095779	0.000000
0.013485	0.000000
0.760208	0.000000
0.160395	0.000000
0.834892	0.000000
0.043887	0.000000
0.417261	0.000000
0.183671	0.000000
0.203374	0.000000
0.200204	0.000000
0.213090	0.000000
1.186879	0.000000
0.073043	0.000000
0.021673	0.000000
0.248607	0.000000
0.210825	0.000000
0.032178	0.000000
0.392361	0.000000
0.103611	0.000000
0.030458	0.000000
1.873595	0.000000
0.264865	0.000000
0.022635	0.000000
0.047383	0.000000
7.816368	0.000000
0.037600	0.000000
0.034928	0.000000
0.122556	0.000000
0.111810	0.000000
0.036394	0.000000
0.059610	0.000000
0.425836	0.000000
0.017040	0.000000
0.262933	0.000000
0.246840	0.000000
0.119165	0.000000
0.015319	0.000000
0.006015	0.000000
0.108380	0.000000
0.024469	0.000000
0.066152	0.000000
0.582839	0.000000
0.318696	0.000000
0.610956	0.000000
0.275631	0.000000
0.008932	0.000000
0.095450	0.000000
0.016428	0.000000
0.443976	0.000000
0.058113	0.000000
0.073339	0.000000
0.012965	0.000000
0.179300	0.000000
0.578291	0.000000
0.340494	0.000000
0.026114	0.000000
0.002663	0.000000
0.138994	0.000000
0.006213	0.000000
0.162913	0.000000
0.251020	0.000000
0.002987	0.000000
0.572739	0.000000
0.178338	0.000000
0.435867	0.000000
0.184590	0.000000
1.557402	0.000000
0.125950	0.000000
0.212716	0.000000
0.086220	0.000000
0.087180	0.000000
0.110147	0.000000
0.016067	0.000000
0.202682	0.000000
0.017407	0.000000
0.273864	0.000000
0.227994	0.000000
0.050601	0.000000
0.065669	0.000000
-0.006642	0.000000
0.641341	0.000000
0.191626	0.000000
0.018059	0.000000
0.173105	0.000000
0.025941	0.000000
0.533556	0.000000
0.081140	0.000000
0.134966	0.000000
0.116437	0.000000
0.003580	0.000000
0.135228	0.000000
0.196426	0.000000
0.056786	0.000000
0.076397	0.000000
0.530533	0.000000
0.498328	0.000000
0.012088	0.000000
0.086049	0.000000
0.154317	0.000000
0.085524	0.000000
0.084377	0.000000
0.382537	0.000000
-0.156547	0.000000
0.151795	0.000000
0.071575	0.000000
0.013615	0.000000
0.408080	0.000000
0.100946	0.000000
0.135998	0.000000
0.091258	0.000000
0.110753	0.000000
0.172265	0.000000
-0.090852	0.000000
0.260497	0.000000
0.118336	0.000000
0.104507	0.000000
0.018592	0.000000
0.851761	0.000000
0.015872	0.000000
0.283606	0.000000
0.358549	0.000000
-0.008347	0.000000
0.215804	0.000000
-0.315794	0.000000
0.534567	0.000000
0.031893	0.000000
0.200325	0.000000
0.199608	0.000000
0.196701	0.000000
2.449598	0.000000
0.278167	0.000000
0.068042	0.000000
0.021959	0.000000
0.118196	0.000000
0.083779	0.000000
2.194854	0.000000
0.007572	0.000000
0.251201	0.000000
0.036049	0.000000
0.205895	0.000000
0.231396	0.000000
-1.028015	0.000000
0.005598	0.000000
0.073970	0.000000
0.100061	0.000000
0.732848	0.000000
0.009399	0.000000
0.144028	0.000000
0.308154	0.000000
-0.005825	0.000000
0.111891	0.000000
0.543256	0.000000
0.096845	0.000000
0.971085	0.000000
0.030443	0.000000
0.189583	0.000000
0.020791	0.000000
0.032663	0.000000
0.065606	0.000000
0.003917	0.000000
0.047946	0.000000
0.645329	0.000000
0.750052	0.000000
0.067462	0.000000
0.368714	0.000000
0.013666	0.000000
0.055499	0.000000
0.038636	0.000000
0.054013	0.000000
0.042876	0.000000
0.444350	0.000000
0.008099	0.000000
1.080267	0.000000
0.443314	0.000000
-0.194659	0.000000
0.122849	0.000000
0.016990	0.000000
0.362476	0.000000
0.054154	0.000000
0.467533	0.000000
0.213910	0.000000
0.015490	0.000000
0.619577	0.000000
0.236457	0.000000
4.521019	0.000000
0.036150	0.000000
0.154562	0.000000
0.278169	0.000000
0.590257	0.000000
0.280411	0.000000
0.216660	0.000000
0.344267	0.000000
0.122059	0.000000
0.111680	0.000000
0.057423	0.000000
1.603734	0.000000
-0.001214	0.000000
0.340928	0.000000
0.032808	0.000000
0.165367	0.000000
0.030106	0.000000
0.437831	0.000000
-0.003218	0.000000
0.083889	0.000000
0.001921	0.000000
0.031080	0.000000
0.000528	0.000000
0.150091	0.000000
0.670074	0.000000
0.106010	0.000000
0.135353	0.000000
0.494436	0.000000
0.068834	0.000000
3.237807	0.000000
0.288287	0.000000
0.017939	0.000000
0.096664	0.000000
0.116164	0.000000
0.215854	0.000000
0.016799	0.000000
0.079782	0.000000
5.301822	0.000000
0.351513	0.000000
0.384122	0.000000
0.257629	0.000000
0.003352	0.000000
0.099711	0.000000
0.029848	0.000000
0.836639	0.000000
0.273334	0.000000
0.233670	0.000000
0.014683	0.000000
0.136220	0.000000
1.244453	0.000000
0.236825	0.000000
0.116484	0.000000
0.152624	0.000000
0.146454	0.000000
0.016905	0.000000
0.303814	0.000000
0.114202	0.000000
0.008823	0.000000
0.140109	0.000000
3.836584	0.000000
0.313419	0.000000
2.928007	0.000000
0.033863	0.000000
4.531406	0.000000
0.156099	0.000000
0.147648	0.000000
0.170068	0.000000
0.100209	0.000000
0.001967	0.000000
0.019277	0.000000
-0.003881	0.000000
0.239123	0.000000
0.024579	0.000000
2.140457	0.000000
0.019007	0.000000
0.101272	0.000000
0.183217	0.000000
0.366393	0.000000
3.945514	0.000000
0.229351	0.000000
0.091782	0.000000
0.566482	0.000000
1.478592	0.000000
0.470665	0.000000
0.006209	0.000000
0.034854	0.000000
-0.052674	0.000000
0.419507	0.000000
0.187474	0.000000
0.145355	0.000000
0.365525	0.000000
0.998881	0.000000
0.001364	0.000000
0.024474	0.000000
0.474478	0.000000
0.560317	0.000000
0.246432	0.000000
0.688283	0.000000
0.221563	0.000000
0.044643	0.000000
0.252760	0.000000
0.000234	0.000000
0.234167	0.000000
-0.016684	0.000000
0.504722	0.000000
0.069975	0.000000
0.107570	0.000000
0.004659	0.000000
0.172648	0.000000
0.077047	0.000000
0.839640	0.000000
0.024022	0.000000
0.022517	0.000000
0.109384	0.000000
0.024272	0.000000
1.002460	0.000000
-0.017018	0.000000
0.000269	0.000000
0.087869	0.000000
0.141656	0.000000
0.297367	0.000000
0.047043	0.000000
0.945734	0.000000
0.296794	0.000000
1.631543	0.000000
0.143803	0.000000
0.346882	0.000000
4.676393	0.000000
0.049105	0.000000
-0.461364	0.000000
0.043963	0.000000
1.253946	0.000000
0.046971	0.000000
0.059742	0.000000
0.204248	0.000000
0.488514	0.000000
0.090399	0.000000
0.293909	0.000000
0.007769	0.000000
0.195124	0.000000
0.002197	0.000000
-0.054575	0.000000
0.099309	0.000000
-0.201922	0.000000
0.068050	0.000000
0.002306	0.000000
0.023843	0.000000
0.399631	0.000000
0.072328	0.000000
0.348107	0.000000
0.215100	0.000000
0.194875	0.000000
0.020153	0.000000
0.011089	0.000000
0.293142	0.000000
4.892533	0.000000
0.434368	0.000000
1.198258	0.000000
0.480849	0.000000
0.080364	0.000000
1.054085	0.000000
0.016966	0.000000
0.047658	0.000000
0.018526	0.000000
4.928155	0.000000
0.316657	0.000000
0.266497	0.000000
0.031903	0.000000
0.136105	0.000000
0.142064	0.000000
0.245159	0.000000
0.050540	0.000000
0.016717	0.000000
0.077851	0.000000
0.051951	0.000000
0.067403	0.000000
0.118208	0.000000
0.008693	0.000000
0.245791	0.000000
0.016662	0.000000
0.136585	0.000000
0.430947	0.000000
0.473773	0.000000
0.733329	0.000000
0.209570	0.000000
0.181343	0.000000
0.134402	0.000000
0.139954	0.000000
0.258793	0.000000
0.054687	0.000000
0.001502	0.000000
0.657526	0.000000
0.073544	0.000000
0.154532	0.000000
0.007342	0.000000
0.027257	0.000000
0.027427	0.000000
0.190370	0.000000
-0.015572	0.000000
-0.234842	0.000000
0.001780	0.000000
0.251353	0.000000
0.017091	0.000000
0.031705	0.000000
0.052394	0.000000
0.033255	0.000000
0.262873	0.000000
0.194486	0.000000
0.233817	0.000000
0.112691	0.000000
0.126046	0.000000
0.095273	0.000000
0.037459	0.000000
0.050671	0.000000
0.015918	0.000000
0.006038	0.000000
0.110859	0.000000
3.633243	0.000000
0.105336	0.000000
1.283150	0.000000
0.184672	0.000000
0.012346	0.000000
0.097500	0.000000
0.012670	0.000000
3.698855	0.000000
0.004761	0.000000
0.115593	0.000000
0.038938	0.000000
0.560524	0.000000
1.158614	0.000000
0.071301	0.000000
0.060070	0.000000
0.033835	0.000000
0.112976	0.000000
0.012823	0.000000
0.515695	0.000000
-0.348546	0.000000
0.001056	0.000000
-0.102254	0.000000
0.755068	0.000000
0.490381	0.000000
0.364451	0.000000
0.894072	0.000000
-1.131952	0.000000
0.210383	0.000000
0.195496	0.000000
2.088635	0.000000
0.551317	0.000000
0.018581	0.000000
0.279595	0.000000
0.008708	0.000000
0.254804	0.000000
0.083917	0.000000
0.137931	0.000000
0.210701	0.000000
0.040642	0.000000
1.001378	0.000000
0.574652	0.000000
0.086485	0.000000
7.355517	0.000000
0.109898	0.000000
0.934740	0.000000
0.017357	0.000000
0.142153	0.000000
0.080931	0.000000
0.026898	0.000000
0.023744	0.000000
0.123011	0.000000
0.247089	0.000000
-1.510968	0.000000
0.759060	0.000000
0.195942	0.000000
0.190896	0.000000
0.464422	0.000000
-0.165495	0.000000
0.003340	0.000000
0.200653	0.000000
0.394112	0.000000
0.372142	0.000000
0.064067	0.000000
-1.932207	0.000000
0.001437	0.000000
0.031036	0.000000
0.026651	0.000000
0.415601	0.000000
0.107461	0.000000
0.148994	0.000000
0.067157	0.000000
0.152736	0.000000
0.072392	0.000000
0.308270	0.000000
0.022651	0.000000
0.045630	0.000000
0.113679	0.000000
0.016074	0.000000
0.327630	0.000000
0.139965	0.000000
0.013749	0.000000
0.933375	0.000000
0.011794	0.000000
0.195628	0.000000
0.077873	0.000000
0.025832	0.000000
0.078848	0.000000
0.198572	0.000000
-0.078422	0.000000
0.057032	0.000000
0.173614	0.000000
0.279961	0.000000
0.721171	0.000000
0.013683	0.000000
0.205635	0.000000
0.026608	0.000000
0.087018	0.000000
0.073802	0.000000
0.091478	0.000000
0.284717	0.000000
0.400924	0.000000
0.007814	0.000000
0.097393	0.000000
0.034310	0.000000
0.058162	0.000000
0.028523	0.000000
4.804408	0.000000
0.157435	0.000000
0.015193	0.000000
0.021315	0.000000
0.219295	0.000000
0.046407	0.000000
0.065503	0.000000
0.328082	0.000000
0.083237	0.000000
0.010358	0.000000
0.210737	0.000000
0.152151	0.000000
0.089089	0.000000
0.006421	0.000000
-0.206865	0.000000
0.155167	0.000000
0.103530	0.000000
1.032984	0.000000
0.006652	0.000000
0.159304	0.000000
0.012940	0.000000
0.450651	0.000000
0.068159	0.000000
0.384344	0.000000
0.024168	0.000000
0.069521	0.000000
1.825222	0.000000
0.256583	0.000000
0.071525	0.000000
0.023192	0.000000
0.174762	0.000000
0.029852	0.000000
0.151660	0.000000
0.162440	0.000000
0.028684	0.000000
2.590110	0.000000
0.211198	0.000000
0.271734	0.000000
0.763516	0.000000
4.031469	0.000000
0.198970	0.000000
0.512102	0.000000
0.580120	0.000000
0.087103	0.000000
0.113757	0.000000
0.238944	0.000000
0.098901	0.000000
0.006021	0.000000
0.080161	0.000000
0.026496	0.000000
0.039147	0.000000
0.045866	0.000000
0.106431	0.000000
0.872097	0.000000
1.385366	0.000000
0.007188	0.000000
0.139537	0.000000
0.050198	0.000000
0.001470	0.000000
0.020140	0.000000
1.356445	0.000000
0.010430	0.000000
0.022611	0.000000
0.027741	0.000000
0.639042	0.000000
0.159007	0.000000
1.183676	0.000000
0.538509	0.000000
3.419668	0.000000
0.003685	0.000000
-0.045017	0.000000
1.964355	0.000000
0.010866	0.000000
0.271481	0.000000
0.021906	0.000000
0.460194	0.000000
0.126176	0.000000
0.983828	0.000000
0.009614	0.000000
0.194145	0.000000
0.019752	0.000000
1.349752	0.000000
0.080840	0.000000
0.171971	0.000000
0.009449	0.000000
0.059493	0.000000
0.194200	0.000000
0.166656	0.000000
0.024990	0.000000
0.014100	0.000000
0.309029	0.000000
0.019169	0.000000
0.175862	0.000000
0.021018	0.000000
0.180695	0.000000
0.216553	0.000000
0.066049	0.000000
0.220173	0.000000
0.127675	0.000000
0.727033	0.000000
0.665655	0.000000
-0.264472	0.000000
7.150332	0.000000
0.313109	0.000000
0.028744	0.000000
0.062413	0.000000
0.058999	0.000000
0.024682	0.000000
0.821616	0.000000
0.016692	0.000000
0.127846	0.000000
0.094851	0.000000
0.020317	0.000000
0.172829	0.000000
0.252483	0.000000
0.011692	0.000000
0.081417	0.000000
0.017421	0.000000
0.166532	0.000000
0.018995	0.000000
0.095880	0.000000
0.298796	0.000000
0.059698	0.000000
0.005035	0.000000
0.500412	0.000000
0.274198	0.000000
0.348207	0.000000
0.403832	0.000000
0.197875	0.000000
0.020789	0.000000
0.013209	0.000000
0.177202	0.000000
0.040114	0.000000
0.128513	0.000000
0.599627	0.000000
0.029154	0.000000
0.200316	0.000000
0.236714	0.000000
0.002224	0.000000
0.101717	0.000000
-0.023323	0.000000
0.114162	0.000000
0.218792	0.000000
3.359714	0.000000
0.013220	0.000000
0.144292	0.000000
0.528168	0.000000
1.779823	0.000000
0.020030	0.000000
0.008960	0.000000
0.111456	0.000000
-0.025232	0.000000
0.353088	0.000000
0.137054	0.000000
0.005136	0.000000
0.296762	0.000000
0.387329	0.000000
0.127148	0.000000
0.303322	0.000000
0.763533	0.000000
0.145929	0.000000
0.311651	0.000000
0.291950	0.000000
0.117216	0.000000
0.162510	0.000000
0.032993	0.000000
0.522026	0.000000
0.037864	0.000000
0.447812	0.000000
0.008000	0.000000
0.038352	0.000000
0.088345	0.000000
0.025252	0.000000
0.195714	0.000000
1.407695	0.000000
0.002538	0.000000
0.108561	0.000000
0.060821	0.000000
0.042462	0.000000
0.013938	0.000000
0.121634	0.000000
1.341301	0.000000
0.010110	0.000000
0.046356	0.000000
-0.210321	0.000000
0.173702	0.000000
1.217042	0.000000
0.304418	0.000000
0.249785	0.000000
0.007878	0.000000
0.071475	0.000000
1.300846	0.000000
0.016856	0.000000
0.043798	0.000000
0.120309	0.000000
0.091405	0.000000
0.013527	0.000000
0.071787	0.000000
0.002508	0.000000
3.618479	0.000000
0.814308	0.000000
0.240465	0.000000
0.040621	0.000000
0.090881	0.000000
0.014511	0.000000
-0.025485	0.000000
0.794652	0.000000
0.463036	0.000000
0.031537	0.000000
0.128650	0.000000
0.361051	0.000000
0.032421	0.000000
-0.030462	0.000000
0.802950	0.000000
0.005572	0.000000
1.278512	0.000000
1.915673	0.000000
2.004758	0.000000
0.162471	0.000000
0.486114	0.000000
2.864297	0.000000
0.122513	0.000000
0.120831	0.000000
0.290575	0.000000
2.400960	0.000000
0.385043	0.000000
0.053304	0.000000
0.058088	0.000000
0.299535	0.000000
0.048111	0.000000
0.231024	0.000000
0.466840	0.000000
0.111117	0.000000
0.177026	0.000000
0.043080	0.000000
0.057475	0.000000
0.209976	0.000000
0.022421	0.000000
0.210843	0.000000
0.041055	0.000000
0.174645	0.000000
0.128678	0.000000
0.028855	0.000000
0.117556	0.000000
0.701335	0.000000
0.155099	0.000000
0.422339	0.000000
0.999711	0.000000
0.257144	0.000000
0.014314	0.000000
1.236836	0.000000
0.066638	0.000000
0.690008	0.000000
1.081819	0.000000
1.082750	0.000000
0.860825	0.000000
0.052568	0.000000
0.004995	0.000000
