3.917396	0.000000
0.180500	0.000000
1.384665	0.000000
-0.104191	0.000000
0.657382	0.000000
0.144634	0.000000
-0.318211	0.000000
-0.925187	0.000000
0.858122	0.000000
1.224399	0.000000
-1.627421	0.000000
2.298952	0.000000
-0.162198	0.000000
-0.630629	0.000000
0.151975	0.000000
0.135580	0.000000
-1.198942	0.000000
-0.730638	0.000000
0.000035	0.000000
0.332652	0.000000
0.086043	0.000000
0.000019	0.000000
0.358433	0.000000
0.951183	0.000000
0.594630	0.000000
0.671178	0.000000
0.230502	0.000000
0.444669	0.000000
-0.382827	0.000000
-1.464507	0.000000
0.000007	0.000000
-0.556275	0.000000
-0.438783	0.000000
0.091358	0.000000
0.099145	0.000000
-0.441649	0.000000
0.299016	0.000000
1.437924	0.000000
-0.467927	0.000000
0.620911	0.000000
1.230718	0.000000
0.747213	0.000000
-0.651095	0.000000
-0.438374	0.000000
0.520547	0.000000
1.125341	0.000000
0.691783	0.000000
0.914986	0.000000
2.157661	0.000000
0.038132	0.000000
-1.107896	0.000000
1.150108	0.000000
2.447513	0.000000
0.060669	0.000000
1.352698	0.000000
0.703688	0.000000
-1.252829	0.000000
-0.121087	0.000000
1.273276	0.000000
0.369471	0.000000
0.744314	0.000000
4.512324	0.000000
0.837244	0.000000
0.312655	0.000000
0.177003	0.000000
0.674961	0.000000
0.459742	0.000000
-0.740157	0.000000
-1.680400	0.000000
0.952328	0.000000
0.520807	0.000000
0.304319	0.000000
0.851687	0.000000
0.431527	0.000000
1.215648	0.000000
0.474479	0.000000
1.267497	0.000000
1.461314	0.000000
0.946096	0.000000
1.097722	0.000000
1.204421	0.000000
1.338472	0.000000
1.110984	0.000000
0.492001	0.000000
0.169930	0.000000
-0.583574	0.000000
0.153711	0.000000
-0.543367	0.000000
0.723146	0.000000
0.732284	0.000000
0.676821	0.000000
1.311351	0.000000
0.850207	0.000000
1.597593	0.000000
-0.594658	0.000000
0.649555	0.000000
2.242448	0.000000
-0.792296	0.000000
0.104052	0.000000
-0.395063	0.000000
-0.775859	0.000000
0.342506	0.000000
0.904379	0.000000
0.949837	0.000000
-0.109585	0.000000
2.072983	0.000000
0.276712	0.000000
-0.146345	0.000000
0.068510	0.000000
0.876944	0.000000
1.025898	0.000000
-0.041031	0.000000
1.653757	0.000000
-0.879228	0.000000
1.169922	0.000000
-0.351812	0.000000
0.428653	0.000000
-0.333009	0.000000
0.198982	0.000000
0.067217	0.000000
1.762850	0.000000
1.308601	0.000000
3.220149	0.000000
-0.486306	0.000000
1.491744	0.000000
1.012445	0.000000
1.060875	0.000000
-0.555097	0.000000
0.750850	0.000000
-0.068008	0.000000
1.757695	0.000000
0.405720	0.000000
-0.486639	0.000000
-0.730217	0.000000
1.215645	0.000000
1.796164	0.000000
0.719396	0.000000
1.071655	0.000000
0.340587	0.000000
0.665275	0.000000
0.559202	0.000000
1.420421	0.000000
2.114461	0.000000
0.819951	0.000000
1.061900	0.000000
-0.408527	0.000000
1.997687	0.000000
0.839879	0.000000
0.978422	0.000000
-0.465962	0.000000
-0.208159	0.000000
0.993428	0.000000
0.054886	0.000000
0.410859	0.000000
1.618877	0.000000
1.480947	0.000000
0.199396	0.000000
-0.674896	0.000000
0.208065	0.000000
-0.564433	0.000000
1.043455	0.000000
-0.591516	0.000000
-0.289364	0.000000
-0.036523	0.000000
0.547950	0.000000
-0.029581	0.000000
2.435084	0.000000
2.452119	0.000000
-0.582213	0.000000
0.648189	0.000000
0.820696	0.000000
0.575056	0.000000
0.264621	0.000000
-0.394127	0.000000
0.584964	0.000000
-0.087897	0.000000
-0.032938	0.000000
0.211940	0.000000
0.039793	0.000000
0.974083	0.000000
-0.509205	0.000000
0.721969	0.000000
0.450816	0.000000
3.473948	0.000000
0.126449	0.000000
1.783807	0.000000
-0.282877	0.000000
-0.185003	0.000000
1.287171	0.000000
-0.238031	0.000000
1.009067	0.000000
0.405695	0.000000
1.176121	0.000000
-0.763435	0.000000
1.215607	0.000000
-0.914987	0.000000
0.000016	0.000000
-0.292235	0.000000
0.302772	0.000000
-1.130933	0.000000
-0.042971	0.000000
-0.054590	0.000000
-1.075124	0.000000
1.443162	0.000000
0.637125	0.000000
1.429891	0.000000
-0.115223	0.000000
-1.432670	0.000000
-0.042523	0.000000
-0.865373	0.000000
0.000049	0.000000
-0.278154	0.000000
1.947195	0.000000
0.912904	0.000000
2.180529	0.000000
0.181887	0.000000
0.747498	0.000000
-1.408507	0.000000
2.443921	0.000000
-0.366881	0.000000
-1.605261	0.000000
0.217937	0.000000
-0.036143	0.000000
0.146164	0.000000
-0.630129	0.000000
0.118497	0.000000
-0.304370	0.000000
-0.329357	0.000000
0.000008	0.000000
0.724451	0.000000
0.738659	0.000000
-1.437558	0.000000
-0.562258	0.000000
-0.272861	0.000000
0.182814	0.000000
0.439819	0.000000
1.120974	0.000000
0.000046	0.000000
-0.556991	0.000000
1.377120	0.000000
0.705131	0.000000
-0.541428	0.000000
-1.030381	0.000000
-1.736909	0.000000
2.528326	0.000000
1.060646	0.000000
0.954819	0.000000
-0.046250	0.000000
-0.786565	0.000000
0.884270	0.000000
-0.553338	0.000000
0.371899	0.000000
-0.729929	0.000000
0.896271	0.000000
0.182388	0.000000
-0.237184	0.000000
-0.411046	0.000000
0.146206	0.000000
1.702958	0.000000
1.995809	0.000000
0.000057	0.000000
-1.993973	0.000000
1.469379	0.000000
-0.295152	0.000000
0.807044	0.000000
-1.313098	0.000000
0.499421	0.000000
0.296463	0.000000
1.063461	0.000000
-0.399376	0.000000
-0.312306	0.000000
0.794767	0.000000
0.301677	0.000000
1.232431	0.000000
1.090247	0.000000
-1.143151	0.000000
1.096350	0.000000
0.322796	0.000000
0.468016	0.000000
-1.721484	0.000000
-0.481576	0.000000
1.151920	0.000000
-0.470245	0.000000
1.534370	0.000000
-1.589005	0.000000
1.569535	0.000000
0.747131	0.000000
0.658803	0.000000
0.342530	0.000000
0.266917	0.000000
-0.246184	0.000000
0.780425	0.000000
0.297688	0.000000
1.485688	0.000000
0.073148	0.000000
0.263906	0.000000
-0.857198	0.000000
0.635831	0.000000
-0.676378	0.000000
0.436648	0.000000
1.606155	0.000000
0.767130	0.000000
0.418633	0.000000
0.729536	0.000000
-0.404501	0.000000
4.821112	0.000000
0.990164	0.000000
0.740262	0.000000
-0.786566	0.000000
-0.986284	0.000000
0.618470	0.000000
-0.338027	0.000000
-0.729938	0.000000
0.000007	0.000000
0.850939	0.000000
0.508355	0.000000
0.548147	0.000000
1.315232	0.000000
0.681162	0.000000
2.328450	0.000000
2.150788	0.000000
-0.437009	0.000000
1.075156	0.000000
1.475933	0.000000
2.081236	0.000000
-0.379347	0.000000
1.690344	0.000000
0.494090	0.000000
1.658982	0.000000
1.497897	0.000000
-0.989058	0.000000
1.947133	0.000000
1.206710	0.000000
0.136933	0.000000
0.958100	0.000000
-0.155852	0.000000
-1.594574	0.000000
0.880366	0.000000
0.052033	0.000000
0.790246	0.000000
-0.267510	0.000000
0.031153	0.000000
1.085254	0.000000
-0.109583	0.000000
-0.027383	0.000000
2.072974	0.000000
-0.110671	0.000000
0.768580	0.000000
-0.513723	0.000000
0.915030	0.000000
0.738632	0.000000
1.478667	0.000000
1.488348	0.000000
0.272880	0.000000
0.767779	0.000000
-0.527730	0.000000
0.824288	0.000000
1.059735	0.000000
0.318333	0.000000
1.175605	0.000000
1.723668	0.000000
0.270787	0.000000
-1.996412	0.000000
0.555866	0.000000
0.227565	0.000000
1.880238	0.000000
3.536253	0.000000
0.416400	0.000000
0.858112	0.000000
-0.442109	0.000000
0.032563	0.000000
0.338123	0.000000
1.216650	0.000000
0.298768	0.000000
1.337181	0.000000
0.406708	0.000000
0.513847	0.000000
1.704846	0.000000
-0.378363	0.000000
0.099793	0.000000
0.559202	0.000000
-0.218509	0.000000
-0.035802	0.000000
0.196833	0.000000
0.339840	0.000000
0.262660	0.000000
0.691513	0.000000
0.790475	0.000000
-0.042496	0.000000
-0.232952	0.000000
0.780910	0.000000
-0.039681	0.000000
0.356562	0.000000
-0.410796	0.000000
-0.627701	0.000000
0.623576	0.000000
1.744155	0.000000
-0.733568	0.000000
0.156068	0.000000
-0.818423	0.000000
-1.016652	0.000000
0.373616	0.000000
0.506493	0.000000
0.292281	0.000000
0.767143	0.000000
0.148082	0.000000
0.830150	0.000000
0.000012	0.000000
0.205519	0.000000
1.067539	0.000000
-0.287196	0.000000
0.657196	0.000000
1.157615	0.000000
-0.212221	0.000000
0.877431	0.000000
1.935055	0.000000
0.791309	0.000000
2.664403	0.000000
0.835573	0.000000
0.974094	0.000000
0.470117	0.000000
1.218319	0.000000
-0.064356	0.000000
-0.590540	0.000000
0.151727	0.000000
3.181930	0.000000
1.096228	0.000000
4.626231	0.000000
0.464835	0.000000
1.190406	0.000000
-0.358037	0.000000
0.270489	0.000000
0.040616	0.000000
0.829860	0.000000
2.005765	0.000000
0.271158	0.000000
0.650891	0.000000
1.997148	0.000000
-0.378405	0.000000
2.627859	0.000000
0.516193	0.000000
1.775487	0.000000
0.537576	0.000000
-0.065551	0.000000
1.231795	0.000000
0.437744	0.000000
1.575098	0.000000
1.185701	0.000000
0.680666	0.000000
0.332893	0.000000
-0.312303	0.000000
0.755018	0.000000
1.727787	0.000000
0.365194	0.000000
-0.330371	0.000000
0.389725	0.000000
-1.046421	0.000000
0.792315	0.000000
0.624032	0.000000
-0.479766	0.000000
-1.096928	0.000000
0.529259	0.000000
1.555523	0.000000
-0.036489	0.000000
-0.164367	0.000000
0.651540	0.000000
-0.387380	0.000000
0.914956	0.000000
1.438444	0.000000
0.915066	0.000000
0.082109	0.000000
0.985808	0.000000
0.496124	0.000000
0.151605	0.000000
-1.096716	0.000000
-0.615685	0.000000
0.197824	0.000000
1.332187	0.000000
-0.835550	0.000000
0.974094	0.000000
0.274269	0.000000
-0.135308	0.000000
-0.579613	0.000000
-1.285308	0.000000
1.567585	0.000000
0.482139	0.000000
0.424392	0.000000
0.370128	0.000000
3.575463	0.000000
1.190404	0.000000
-0.227813	0.000000
-0.202796	0.000000
1.095035	0.000000
1.228179	0.000000
1.276426	0.000000
1.220045	0.000000
0.034295	0.000000
0.146137	0.000000
-0.756808	0.000000
1.197518	0.000000
0.172120	0.000000
0.573648	0.000000
0.143375	0.000000
0.360816	0.000000
-0.212318	0.000000
0.291809	0.000000
1.037308	0.000000
-0.839787	0.000000
1.488890	0.000000
-0.033277	0.000000
0.000026	0.000000
-0.794711	0.000000
0.658209	0.000000
0.365177	0.000000
-0.958073	0.000000
0.649559	0.000000
1.245848	0.000000
-1.379160	0.000000
0.156026	0.000000
-0.733751	0.000000
0.347842	0.000000
1.369861	0.000000
-0.687317	0.000000
-0.328735	0.000000
-0.794477	0.000000
-0.384934	0.000000
0.442744	0.000000
0.256210	0.000000
-0.205476	0.000000
1.220044	0.000000
0.328305	0.000000
-0.246385	0.000000
0.760751	0.000000
0.242560	0.000000
-1.242983	0.000000
0.263907	0.000000
0.362685	0.000000
0.938626	0.000000
-0.437635	0.000000
0.537441	0.000000
0.979382	0.000000
1.669584	0.000000
-0.321997	0.000000
-0.937931	0.000000
1.365288	0.000000
1.398181	0.000000
0.247562	0.000000
-0.786430	0.000000
1.215649	0.000000
3.401055	0.000000
1.334531	0.000000
1.487540	0.000000
-0.364930	0.000000
0.863053	0.000000
0.243140	0.000000
0.576128	0.000000
2.500713	0.000000
0.876813	0.000000
0.189233	0.000000
0.133105	0.000000
0.989406	0.000000
-1.092576	0.000000
0.322542	0.000000
1.213577	0.000000
0.042526	0.000000
0.642014	0.000000
0.192124	0.000000
-0.889193	0.000000
0.595555	0.000000
0.332882	0.000000
0.468606	0.000000
0.993460	0.000000
-0.383928	0.000000
-1.004160	0.000000
0.429508	0.000000
-0.701473	0.000000
0.747482	0.000000
1.555300	0.000000
1.871894	0.000000
0.649122	0.000000
0.829397	0.000000
1.338714	0.000000
-0.940495	0.000000
1.169042	0.000000
0.794554	0.000000
1.184553	0.000000
0.553455	0.000000
0.475800	0.000000
1.780938	0.000000
-0.114343	0.000000
1.272127	0.000000
1.109041	0.000000
1.323004	0.000000
0.394164	0.000000
0.146237	0.000000
1.583262	0.000000
-0.494532	0.000000
-1.332174	0.000000
0.119412	0.000000
0.470234	0.000000
0.509273	0.000000
1.985440	0.000000
1.610051	0.000000
-0.972686	0.000000
0.202288	0.000000
-0.337417	0.000000
0.565804	0.000000
1.850490	0.000000
-0.321746	0.000000
1.224373	0.000000
3.254986	0.000000
-0.371869	0.000000
-1.176062	0.000000
1.394156	0.000000
0.911719	0.000000
0.372801	0.000000
-0.068459	0.000000
0.876804	0.000000
0.264956	0.000000
0.565525	0.000000
0.387159	0.000000
1.529661	0.000000
1.003482	0.000000
0.787164	0.000000
-0.509629	0.000000
1.196433	0.000000
-0.115204	0.000000
-0.296349	0.000000
0.935833	0.000000
-0.565841	0.000000
0.364433	0.000000
1.510045	0.000000
-0.191971	0.000000
0.365193	0.000000
1.453695	0.000000
0.857383	0.000000
-0.199249	0.000000
-0.234753	0.000000
-0.051915	0.000000
-1.862594	0.000000
0.749144	0.000000
1.463230	0.000000
0.795897	0.000000
-0.109589	0.000000
-1.315031	0.000000
0.444229	0.000000
-0.249035	0.000000
1.207781	0.000000
-0.068454	0.000000
0.876902	0.000000
1.477271	0.000000
-0.205352	0.000000
0.429987	0.000000
1.152182	0.000000
-0.438680	0.000000
0.791646	0.000000
0.131902	0.000000
-0.787179	0.000000
0.557084	0.000000
0.369512	0.000000
0.430919	0.000000
-0.451178	0.000000
0.354253	0.000000
-0.347384	0.000000
0.783783	0.000000
0.385736	0.000000
-0.565737	0.000000
0.092557	0.000000
-0.572040	0.000000
0.544194	0.000000
0.943964	0.000000
3.380780	0.000000
-0.364955	0.000000
2.024822	0.000000
1.793010	0.000000
1.457242	0.000000
0.000051	0.000000
0.389731	0.000000
-0.037792	0.000000
1.330550	0.000000
-0.817230	0.000000
0.300484	0.000000
0.537607	0.000000
1.147940	0.000000
1.189310	0.000000
-0.320944	0.000000
-1.190917	0.000000
0.691645	0.000000
0.723152	0.000000
-0.665708	0.000000
0.468548	0.000000
-1.827898	0.000000
0.466240	0.000000
0.000066	0.000000
-0.892007	0.000000
0.675537	0.000000
-0.298983	0.000000
-0.293443	0.000000
0.312060	0.000000
1.241785	0.000000
1.819346	0.000000
0.404737	0.000000
2.170508	0.000000
-0.219132	0.000000
1.150688	0.000000
1.006877	0.000000
1.438928	0.000000
0.914973	0.000000
-0.342449	0.000000
0.000015	0.000000
1.313121	0.000000
2.176934	0.000000
1.356095	0.000000
0.090982	0.000000
-0.292449	0.000000
-0.263809	0.000000
0.659399	0.000000
-0.878020	0.000000
-1.114056	0.000000
-1.175536	0.000000
1.136083	0.000000
1.173207	0.000000
1.062660	0.000000
-0.034727	0.000000
0.101151	0.000000
1.687400	0.000000
0.424354	0.000000
3.145889	0.000000
1.573233	0.000000
0.850273	0.000000
-0.813732	0.000000
0.811380	0.000000
4.055514	0.000000
2.921063	0.000000
0.030409	0.000000
0.169495	0.000000
-1.027673	0.000000
1.266495	0.000000
0.151399	0.000000
0.665315	0.000000
1.548556	0.000000
-0.300428	0.000000
-0.465844	0.000000
0.918376	0.000000
1.486618	0.000000
0.029219	0.000000
2.189787	0.000000
1.136295	0.000000
-0.638009	0.000000
-0.066548	0.000000
0.364428	0.000000
0.755065	0.000000
0.109734	0.000000
0.182598	0.000000
-0.429448	0.000000
-0.285766	0.000000
0.448508	0.000000
-0.352126	0.000000
0.623969	0.000000
1.044222	0.000000
0.347813	0.000000
0.622681	0.000000
0.000034	0.000000
-1.424679	0.000000
0.328789	0.000000
0.029659	0.000000
-1.079170	0.000000
0.183044	0.000000
-0.171207	0.000000
1.334402	0.000000
-0.533417	0.000000
0.369723	0.000000
0.066197	0.000000
-0.242529	0.000000
-0.365537	0.000000
-0.703622	0.000000
-0.131827	0.000000
1.271659	0.000000
1.512004	0.000000
1.645847	0.000000
-0.509219	0.000000
0.000029	0.000000
0.579632	0.000000
-0.312610	0.000000
-0.353962	0.000000
2.362366	0.000000
0.671929	0.000000
0.740204	0.000000
0.429093	0.000000
-0.612134	0.000000
-0.195293	0.000000
1.622767	0.000000
0.162262	0.000000
3.319391	0.000000
0.911744	0.000000
0.440587	0.000000
-0.342504	0.000000
1.120369	0.000000
-0.605442	0.000000
0.199620	0.000000
0.129104	0.000000
1.475052	0.000000
-0.143322	0.000000
-0.655913	0.000000
0.934450	0.000000
0.233486	0.000000
0.806776	0.000000
-0.543362	0.000000
0.340361	0.000000
1.497849	0.000000
0.052080	0.000000
2.424015	0.000000
-0.438797	0.000000
-0.502033	0.000000
0.264318	0.000000
1.143179	0.000000
-0.597977	0.000000
0.381481	0.000000
0.780032	0.000000
0.254007	0.000000
-0.026734	0.000000
0.124550	0.000000
2.749290	0.000000
0.657604	0.000000
1.643848	0.000000
0.503469	0.000000
0.304392	0.000000
-0.182980	0.000000
0.411025	0.000000
-0.266831	0.000000
0.451405	0.000000
0.082168	0.000000
0.760749	0.000000
0.030364	0.000000
0.767769	0.000000
-0.263809	0.000000
-0.758249	0.000000
0.211957	0.000000
-0.159125	0.000000
-0.167931	0.000000
-0.039137	0.000000
0.315927	0.000000
1.513454	0.000000
1.250635	0.000000
-0.050557	0.000000
2.989102	0.000000
1.485254	0.000000
0.879025	0.000000
-0.858070	0.000000
0.374126	0.000000
-0.781171	0.000000
0.946651	0.000000
-0.446041	0.000000
0.000006	0.000000
3.039038	0.000000
-0.135512	0.000000
0.856402	0.000000
0.633281	0.000000
0.946087	0.000000
-0.199548	0.000000
1.419549	0.000000
0.846796	0.000000
0.680917	0.000000
0.688773	0.000000
2.038769	0.000000
0.408569	0.000000
1.959255	0.000000
0.790487	0.000000
0.382901	0.000000
0.565884	0.000000
-2.134399	0.000000
0.715295	0.000000
-0.658193	0.000000
0.821650	0.000000
-0.264264	0.000000
1.143206	0.000000
-0.249087	0.000000
1.261817	0.000000
2.235924	0.000000
0.254039	0.000000
0.882923	0.000000
0.965112	0.000000
0.072403	0.000000
0.511471	0.000000
1.095888	0.000000
-0.740305	0.000000
0.387417	0.000000
0.475813	0.000000
0.137013	0.000000
1.830067	0.000000
-0.369272	0.000000
1.601889	0.000000
-1.157589	0.000000
-0.272871	0.000000
-0.073071	0.000000
-1.495216	0.000000
1.022087	0.000000
0.726666	0.000000
0.159200	0.000000
-0.738924	0.000000
-1.449391	0.000000
0.180561	0.000000
-0.708389	0.000000
0.034794	0.000000
0.252858	0.000000
-0.433873	0.000000
-0.141399	0.000000
0.601409	0.000000
1.537475	0.000000
-0.850227	0.000000
0.748655	0.000000
0.676157	0.000000
-0.648822	0.000000
-0.365088	0.000000
-0.212694	0.000000
3.388948	0.000000
0.000037	0.000000
0.730656	0.000000
2.951747	0.000000
-0.365867	0.000000
1.247469	0.000000
0.874088	0.000000
1.075188	0.000000
1.607139	0.000000
0.424760	0.000000
-0.612754	0.000000
1.114146	0.000000
0.000057	0.000000
1.488831	0.000000
-0.599093	0.000000
1.353598	0.000000
0.675557	0.000000
0.521109	0.000000
0.228282	0.000000
0.858999	0.000000
-0.415674	0.000000
0.847220	0.000000
0.440181	0.000000
0.052034	0.000000
1.100669	0.000000
-0.214021	0.000000
0.031161	0.000000
1.555519	0.000000
0.511470	0.000000
1.424681	0.000000
-0.977215	0.000000
-0.027640	0.000000
-0.146370	0.000000
1.198694	0.000000
-0.228746	0.000000
-1.148929	0.000000
1.519777	0.000000
1.389125	0.000000
-1.000532	0.000000
-0.658019	0.000000
1.319392	0.000000
1.351751	0.000000
-0.211929	0.000000
-0.159156	0.000000
0.537455	0.000000
-0.156685	0.000000
-0.270691	0.000000
1.642284	0.000000
0.000017	0.000000
2.503046	0.000000
0.867839	0.000000
0.318277	0.000000
1.110328	0.000000
0.429080	0.000000
0.544209	0.000000
-1.822750	0.000000
-0.371836	0.000000
-0.081089	0.000000
-1.327720	0.000000
0.668603	0.000000
-0.643850	0.000000
3.425622	0.000000
0.633224	0.000000
0.189224	0.000000
1.064460	0.000000
0.301168	0.000000
0.109301	0.000000
0.179239	0.000000
-2.263016	0.000000
-0.084898	0.000000
0.496091	0.000000
-0.038359	0.000000
0.296459	0.000000
2.169446	0.000000
0.233043	0.000000
1.353556	0.000000
-0.119166	0.000000
0.548519	0.000000
-0.136908	0.000000
1.751027	0.000000
-0.077932	0.000000
-0.548139	0.000000
-0.322758	0.000000
1.299959	0.000000
0.762005	0.000000
0.989948	0.000000
0.466998	0.000000
-1.121393	0.000000
0.694146	0.000000
0.301376	0.000000
0.088882	0.000000
-0.747104	0.000000
1.793331	0.000000
-0.273978	0.000000
-0.381248	0.000000
1.805548	0.000000
0.451842	0.000000
-1.455259	0.000000
1.788886	0.000000
0.329083	0.000000
1.099509	0.000000
0.395662	0.000000
-0.787166	0.000000
0.596890	0.000000
0.503849	0.000000
0.117575	0.000000
1.714732	0.000000
1.094885	0.000000
-0.972656	0.000000
0.505693	0.000000
1.157095	0.000000
1.096244	0.000000
0.786488	0.000000
1.430217	0.000000
0.782265	0.000000
0.000027	0.000000
-0.608529	0.000000
1.743866	0.000000
-0.165950	0.000000
0.486256	0.000000
-0.677731	0.000000
1.644297	0.000000
4.871014	0.000000
0.416270	0.000000
1.064440	0.000000
1.892674	0.000000
0.928718	0.000000
0.394231	0.000000
-0.229559	0.000000
1.274205	0.000000
0.379381	0.000000
2.689213	0.000000
0.000040	0.000000
2.041869	0.000000
0.832174	0.000000
0.260356	0.000000
0.596067	0.000000
-0.082260	0.000000
2.419144	0.000000
1.387607	0.000000
-0.025980	0.000000
0.797359	0.000000
0.704279	0.000000
1.767936	0.000000
0.705570	0.000000
-0.214017	0.000000
0.466996	0.000000
0.361802	0.000000
1.095958	0.000000
-0.602717	0.000000
0.266537	0.000000
-0.304367	0.000000
0.841787	0.000000
-0.547921	0.000000
1.029441	0.000000
0.328317	0.000000
1.478686	0.000000
0.330774	0.000000
0.788351	0.000000
0.255941	0.000000
0.044016	0.000000
0.758348	0.000000
-0.454144	0.000000
0.039817	0.000000
0.369477	0.000000
-1.057684	0.000000
1.308631	0.000000
-0.482998	0.000000
1.771708	0.000000
0.783809	0.000000
0.433912	0.000000
0.954779	0.000000
0.879023	0.000000
0.071538	0.000000
0.000011	0.000000
0.748676	0.000000
-0.304255	0.000000
-1.338259	0.000000
-0.564238	0.000000
1.549930	0.000000
-0.033885	0.000000
0.479619	0.000000
1.510026	0.000000
3.784270	0.000000
-0.598705	0.000000
1.290499	0.000000
2.212546	0.000000
0.465947	0.000000
-0.754318	0.000000
-0.637097	0.000000
0.817073	0.000000
0.461041	0.000000
0.098822	0.000000
2.850090	0.000000
0.499312	0.000000
-0.676732	0.000000
0.158975	0.000000
0.877636	0.000000
0.182593	0.000000
-0.925055	0.000000
1.247125	0.000000
-0.298937	0.000000
0.000013	0.000000
0.727980	0.000000
0.987784	0.000000
0.454842	0.000000
-0.124494	0.000000
0.506466	0.000000
1.095951	0.000000
-0.876691	0.000000
1.984168	0.000000
-0.885438	0.000000
0.512405	0.000000
0.616472	0.000000
0.800644	0.000000
-0.738599	0.000000
0.000008	0.000000
-0.694548	0.000000
0.424514	0.000000
2.083869	0.000000
-0.219852	0.000000
-0.131865	0.000000
1.120262	0.000000
0.557078	0.000000
-1.242745	0.000000
1.292789	0.000000
1.579374	0.000000
0.837232	0.000000
-0.312599	0.000000
1.972111	0.000000
1.205275	0.000000
-0.176776	0.000000
0.185108	0.000000
0.750895	0.000000
2.244681	0.000000
1.660070	0.000000
1.081872	0.000000
0.608322	0.000000
0.531111	0.000000
0.060785	0.000000
1.050578	0.000000
0.548141	0.000000
0.097437	0.000000
-1.665032	0.000000
3.326387	0.000000
0.086047	0.000000
-0.300455	0.000000
1.182688	0.000000
-0.196784	0.000000
0.594641	0.000000
1.546599	0.000000
1.421448	0.000000
0.000058	0.000000
1.318705	0.000000
2.529704	0.000000
-0.156124	0.000000
2.423969	0.000000
0.000029	0.000000
0.319578	0.000000
-0.032988	0.000000
-0.779396	0.000000
-0.199306	0.000000
-0.586883	0.000000
1.143975	0.000000
1.580456	0.000000
-1.016657	0.000000
0.217974	0.000000
-1.012892	0.000000
1.716989	0.000000
-0.273942	0.000000
0.088861	0.000000
0.221382	0.000000
0.183018	0.000000
-0.273952	0.000000
-0.457498	0.000000
0.697640	0.000000
0.410764	0.000000
0.330775	0.000000
0.272883	0.000000
-0.073068	0.000000
0.044045	0.000000
0.263798	0.000000
0.575306	0.000000
1.631372	0.000000
0.201546	0.000000
-0.548413	0.000000
1.082967	0.000000
1.191485	0.000000
0.486390	0.000000
0.202283	0.000000
1.928445	0.000000
1.697424	0.000000
0.462694	0.000000
-0.786547	0.000000
-0.884221	0.000000
-0.032526	0.000000
-0.507098	0.000000
1.135575	0.000000
0.962635	0.000000
0.455895	0.000000
0.305017	0.000000
1.061948	0.000000
0.974216	0.000000
-1.324468	0.000000
0.798350	0.000000
4.301502	0.000000
-0.409718	0.000000
0.107529	0.000000
0.918364	0.000000
1.698989	0.000000
-0.058337	0.000000
1.651978	0.000000
-0.592758	0.000000
1.020914	0.000000
0.798851	0.000000
0.780952	0.000000
-0.238406	0.000000
-0.137082	0.000000
1.004199	0.000000
1.288477	0.000000
1.169196	0.000000
-0.448416	0.000000
0.528233	0.000000
0.727968	0.000000
-0.649082	0.000000
0.722387	0.000000
0.280198	0.000000
-0.687274	0.000000
0.292300	0.000000
-0.191767	0.000000
0.651524	0.000000
0.830171	0.000000
0.805202	0.000000
-0.308201	0.000000
1.105664	0.000000
0.574542	0.000000
1.519762	0.000000
0.529225	0.000000
0.060664	0.000000
1.352702	0.000000
-0.439741	0.000000
-1.747350	0.000000
0.060601	0.000000
0.437725	0.000000
1.612255	0.000000
1.606177	0.000000
0.676876	0.000000
1.288053	0.000000
-0.798987	0.000000
-1.491689	0.000000
0.192905	0.000000
0.318298	0.000000
0.832730	0.000000
-0.715076	0.000000
-0.612156	0.000000
1.660045	0.000000
-1.149410	0.000000
2.392737	0.000000
-0.564244	0.000000
1.124455	0.000000
2.135068	0.000000
-0.479534	0.000000
1.022937	0.000000
-0.756842	0.000000
0.232868	0.000000
0.731309	0.000000
2.731546	0.000000
0.931832	0.000000
-0.131182	0.000000
1.146804	0.000000
-0.116678	0.000000
-0.345723	0.000000
-0.790406	0.000000
1.701538	0.000000
0.166473	0.000000
-1.145233	0.000000
1.827936	0.000000
1.069612	0.000000
0.867252	0.000000
1.288495	0.000000
0.831412	0.000000
-0.797243	0.000000
0.645625	0.000000
-0.363960	0.000000
-0.197532	0.000000
0.561848	0.000000
1.400986	0.000000
-0.976666	0.000000
-0.109593	0.000000
-0.246530	0.000000
-1.391841	0.000000
0.332066	0.000000
0.731967	0.000000
0.239782	0.000000
0.343154	0.000000
0.410403	0.000000
1.971586	0.000000
-0.066114	0.000000
1.000590	0.000000
0.987106	0.000000
0.439854	0.000000
-0.395588	0.000000
0.999186	0.000000
1.273288	0.000000
1.880971	0.000000
0.117535	0.000000
-0.586590	0.000000
-0.225362	0.000000
-0.625260	0.000000
0.379249	0.000000
-0.482035	0.000000
1.414523	0.000000
1.896772	0.000000
-0.071464	0.000000
-0.850245	0.000000
0.716122	0.000000
-0.608534	0.000000
0.365024	0.000000
0.132784	0.000000
1.762621	0.000000
2.609519	0.000000
-0.719323	0.000000
0.974222	0.000000
0.946071	0.000000
0.199587	0.000000
1.247444	0.000000
-0.054588	0.000000
3.583814	0.000000
0.590364	0.000000
0.764535	0.000000
0.729539	0.000000
0.883605	0.000000
-0.889239	0.000000
1.403767	0.000000
-0.133121	0.000000
-0.208235	0.000000
0.198696	0.000000
1.288983	0.000000
1.825828	0.000000
0.759879	0.000000
-0.701489	0.000000
0.398717	0.000000
0.000007	0.000000
0.155998	0.000000
0.197553	0.000000
0.829435	0.000000
1.120788	0.000000
0.036226	0.000000
1.424731	0.000000
0.739763	0.000000
-0.414592	0.000000
-0.249031	0.000000
-0.219580	0.000000
0.034280	0.000000
1.067554	0.000000
2.133840	0.000000
1.191190	0.000000
-0.562244	0.000000
-0.090951	0.000000
0.658091	0.000000
-0.395740	0.000000
-1.120928	0.000000
0.514742	0.000000
0.397910	0.000000
-0.570968	0.000000
1.449442	0.000000
0.631733	0.000000
0.354237	0.000000
0.590619	0.000000
0.050604	0.000000
0.867840	0.000000
1.308444	0.000000
-0.370077	0.000000
-0.035746	0.000000
1.768572	0.000000
1.887890	0.000000
0.811432	0.000000
0.486689	0.000000
0.099629	0.000000
0.455893	0.000000
-0.508327	0.000000
0.205542	0.000000
-0.633216	0.000000
0.227081	0.000000
-0.232831	0.000000
0.731260	0.000000
0.682917	0.000000
-0.931738	0.000000
3.279850	0.000000
2.633362	0.000000
0.933811	0.000000
-0.076815	0.000000
-0.395161	0.000000
0.170207	0.000000
0.699001	0.000000
-0.676721	0.000000
0.158993	0.000000
1.590654	0.000000
0.182633	0.000000
0.363421	0.000000
0.805445	0.000000
-0.099601	0.000000
-0.264096	0.000000
0.259994	0.000000
2.173101	0.000000
-0.561834	0.000000
-0.435823	0.000000
-1.266092	0.000000
-0.073029	0.000000
-0.383549	0.000000
0.799597	0.000000
0.166036	0.000000
0.439224	0.000000
-0.684926	0.000000
1.067566	0.000000
-0.246202	0.000000
1.109001	0.000000
1.322981	0.000000
-0.363820	0.000000
-0.913933	0.000000
-0.483747	0.000000
-0.626378	0.000000
-0.908286	0.000000
0.517274	0.000000
2.216840	0.000000
1.488659	0.000000
0.541531	0.000000
1.127040	0.000000
0.312662	0.000000
-0.075822	0.000000
1.205314	0.000000
2.015639	0.000000
0.786518	0.000000
-0.643549	0.000000
1.054337	0.000000
-0.455674	0.000000
-0.980382	0.000000
0.040616	0.000000
-0.398298	0.000000
0.243127	0.000000
0.033940	0.000000
-0.171253	0.000000
0.974256	0.000000
0.264948	0.000000
0.798350	0.000000
-0.688174	0.000000
-0.027312	0.000000
-0.107486	0.000000
1.639942	0.000000
4.247373	0.000000
-0.904554	0.000000
1.498291	0.000000
1.185697	0.000000
1.063507	0.000000
0.366171	0.000000
-0.312332	0.000000
0.794783	0.000000
0.329100	0.000000
-0.730288	0.000000
0.495593	0.000000
0.285820	0.000000
-0.697590	0.000000
0.557561	0.000000
1.403987	0.000000
0.225789	0.000000
0.588610	0.000000
1.618938	0.000000
0.578829	0.000000
0.109634	0.000000
0.328789	0.000000
0.414612	0.000000
1.051528	0.000000
-0.585514	0.000000
-0.890446	0.000000
0.610012	0.000000
1.190005	0.000000
1.848333	0.000000
-0.132291	0.000000
-0.848939	0.000000
0.292520	0.000000
0.000005	0.000000
1.747425	0.000000
0.030294	0.000000
-1.870078	0.000000
0.470284	0.000000
0.195894	0.000000
1.128140	0.000000
1.191439	0.000000
0.729559	0.000000
-1.137729	0.000000
1.446393	0.000000
1.237718	0.000000
1.295400	0.000000
0.250319	0.000000
-0.033987	0.000000
0.227874	0.000000
0.439510	0.000000
-1.054405	0.000000
0.962645	0.000000
-0.395023	0.000000
-1.389456	0.000000
-0.411044	0.000000
2.873900	0.000000
0.264920	0.000000
-1.297273	0.000000
1.075391	0.000000
1.229204	0.000000
-0.609195	0.000000
0.688758	0.000000
0.552166	0.000000
2.918082	0.000000
1.267766	0.000000
0.839919	0.000000
-0.765637	0.000000
0.632427	0.000000
0.989198	0.000000
1.470332	0.000000
0.109739	0.000000
-0.456414	0.000000
0.429511	0.000000
-0.519585	0.000000
0.398734	0.000000
-1.320476	0.000000
-0.051951	0.000000
-0.761946	0.000000
-0.026721	0.000000
-1.214140	0.000000
0.470290	0.000000
0.548001	0.000000
0.520576	0.000000
1.273402	0.000000
0.276718	0.000000
0.256206	0.000000
2.020682	0.000000
0.381302	0.000000
1.107940	0.000000
0.616115	0.000000
-0.264545	0.000000
-0.333483	0.000000
0.036578	0.000000
0.439830	0.000000
1.417718	0.000000
2.179948	0.000000
0.198952	0.000000
0.537431	0.000000
0.509298	0.000000
1.579349	0.000000
0.998262	0.000000
0.138985	0.000000
0.530950	0.000000
-0.144592	0.000000
1.980321	0.000000
1.110335	0.000000
-1.072624	0.000000
0.850293	0.000000
0.651035	0.000000
-0.439467	0.000000
1.176121	0.000000
0.796680	0.000000
1.306809	0.000000
-0.948878	0.000000
-0.445290	0.000000
1.656134	0.000000
-1.400151	0.000000
0.365932	0.000000
1.849699	0.000000
0.218539	0.000000
1.003482	0.000000
-0.688742	0.000000
0.807029	0.000000
1.050548	0.000000
3.841689	0.000000
-0.098804	0.000000
2.084378	0.000000
0.599157	0.000000
0.000029	0.000000
0.516592	0.000000
0.054870	0.000000
0.091356	0.000000
-0.297306	0.000000
0.597574	0.000000
0.797334	0.000000
-0.322785	0.000000
1.611939	0.000000
-0.084646	0.000000
0.374593	0.000000
2.210421	0.000000
0.325585	0.000000
3.507032	0.000000
0.575377	0.000000
0.918066	0.000000
0.774834	0.000000
0.219642	0.000000
-1.404155	0.000000
3.278820	0.000000
0.492460	0.000000
1.273304	0.000000
-1.819085	0.000000
-0.424462	0.000000
0.000057	0.000000
0.923571	0.000000
0.494549	0.000000
0.666110	0.000000
-0.358049	0.000000
1.175611	0.000000
0.783511	0.000000
-0.406049	0.000000
0.000034	0.000000
-1.111637	0.000000
0.177006	0.000000
-0.530258	0.000000
0.813343	0.000000
0.693930	0.000000
0.250293	0.000000
-0.680197	0.000000
-0.553291	0.000000
1.656618	0.000000
0.973375	0.000000
0.796677	0.000000
-1.428325	0.000000
0.338940	0.000000
0.582386	0.000000
-0.194824	0.000000
1.816463	0.000000
-0.931357	0.000000
-0.129019	0.000000
-0.955986	0.000000
-0.501690	0.000000
0.196822	0.000000
0.891981	0.000000
-0.641938	0.000000
0.000022	0.000000
4.940302	0.000000
0.127621	0.000000
0.798868	0.000000
0.208273	0.000000
-0.238409	0.000000
-0.685588	0.000000
0.775990	0.000000
-0.066048	0.000000
0.233850	0.000000
2.043115	0.000000
-0.968347	0.000000
-0.727904	0.000000
0.564448	0.000000
1.337770	0.000000
-0.840555	0.000000
0.940600	0.000000
-1.936134	0.000000
0.383603	0.000000
0.177724	0.000000
0.138383	0.000000
1.134577	0.000000
-0.787656	0.000000
0.038180	0.000000
0.738627	0.000000
-0.985731	0.000000
0.793816	0.000000
1.849552	0.000000
-0.146207	0.000000
1.583229	0.000000
1.318811	0.000000
1.725797	0.000000
2.029241	0.000000
-0.201497	0.000000
0.783503	0.000000
0.721996	0.000000
-0.128763	0.000000
0.347426	0.000000
0.050600	0.000000
0.819587	0.000000
0.919460	0.000000
0.971525	0.000000
1.322927	0.000000
0.306126	0.000000
-0.683523	0.000000
1.183314	0.000000
0.892262	0.000000
1.792468	0.000000
1.215606	0.000000
0.440566	0.000000
2.158124	0.000000
0.146138	0.000000
1.854317	0.000000
0.066568	0.000000
0.473194	0.000000
0.437060	0.000000
1.541036	0.000000
0.196825	0.000000
0.934432	0.000000
0.992175	0.000000
1.152540	0.000000
-0.592762	0.000000
4.253836	0.000000
0.366192	0.000000
1.093313	0.000000
0.794793	0.000000
1.042153	0.000000
-0.136929	0.000000
0.231313	0.000000
0.571598	0.000000
0.697709	0.000000
0.586899	0.000000
1.351992	0.000000
-1.044204	0.000000
0.107041	0.000000
2.801958	0.000000
0.217086	0.000000
-0.401788	0.000000
0.136995	0.000000
0.059245	0.000000
-0.719436	0.000000
0.768587	0.000000
0.513759	0.000000
1.067577	0.000000
0.820712	0.000000
1.109001	0.000000
-0.396847	0.000000
0.121319	0.000000
-0.182781	0.000000
-0.219883	0.000000
0.626452	0.000000
0.938629	0.000000
0.875408	0.000000
0.839723	0.000000
0.822666	0.000000
1.398834	0.000000
0.289857	0.000000
0.555835	0.000000
0.556260	0.000000
0.771388	0.000000
0.601165	0.000000
0.925266	0.000000
-0.643538	0.000000
0.918282	0.000000
0.423184	0.000000
-0.304265	0.000000
0.040575	0.000000
0.829856	0.000000
0.881314	0.000000
0.033942	0.000000
1.507293	0.000000
1.704848	0.000000
0.643375	0.000000
1.563416	0.000000
0.731261	0.000000
-0.300442	0.000000
0.071729	0.000000
-1.803883	0.000000
-0.084899	0.000000
1.429887	0.000000
-0.076802	0.000000
0.741121	0.000000
0.297818	0.000000
3.328549	0.000000
0.260330	0.000000
0.278178	0.000000
-0.740430	0.000000
-0.502058	0.000000
-0.495554	0.000000
0.805436	0.000000
-0.797312	0.000000
0.146731	0.000000
0.052062	0.000000
0.790248	0.000000
-0.802638	0.000000
-0.124493	0.000000
-0.361704	0.000000
-0.474858	0.000000
0.630170	0.000000
0.888420	0.000000
0.055384	0.000000
-1.537071	0.000000
0.342529	0.000000
0.762561	0.000000
1.066907	0.000000
0.205415	0.000000
1.521446	0.000000
1.152200	0.000000
-0.548363	0.000000
-0.659607	0.000000
-1.022052	0.000000
-0.272471	0.000000
-0.278519	0.000000
-0.403043	0.000000
0.548462	0.000000
-0.045091	0.000000
-0.901593	0.000000
0.104246	0.000000
-0.480372	0.000000
0.964262	0.000000
0.459712	0.000000
0.323892	0.000000
0.321822	0.000000
-1.734464	0.000000
-0.292905	0.000000
1.960878	0.000000
-0.202711	0.000000
0.265564	0.000000
1.519533	0.000000
0.406722	0.000000
0.582353	0.000000
-1.071548	0.000000
-0.378413	0.000000
-0.997889	0.000000
0.731257	0.000000
0.409754	0.000000
-0.143325	0.000000
0.721562	0.000000
0.509714	0.000000
0.350189	0.000000
-0.153638	0.000000
-0.246987	0.000000
0.382850	0.000000
-0.332813	0.000000
5.205941	0.000000
-0.119168	0.000000
-0.109673	0.000000
0.091345	0.000000
0.000017	0.000000
0.311806	0.000000
-1.096304	0.000000
0.498885	0.000000
1.975954	0.000000
-0.451510	0.000000
-0.749118	0.000000
1.899109	0.000000
-1.193747	0.000000
1.936167	0.000000
0.301379	0.000000
-0.799525	0.000000
-0.332045	0.000000
0.402588	0.000000
-1.232917	0.000000
-0.571870	0.000000
-0.451330	0.000000
0.123238	0.000000
-0.066109	0.000000
0.758027	0.000000
-3.217091	0.000000
-0.923479	0.000000
-0.164800	0.000000
-0.575226	0.000000
0.079622	0.000000
1.645829	0.000000
-0.156666	0.000000
0.270765	0.000000
1.674496	0.000000
-0.937920	0.000000
0.126452	0.000000
0.675029	0.000000
-1.697359	0.000000
0.925293	0.000000
0.893863	0.000000
-0.272047	0.000000
0.097683	0.000000
-0.743731	0.000000
1.095036	0.000000
0.365149	0.000000
0.759780	0.000000
0.305024	0.000000
0.719408	0.000000
2.971341	0.000000
-0.454098	0.000000
-0.532213	0.000000
0.903362	0.000000
1.502336	0.000000
1.791944	0.000000
-0.623136	0.000000
0.169935	0.000000
0.641998	0.000000
-0.038369	0.000000
0.543484	0.000000
-1.318637	0.000000
2.196879	0.000000
0.156200	0.000000
3.973742	0.000000
0.685660	0.000000
2.236573	0.000000
1.486729	0.000000
0.259853	0.000000
-0.896899	0.000000
0.469519	0.000000
0.883975	0.000000
0.987784	0.000000
0.642152	0.000000
0.093421	0.000000
-0.361744	0.000000
0.511487	0.000000
0.356194	0.000000
0.266527	0.000000
0.193725	0.000000
-0.439140	0.000000
-0.171204	0.000000
0.686303	0.000000
0.574541	0.000000
-0.164272	0.000000
-0.396860	0.000000
0.667039	0.000000
-0.511789	0.000000
-0.263803	0.000000
0.758348	0.000000
-0.363278	0.000000
0.915168	0.000000
-0.470221	0.000000
0.705174	0.000000
0.315897	0.000000
0.032228	0.000000
1.076954	0.000000
-1.339975	0.000000
1.012476	0.000000
0.636517	0.000000
0.046272	0.000000
0.929646	0.000000
-0.272037	0.000000
-0.227842	0.000000
1.284690	0.000000
0.000045	0.000000
0.597528	0.000000
0.395099	0.000000
1.084505	0.000000
-0.274007	0.000000
0.487118	0.000000
-0.908194	0.000000
0.166370	0.000000
-0.258044	0.000000
0.218549	0.000000
0.752614	0.000000
1.508736	0.000000
1.231751	0.000000
0.321029	0.000000
1.344629	0.000000
0.197673	0.000000
1.148520	0.000000
-0.299522	0.000000
0.000010	0.000000
1.112659	0.000000
2.742516	0.000000
-1.095440	0.000000
0.165193	0.000000
-0.467629	0.000000
-0.548074	0.000000
1.291180	0.000000
0.987964	0.000000
2.032000	0.000000
-0.722337	0.000000
0.311354	0.000000
-0.614923	0.000000
1.680441	0.000000
1.041108	0.000000
-0.059212	0.000000
0.276748	0.000000
-0.805123	0.000000
0.034257	0.000000
-0.228749	0.000000
0.574486	0.000000
0.698274	0.000000
0.033127	0.000000
0.060685	0.000000
-0.840811	0.000000
-0.087894	0.000000
0.857219	0.000000
1.180806	0.000000
0.596837	0.000000
0.201554	0.000000
-1.292674	0.000000
2.075686	0.000000
0.000032	0.000000
-0.486325	0.000000
-0.480355	0.000000
0.048260	0.000000
0.459761	0.000000
-0.046235	0.000000
0.000035	0.000000
1.258374	0.000000
-0.032525	0.000000
0.946653	0.000000
0.000000	0.000000
0.863079	0.000000
0.820551	0.000000
0.305014	0.000000
0.548101	0.000000
1.120326	0.000000
0.529823	0.000000
-0.033219	0.000000
0.731279	0.000000
0.081951	0.000000
-0.215023	0.000000
-1.180678	0.000000
1.359204	0.000000
-1.079652	0.000000
2.497129	0.000000
-0.493963	0.000000
0.978394	0.000000
-0.499229	0.000000
-1.145236	0.000000
0.635801	0.000000
-0.137119	0.000000
4.564426	0.000000
1.057215	0.000000
0.155908	0.000000
0.348846	0.000000
0.440174	0.000000
0.727992	0.000000
1.636907	0.000000
0.856177	0.000000
0.560396	0.000000
-0.108484	0.000000
-0.073030	0.000000
1.178121	0.000000
-1.510290	0.000000
0.249077	0.000000
0.366002	0.000000
0.582246	0.000000
0.686325	0.000000
0.451385	0.000000
0.082171	0.000000
-0.066137	0.000000
1.182478	0.000000
0.146275	0.000000
1.231448	0.000000
0.197845	0.000000
0.211962	0.000000
0.915157	0.000000
-0.100753	0.000000
-0.078289	0.000000
0.812285	0.000000
-0.128791	0.000000
0.868518	0.000000
0.581537	0.000000
0.385751	0.000000
0.459741	0.000000
0.601425	0.000000
-0.142976	0.000000
0.034039	0.000000
1.367084	0.000000
-0.473253	0.000000
0.892213	0.000000
0.232387	0.000000
1.185217	0.000000
1.491162	0.000000
-0.479577	0.000000
1.850973	0.000000
0.227105	0.000000
0.432476	0.000000
1.290464	0.000000
1.065314	0.000000
0.537604	0.000000
-0.131141	0.000000
0.849527	0.000000
-0.145869	0.000000
-0.345727	0.000000
0.049470	0.000000
0.382864	0.000000
-0.066538	0.000000
-0.208166	0.000000
0.596111	0.000000
-0.274230	0.000000
2.829978	0.000000
3.303800	0.000000
-0.155876	0.000000
-0.498290	0.000000
-0.381459	0.000000
1.611953	0.000000
0.987791	0.000000
-0.642095	0.000000
0.435902	0.000000
0.072392	0.000000
0.584550	0.000000
0.082216	0.000000
1.095737	0.000000
1.023837	0.000000
1.134565	0.000000
0.308254	0.000000
0.800690	0.000000
0.082076	0.000000
0.698271	0.000000
-0.297619	0.000000
-0.151574	0.000000
0.000031	0.000000
-0.791540	0.000000
-1.747375	0.000000
0.544999	0.000000
0.039822	0.000000
-0.100732	0.000000
0.901004	0.000000
0.496370	0.000000
0.515265	0.000000
0.486397	0.000000
-0.252807	0.000000
-0.144629	0.000000
0.990183	0.000000
0.647718	0.000000
1.251419	0.000000
-0.646185	0.000000
0.325508	0.000000
-0.946602	0.000000
1.135577	0.000000
1.560111	0.000000
1.124449	0.000000
0.915037	0.000000
-0.582301	0.000000
-0.974151	0.000000
-1.210921	0.000000
0.798343	0.000000
0.989359	0.000000
0.382427	0.000000
-0.501698	0.000000
0.491991	0.000000
0.764544	0.000000
1.429868	0.000000
0.691514	0.000000
-0.741004	0.000000
0.425435	0.000000
0.366185	0.000000
-1.145220	0.000000
1.510066	0.000000
-1.371219	0.000000
1.597609	0.000000
0.099117	0.000000
2.598151	0.000000
-0.398612	0.000000
-1.467198	0.000000
2.027878	0.000000
0.169356	0.000000
-0.882891	0.000000
0.124556	0.000000
1.121442	0.000000
0.109642	0.000000
0.684930	0.000000
0.503464	0.000000
-0.249033	0.000000
1.280960	0.000000
-0.068450	0.000000
-0.076232	0.000000
0.779706	0.000000
-0.205366	0.000000
0.396912	0.000000
0.181925	0.000000
0.511859	0.000000
0.263909	0.000000
-0.923137	0.000000
-0.181614	0.000000
0.159165	0.000000
0.000032	0.000000
-0.352522	0.000000
0.090303	0.000000
-0.386406	0.000000
-0.312612	0.000000
0.177016	0.000000
0.771397	0.000000
1.166983	0.000000
0.416408	0.000000
1.895009	0.000000
-1.394379	0.000000
-1.204321	0.000000
-0.912796	0.000000
0.405599	0.000000
-2.489496	0.000000
1.185246	0.000000
-0.440519	0.000000
1.541560	0.000000
-0.730570	0.000000
1.362366	0.000000
0.798346	0.000000
-2.279739	0.000000
-0.409718	0.000000
-1.397625	0.000000
1.213546	0.000000
-0.722010	0.000000
-0.233437	0.000000
-0.921954	0.000000
-0.395156	0.000000
0.255248	0.000000
-0.299527	0.000000
-0.208226	0.000000
-1.072886	0.000000
-0.493608	0.000000
0.867286	0.000000
-1.123263	0.000000
-0.441652	0.000000
4.983256	0.000000
-0.733571	0.000000
1.923955	0.000000
0.677365	0.000000
-0.428044	0.000000
0.809489	0.000000
0.253266	0.000000
0.073108	0.000000
1.452064	0.000000
0.325768	0.000000
-0.027663	0.000000
-0.073160	0.000000
0.102762	0.000000
-0.915006	0.000000
0.000051	0.000000
0.205432	0.000000
-0.132252	0.000000
0.485141	0.000000
-0.365525	0.000000
0.747644	0.000000
-1.054981	0.000000
-0.908303	0.000000
-1.352773	0.000000
0.000024	0.000000
0.274246	0.000000
0.406178	0.000000
0.322056	0.000000
-0.798962	0.000000
0.606834	0.000000
1.108915	0.000000
0.954805	0.000000
0.462684	0.000000
1.001147	0.000000
1.530454	0.000000
-0.065091	0.000000
-0.811327	0.000000
0.608382	0.000000
1.161797	0.000000
0.607834	0.000000
0.033908	0.000000
1.610028	0.000000
0.292306	0.000000
-1.400155	0.000000
0.765069	0.000000
-0.430083	0.000000
0.737532	0.000000
1.146820	0.000000
-0.131180	0.000000
0.339844	0.000000
-2.451157	0.000000
0.115261	0.000000
-1.432622	0.000000
-0.978334	0.000000
1.364738	0.000000
-0.104096	0.000000
0.794751	0.000000
0.274282	0.000000
1.597571	0.000000
-0.396423	0.000000
-1.039209	0.000000
0.249205	0.000000
2.934458	0.000000
0.364021	0.000000
-0.451515	0.000000
-0.187275	0.000000
0.560431	0.000000
0.976740	0.000000
0.876774	0.000000
-1.232855	0.000000
0.325776	0.000000
0.110720	0.000000
0.146393	0.000000
-2.294617	0.000000
0.076286	0.000000
1.354143	0.000000
0.328635	0.000000
-2.182854	0.000000
-0.697339	0.000000
-0.438647	0.000000
0.395844	0.000000
-0.362620	0.000000
0.635859	0.000000
0.397894	0.000000
-0.100740	0.000000
-0.548408	0.000000
1.579360	0.000000
0.676236	0.000000
0.660065	0.000000
1.340029	0.000000
0.964254	0.000000
-1.060849	0.000000
0.323856	0.000000
-0.715053	0.000000
0.714239	0.000000
-0.195256	0.000000
-0.845185	0.000000
0.486700	0.000000
-1.062162	0.000000
0.182378	0.000000
0.067781	0.000000
0.376828	0.000000
0.340992	0.000000
-1.324449	0.000000
-0.199557	0.000000
0.301135	0.000000
1.010684	0.000000
-0.286700	0.000000
0.000024	0.000000
0.212387	0.000000
1.342322	0.000000
1.152517	0.000000
-0.296375	0.000000
0.042550	0.000000
1.364721	0.000000
0.780923	0.000000
0.755003	0.000000
-0.383930	0.000000
1.734534	0.000000
0.099137	0.000000
1.065246	0.000000
0.996655	0.000000
0.762978	0.000000
5.199734	0.000000
-0.338647	0.000000
-0.026713	0.000000
0.716093	0.000000
-0.108491	0.000000
1.936176	0.000000
-0.465740	0.000000
0.177707	0.000000
1.881669	0.000000
0.292827	0.000000
0.616488	0.000000
-0.076233	0.000000
0.082094	0.000000
-0.082081	0.000000
-0.099207	0.000000
1.394737	0.000000
0.036565	0.000000
0.923580	0.000000
0.000014	0.000000
0.635856	0.000000
0.477489	0.000000
0.167992	0.000000
1.645341	0.000000
-0.721901	0.000000
-0.515194	0.000000
-0.590563	0.000000
-0.581480	0.000000
0.675016	0.000000
0.106101	0.000000
0.786512	0.000000
-0.286026	0.000000
0.476181	0.000000
0.488274	0.000000
0.135272	0.000000
0.932817	0.000000
-0.199146	0.000000
1.154822	0.000000
0.915037	0.000000
1.575784	0.000000
1.558719	0.000000
0.643355	0.000000
0.166351	0.000000
0.129050	0.000000
1.693559	0.000000
0.752595	0.000000
0.721592	0.000000
0.679613	0.000000
0.817078	0.000000
-0.115232	0.000000
-0.345813	0.000000
-0.510427	0.000000
0.499313	0.000000
0.364430	0.000000
-0.476826	0.000000
0.411394	0.000000
1.369378	0.000000
-1.486662	0.000000
-0.363735	0.000000
0.348896	0.000000
0.381519	0.000000
1.663954	0.000000
2.822199	0.000000
1.498283	0.000000
-0.186746	0.000000
1.519388	0.000000
1.059409	0.000000
-0.164364	0.000000
-0.947608	0.000000
0.083048	0.000000
2.086118	0.000000
-0.034229	0.000000
-0.533744	0.000000
0.779714	0.000000
0.780407	0.000000
0.694572	0.000000
1.667608	0.000000
0.036607	0.000000
0.351882	0.000000
1.022104	0.000000
1.786359	0.000000
-0.278495	0.000000
0.503871	0.000000
0.783523	0.000000
-0.315846	0.000000
0.161021	0.000000
-1.285304	0.000000
-0.151685	0.000000
-0.915971	0.000000
0.636567	0.000000
-0.740165	0.000000
0.464809	0.000000
0.034047	0.000000
0.846316	0.000000
-1.487528	0.000000
0.446147	0.000000
1.062216	0.000000
0.060802	0.000000
0.067809	0.000000
1.164724	0.000000
0.146163	0.000000
0.189215	0.000000
-0.798290	0.000000
0.129049	0.000000
-0.409705	0.000000
1.146810	0.000000
0.262436	0.000000
-0.509620	0.000000
-0.058357	0.000000
0.307376	0.000000
0.395250	0.000000
0.510458	0.000000
-0.399406	0.000000
-0.676755	0.000000
-0.476840	0.000000
-0.164513	0.000000
-0.273796	0.000000
0.330391	0.000000
-0.285755	0.000000
0.099710	0.000000
0.557572	0.000000
0.572015	0.000000
2.116644	0.000000
2.675497	0.000000
-0.186751	0.000000
1.519342	0.000000
0.547985	0.000000
-0.301365	0.000000
1.036495	0.000000
-0.802439	0.000000
0.878397	0.000000
1.712462	0.000000
-0.266851	0.000000
0.738643	0.000000
0.164300	0.000000
0.826871	0.000000
0.788342	0.000000
-0.438698	0.000000
0.835627	0.000000
1.714426	0.000000
0.454166	0.000000
-0.517228	0.000000
0.906901	0.000000
-0.744260	0.000000
0.631771	0.000000
-0.837192	0.000000
1.702251	0.000000
0.530983	0.000000
0.867801	0.000000
0.671932	0.000000
0.046279	0.000000
0.035776	0.000000
-0.272040	0.000000
0.553343	0.000000
1.183300	0.000000
1.460027	0.000000
0.199173	0.000000
1.215602	0.000000
0.372817	0.000000
0.102808	0.000000
-0.389614	0.000000
0.719048	0.000000
-0.532197	0.000000
1.333513	0.000000
0.109270	0.000000
1.218496	0.000000
-0.426357	0.000000
2.845757	0.000000
-0.554389	0.000000
0.461007	0.000000
0.296420	0.000000
0.850806	0.000000
-1.098417	0.000000
0.728867	0.000000
0.238478	0.000000
-0.054827	0.000000
0.091335	0.000000
-0.231234	0.000000
0.753482	0.000000
-0.996634	0.000000
2.083464	0.000000
0.000063	0.000000
0.987775	0.000000
0.749169	0.000000
3.113295	0.000000
0.036193	0.000000
-0.730569	0.000000
-0.273937	0.000000
-0.355327	0.000000
-1.134491	0.000000
0.366004	0.000000
-0.993144	0.000000
0.152542	0.000000
-0.492351	0.000000
1.560848	0.000000
0.463044	0.000000
-0.333484	0.000000
0.621503	0.000000
0.571766	0.000000
1.088023	0.000000
-1.150487	0.000000
0.915185	0.000000
-0.335853	0.000000
-1.135971	0.000000
1.263465	0.000000
0.161040	0.000000
-0.173658	0.000000
-0.530913	0.000000
2.024907	0.000000
-1.379104	0.000000
0.370113	0.000000
-0.357532	0.000000
0.884308	0.000000
1.367105	0.000000
0.743788	0.000000
0.081119	0.000000
0.896228	0.000000
0.516667	0.000000
-0.576064	0.000000
0.102783	0.000000
0.828081	0.000000
-0.037805	0.000000
0.499001	0.000000
-0.085999	0.000000
0.327802	0.000000
-0.394191	0.000000
-0.163962	0.000000
0.000045	0.000000
-0.175055	0.000000
0.192088	0.000000
-1.531479	0.000000
0.553020	0.000000
0.399456	0.000000
0.052139	0.000000
0.794768	0.000000
1.069588	0.000000
-0.182532	0.000000
0.660794	0.000000
0.077965	0.000000
0.398698	0.000000
-0.205398	0.000000
0.883995	0.000000
0.141126	0.000000
0.454840	0.000000
0.031163	0.000000
3.617529	0.000000
0.621062	0.000000
0.602741	0.000000
1.747258	0.000000
1.577254	0.000000
-0.036588	0.000000
0.582229	0.000000
1.372578	0.000000
1.066920	0.000000
0.164348	0.000000
-0.859895	0.000000
0.363851	0.000000
0.073160	0.000000
1.011553	0.000000
-0.527468	0.000000
0.787235	0.000000
1.313078	0.000000
0.067192	0.000000
1.136055	0.000000
0.451276	0.000000
1.030483	0.000000
1.528574	0.000000
0.707956	0.000000
-0.144587	0.000000
-0.176796	0.000000
-0.601337	0.000000
-1.036863	0.000000
-0.850245	0.000000
-0.292940	0.000000
0.000028	0.000000
0.892204	0.000000
-0.265545	0.000000
0.790160	0.000000
-0.271091	0.000000
1.096222	0.000000
1.217754	0.000000
0.643340	0.000000
-0.532189	0.000000
0.043050	0.000000
0.163928	0.000000
0.573419	0.000000
0.885578	0.000000
0.637165	0.000000
0.612814	0.000000
-0.499360	0.000000
0.000033	0.000000
0.425408	0.000000
1.597742	0.000000
-0.208191	0.000000
2.225335	0.000000
0.548527	0.000000
1.506292	0.000000
-0.594664	0.000000
0.025996	0.000000
0.249181	0.000000
1.878084	0.000000
0.156000	0.000000
-0.451529	0.000000
0.026766	0.000000
0.996275	0.000000
-0.216991	0.000000
3.653138	0.000000
0.438388	0.000000
-0.740325	0.000000
0.996170	0.000000
-0.256145	0.000000
0.958972	0.000000
0.457526	0.000000
1.395202	0.000000
1.191182	0.000000
0.000040	0.000000
-0.121275	0.000000
1.864491	0.000000
-0.395774	0.000000
1.450668	0.000000
0.756927	0.000000
2.108830	0.000000
0.940517	0.000000
0.235073	0.000000
1.398862	0.000000
1.352446	0.000000
0.208437	0.000000
-0.910180	0.000000
1.591028	0.000000
-0.459663	0.000000
1.017826	0.000000
0.607858	0.000000
1.326427	0.000000
1.302020	0.000000
0.676158	0.000000
0.162258	0.000000
-0.165933	0.000000
0.516643	0.000000
1.592801	0.000000
0.102804	0.000000
0.048731	0.000000
-0.151339	0.000000
0.931394	0.000000
-0.172018	0.000000
0.928732	0.000000
-0.465861	0.000000
-0.557530	0.000000
-0.042418	0.000000
1.634140	0.000000
0.115259	0.000000
1.185726	0.000000
-0.255181	0.000000
-0.465973	0.000000
1.197396	0.000000
-0.675500	0.000000
0.548512	0.000000
0.958531	0.000000
1.850142	0.000000
0.597584	0.000000
0.697669	0.000000
1.437903	0.000000
-0.519943	0.000000
-0.112885	0.000000
2.595219	0.000000
0.311349	0.000000
0.795891	0.000000
0.182660	0.000000
2.739738	0.000000
1.865697	0.000000
-0.442704	0.000000
0.402626	0.000000
0.685008	0.000000
1.601293	0.000000
-0.492407	0.000000
0.533967	0.000000
0.330786	0.000000
1.910155	0.000000
-0.511794	0.000000
0.044035	0.000000
-0.659344	0.000000
-1.029413	0.000000
1.392641	0.000000
0.369479	0.000000
0.705184	0.000000
1.398879	0.000000
0.450828	0.000000
-1.354809	0.000000
-2.275458	0.000000
0.867871	0.000000
0.530433	0.000000
1.017797	0.000000
0.715108	0.000000
-0.033984	0.000000
-0.162744	0.000000
-0.878991	0.000000
-0.648869	0.000000
0.531108	0.000000
0.182356	0.000000
-0.914981	0.000000
0.719396	0.000000
0.340972	0.000000
0.681203	0.000000
0.898149	0.000000
0.645244	0.000000
-0.382408	0.000000
-1.863538	0.000000
-0.557565	0.000000
0.722051	0.000000
2.130197	0.000000
-0.038414	0.000000
-0.740967	0.000000
-0.680545	0.000000
-1.131686	0.000000
0.052109	0.000000
0.993488	0.000000
0.329109	0.000000
1.049826	0.000000
0.264306	0.000000
1.558912	0.000000
-0.298936	0.000000
-0.088008	0.000000
1.923914	0.000000
1.382900	0.000000
0.374587	0.000000
-0.747167	0.000000
2.061964	0.000000
0.365346	0.000000
-0.493144	0.000000
2.961420	0.000000
0.802479	0.000000
1.134589	0.000000
-0.958897	0.000000
-0.076228	0.000000
0.861772	0.000000
0.534002	0.000000
0.959195	0.000000
0.091001	0.000000
-0.146198	0.000000
0.175940	0.000000
0.989112	0.000000
-1.332141	0.000000
0.318322	0.000000
1.578657	0.000000
1.096899	0.000000
0.631774	0.000000
-0.482993	0.000000
-0.729520	0.000000
1.921552	0.000000
0.433909	0.000000
0.601158	0.000000
-0.277543	0.000000
0.786636	0.000000
1.292415	0.000000
0.976504	0.000000
1.284725	0.000000
-0.283823	0.000000
-0.896210	0.000000
-0.243119	0.000000
2.236710	0.000000
-0.102746	0.000000
1.071685	0.000000
-0.681151	0.000000
-0.199536	0.000000
1.118412	0.000000
-0.327747	0.000000
0.895976	0.000000
-0.295132	0.000000
1.444135	0.000000
0.320998	0.000000
1.152559	0.000000
-0.494017	0.000000
0.893294	0.000000
0.399465	0.000000
-0.520559	0.000000
0.198721	0.000000
0.137149	0.000000
0.821636	0.000000
1.883173	0.000000
1.922648	0.000000
-0.099647	0.000000
-1.085743	0.000000
-0.415905	0.000000
0.000041	0.000000
-0.107005	0.000000
-0.093361	0.000000
0.289438	0.000000
-0.073013	0.000000
0.958904	0.000000
-0.236909	0.000000
2.767108	0.000000
2.049534	0.000000
0.205527	0.000000
0.762548	0.000000
1.107927	0.000000
0.205390	0.000000
0.992229	0.000000
0.727714	0.000000
-1.206405	0.000000
-1.803074	0.000000
0.725366	0.000000
-0.544951	0.000000
1.352872	0.000000
0.134402	0.000000
-0.548420	0.000000
0.045188	0.000000
-0.740576	0.000000
0.277960	0.000000
-0.809044	0.000000
-0.192797	0.000000
-0.106078	0.000000
-0.277547	0.000000
-0.178735	0.000000
0.748228	0.000000
0.878855	0.000000
0.270468	0.000000
0.770573	0.000000
-0.331886	0.000000
-0.486231	0.000000
0.915024	0.000000
1.301771	0.000000
-0.194818	0.000000
-0.075632	0.000000
0.232862	0.000000
1.118413	0.000000
0.409740	0.000000
0.573409	0.000000
-0.229553	0.000000
-0.169879	0.000000
-0.758688	0.000000
0.883627	0.000000
0.938730	0.000000
1.191106	0.000000
-0.166390	0.000000
0.260378	0.000000
1.668995	0.000000
0.219422	0.000000
0.319578	0.000000
2.048383	0.000000
0.649539	0.000000
-0.099639	0.000000
0.762961	0.000000
-0.987916	0.000000
0.649112	0.000000
0.749146	0.000000
0.311358	0.000000
0.434129	0.000000
1.497800	0.000000
0.904135	0.000000
-0.148058	0.000000
0.027707	0.000000
3.659819	0.000000
1.095986	0.000000
1.258195	0.000000
0.820736	0.000000
-0.985732	0.000000
-0.496090	0.000000
-0.333483	0.000000
-0.219299	0.000000
-0.043950	0.000000
-0.098897	0.000000
-0.363295	0.000000
-0.039771	0.000000
1.343558	0.000000
0.352594	0.000000
0.000006	0.000000
-0.225407	0.000000
0.138962	0.000000
-0.328669	0.000000
0.096482	0.000000
0.000040	0.000000
0.555159	0.000000
0.715116	0.000000
1.836595	0.000000
0.520800	0.000000
1.183275	0.000000
-1.338246	0.000000
1.858884	0.000000
0.638203	0.000000
-0.203324	0.000000
-0.034212	0.000000
0.389676	0.000000
0.491970	0.000000
-1.762948	0.000000
-0.946303	0.000000
0.764843	0.000000
0.035856	0.000000
-0.557560	0.000000
-0.594589	0.000000
-0.846230	0.000000
-0.038407	0.000000
0.444635	0.000000
0.297820	0.000000
-0.166406	0.000000
0.989165	0.000000
0.357643	0.000000
0.795324	0.000000
-0.045607	0.000000
-0.693743	0.000000
0.155895	0.000000
0.548199	0.000000
0.498870	0.000000
0.832015	0.000000
-0.874862	0.000000
1.284244	0.000000
-0.373577	0.000000
0.904405	0.000000
0.365370	0.000000
-1.369855	0.000000
1.243803	0.000000
0.830159	0.000000
0.951598	0.000000
3.424837	0.000000
-0.495631	0.000000
-0.082006	0.000000
-0.246404	0.000000
0.562314	0.000000
0.818682	0.000000
0.438731	0.000000
0.835630	0.000000
-0.164798	0.000000
-0.181658	0.000000
1.313065	0.000000
0.738959	0.000000
-1.135986	0.000000
3.384230	0.000000
-1.191408	0.000000
1.493834	0.000000
-0.935456	0.000000
0.771435	0.000000
0.212208	0.000000
0.832761	0.000000
-0.572017	0.000000
-0.170018	0.000000
-1.301951	0.000000
0.169079	0.000000
0.405566	0.000000
-0.165942	0.000000
0.121568	0.000000
-0.101614	0.000000
1.438771	0.000000
1.266521	0.000000
-0.454079	0.000000
-0.166272	0.000000
0.473165	0.000000
-0.355069	0.000000
1.218484	0.000000
-0.065578	0.000000
1.104340	0.000000
0.321013	0.000000
0.614711	0.000000
1.432759	0.000000
1.318679	0.000000
-0.066550	0.000000
1.249484	0.000000
-0.794721	0.000000
0.411381	0.000000
1.460646	0.000000
0.429535	0.000000
-0.155879	0.000000
-0.797305	0.000000
-0.293399	0.000000
0.883957	0.000000
-0.084657	0.000000
-0.428046	0.000000
0.653796	0.000000
0.615005	0.000000
-0.803666	0.000000
2.630162	0.000000
0.918045	0.000000
0.802503	0.000000
-1.500484	0.000000
-0.616420	0.000000
3.812623	0.000000
0.246218	0.000000
0.369706	0.000000
0.595344	0.000000
-1.940425	0.000000
-0.438682	0.000000
-1.407278	0.000000
0.857251	0.000000
0.211948	0.000000
1.830332	0.000000
0.134402	0.000000
2.076239	0.000000
-0.541442	0.000000
0.579641	0.000000
1.042231	0.000000
0.530981	0.000000
0.674986	0.000000
0.777993	0.000000
1.064046	0.000000
1.680509	0.000000
0.612218	0.000000
1.074153	0.000000
0.000044	0.000000
0.932760	0.000000
0.497928	0.000000
-0.212718	0.000000
0.474494	0.000000
-0.650851	0.000000
0.779362	0.000000
0.832551	0.000000
0.000021	0.000000
-0.042972	0.000000
1.147246	0.000000
-0.107464	0.000000
1.180742	0.000000
0.382283	0.000000
0.000036	0.000000
0.192114	0.000000
-0.444593	0.000000
0.595572	0.000000
0.299607	0.000000
1.093318	0.000000
-0.476787	0.000000
-0.630762	0.000000
-0.045613	0.000000
0.264313	0.000000
-2.805951	0.000000
0.548180	0.000000
0.058722	0.000000
0.780019	0.000000
0.225786	0.000000
-0.615323	0.000000
-3.268863	0.000000
0.578854	0.000000
0.621074	0.000000
-0.219147	0.000000
-2.546762	0.000000
-0.083001	0.000000
1.097958	0.000000
0.650752	0.000000
-0.457490	0.000000
4.103446	0.000000
0.041108	0.000000
0.033117	0.000000
-0.212213	0.000000
-2.266569	0.000000
1.451331	0.000000
-1.285788	0.000000
-0.272464	0.000000
1.233498	0.000000
0.403077	0.000000
-0.117484	0.000000
-2.120736	0.000000
-1.352423	0.000000
-2.466471	0.000000
0.303402	0.000000
0.530368	0.000000
1.237672	0.000000
2.266901	0.000000
-0.178767	0.000000
-0.408093	0.000000
-2.310958	0.000000
0.676201	0.000000
0.811154	0.000000
-1.228113	0.000000
1.306806	0.000000
0.813350	0.000000
0.445347	0.000000
0.487102	0.000000
0.000024	0.000000
-0.898103	0.000000
0.430153	0.000000
-2.349087	0.000000
0.788430	0.000000
-0.491929	0.000000
1.104335	0.000000
0.642006	0.000000
0.806810	0.000000
0.642308	0.000000
2.382129	0.000000
0.466032	0.000000
-0.416402	0.000000
-0.953675	0.000000
0.740503	0.000000
-0.228168	0.000000
0.660776	0.000000
0.727513	0.000000
0.199369	0.000000
0.029372	0.000000
-0.571946	0.000000
-0.084657	0.000000
0.080296	0.000000
0.591546	0.000000
1.085257	0.000000
-1.863097	0.000000
-0.082160	0.000000
-0.177658	0.000000
-0.249010	0.000000
-0.768548	0.000000
0.582255	0.000000
0.762569	0.000000
0.861747	0.000000
4.107358	0.000000
0.000039	0.000000
1.061209	0.000000
1.206454	0.000000
-1.055458	0.000000
-0.098879	0.000000
-0.484403	0.000000
1.034570	0.000000
0.806129	0.000000
-0.665935	0.000000
0.767104	0.000000
-2.640470	0.000000
0.347406	0.000000
-0.556202	0.000000
-0.482037	0.000000
0.141454	0.000000
0.092567	0.000000
2.431325	0.000000
2.006612	0.000000
0.911394	0.000000
1.521369	0.000000
1.216683	0.000000
-0.365104	0.000000
0.182346	0.000000
0.338945	0.000000
-3.494070	0.000000
1.851025	0.000000
1.135294	0.000000
-0.066480	0.000000
-0.473134	0.000000
0.792165	0.000000
1.075150	0.000000
-1.049505	0.000000
-0.679529	0.000000
-1.488207	0.000000
-0.845113	0.000000
0.691666	0.000000
0.297804	0.000000
0.366188	0.000000
-1.353513	0.000000
0.119226	0.000000
0.795351	0.000000
0.593435	0.000000
-1.552769	0.000000
0.753476	0.000000
0.946827	0.000000
-3.374592	0.000000
1.092014	0.000000
-0.169298	0.000000
2.648732	0.000000
0.747208	0.000000
0.687330	0.000000
0.767212	0.000000
0.767142	0.000000
2.072989	0.000000
-0.221346	0.000000
0.475822	0.000000
1.575456	0.000000
-0.114363	0.000000
1.025884	0.000000
-1.149997	0.000000
3.307442	0.000000
1.000599	0.000000
0.877406	0.000000
2.462820	0.000000
0.065960	0.000000
0.272503	0.000000
-1.909870	0.000000
-4.332815	0.000000
-1.527722	0.000000
1.037852	0.000000
-0.611786	0.000000
0.694819	0.000000
1.188338	0.000000
1.687418	0.000000
-0.919371	0.000000
0.277577	0.000000
-0.607777	0.000000
-0.884213	0.000000
0.911432	0.000000
-0.878943	0.000000
1.987185	0.000000
-0.298729	0.000000
0.000006	0.000000
1.321703	0.000000
1.130455	0.000000
-0.243503	0.000000
-0.567625	0.000000
0.399174	0.000000
-1.677529	0.000000
1.748166	0.000000
1.469351	0.000000
-0.655959	0.000000
-0.339741	0.000000
-1.254743	0.000000
-0.768281	0.000000
-0.197537	0.000000
0.680645	0.000000
-3.062214	0.000000
-0.051983	0.000000
-0.397308	0.000000
0.329116	0.000000
-1.323641	0.000000
-0.363387	0.000000
-2.338276	0.000000
0.847170	0.000000
-0.381435	0.000000
1.248000	0.000000
1.185337	0.000000
0.321071	0.000000
0.840626	0.000000
0.253240	0.000000
-0.146097	0.000000
-0.082183	0.000000
-0.088810	0.000000
0.940854	0.000000
1.537166	0.000000
1.575428	0.000000
-2.554400	0.000000
-3.528921	0.000000
1.766194	0.000000
0.363855	0.000000
3.032017	0.000000
1.060206	0.000000
0.659732	0.000000
-1.879250	0.000000
0.817505	0.000000
0.517263	0.000000
0.906922	0.000000
0.430943	0.000000
1.489080	0.000000
1.191445	0.000000
1.806479	0.000000
0.126420	0.000000
0.771448	0.000000
-0.742581	0.000000
0.277610	0.000000
-1.751929	0.000000
-1.870536	0.000000
0.488272	0.000000
0.000045	0.000000
2.798338	0.000000
-1.161723	0.000000
-3.616399	0.000000
1.016682	0.000000
-0.479532	0.000000
1.997139	0.000000
-0.946018	0.000000
-0.332594	0.000000
-0.516132	0.000000
0.136597	0.000000
-0.465865	0.000000
0.196841	0.000000
-0.169851	0.000000
0.933793	0.000000
1.152524	0.000000
0.197667	0.000000
0.127637	0.000000
-1.597666	0.000000
0.624758	0.000000
-0.635742	0.000000
-0.219380	0.000000
1.643233	0.000000
-0.759835	0.000000
-1.143140	0.000000
0.996683	0.000000
-1.173777	0.000000
-0.571949	0.000000
-0.564397	0.000000
-2.942992	0.000000
1.525504	0.000000
-0.651142	0.000000
-0.547961	0.000000
-0.328760	0.000000
0.710776	0.000000
-0.747080	0.000000
-0.109742	0.000000
-1.780876	0.000000
-0.152455	0.000000
1.969707	0.000000
0.492911	0.000000
0.066194	0.000000
0.515443	0.000000
3.655877	0.000000
0.219911	0.000000
-0.164840	0.000000
1.150529	0.000000
-0.039740	0.000000
0.403065	0.000000
-0.940165	0.000000
-0.586529	0.000000
-1.223617	0.000000
1.146428	0.000000
0.202269	0.000000
0.144658	0.000000
0.212216	0.000000
1.110290	0.000000
1.001150	0.000000
0.510177	0.000000
2.115732	0.000000
-1.284681	0.000000
0.932797	0.000000
0.464716	0.000000
0.334323	0.000000
-1.558895	0.000000
1.061943	0.000000
1.266496	0.000000
-0.605449	0.000000
0.133094	0.000000
0.516206	0.000000
-2.922676	0.000000
-3.046156	0.000000
-1.902256	0.000000
0.679633	0.000000
-2.276085	0.000000
-0.537784	0.000000
1.383313	0.000000
1.403767	0.000000
1.531152	0.000000
1.197405	0.000000
-0.039730	0.000000
-2.852186	0.000000
0.456479	0.000000
-0.528575	0.000000
-0.415685	0.000000
-0.946769	0.000000
0.851037	0.000000
0.364046	0.000000
-2.370593	0.000000
0.535096	0.000000
0.280227	0.000000
-1.519334	0.000000
-0.073060	0.000000
0.082202	0.000000
-0.977226	0.000000
-4.455027	0.000000
1.024762	0.000000
-0.171201	0.000000
-2.325654	0.000000
0.656608	0.000000
-0.410727	0.000000
-0.429928	0.000000
-1.455308	0.000000
-0.767718	0.000000
4.397840	0.000000
-1.582504	0.000000
1.423059	0.000000
-0.079539	0.000000
0.906895	0.000000
-0.195851	0.000000
1.173247	0.000000
-0.966013	0.000000
0.034794	0.000000
-0.606762	0.000000
-0.916003	0.000000
2.333900	0.000000
-2.683166	0.000000
1.394454	0.000000
-0.170041	0.000000
0.097659	0.000000
0.338098	0.000000
1.378920	0.000000
-0.730236	0.000000
0.455863	0.000000
-0.677770	0.000000
0.342560	0.000000
1.510027	0.000000
0.454167	0.000000
-2.760848	0.000000
-2.107654	0.000000
-0.573596	0.000000
-0.322530	0.000000
-0.885526	0.000000
0.339795	0.000000
1.663334	0.000000
2.151399	0.000000
2.321993	0.000000
-1.871652	0.000000
1.198318	0.000000
1.093304	0.000000
0.794756	0.000000
-1.864877	0.000000
-0.228169	0.000000
-0.858950	0.000000
0.493665	0.000000
1.245818	0.000000
0.674971	0.000000
1.039943	0.000000
-0.564392	0.000000
1.632075	0.000000
-0.217899	0.000000
0.036219	0.000000
0.694131	0.000000
-4.082138	0.000000
0.059229	0.000000
-1.189834	0.000000
-3.037587	0.000000
1.541191	0.000000
1.563177	0.000000
0.697622	0.000000
-1.067883	0.000000
0.694591	0.000000
-3.365478	0.000000
1.243004	0.000000
0.527752	0.000000
3.296990	0.000000
0.575300	0.000000
-1.273193	0.000000
0.000005	0.000000
1.488641	0.000000
0.361049	0.000000
-0.225386	0.000000
0.555836	0.000000
-0.176969	0.000000
0.096443	0.000000
-1.980247	0.000000
-0.462610	0.000000
0.965381	0.000000
0.102036	0.000000
-1.139215	0.000000
0.405718	0.000000
0.770549	0.000000
0.829849	0.000000
0.425503	0.000000
-2.372237	0.000000
0.856401	0.000000
1.022958	0.000000
1.210959	0.000000
0.565521	0.000000
0.731263	0.000000
0.437078	0.000000
0.824279	0.000000
-0.787118	0.000000
-1.274198	0.000000
0.671174	0.000000
0.153682	0.000000
0.296475	0.000000
0.212698	0.000000
-0.399375	0.000000
-0.260249	0.000000
-0.675468	0.000000
1.892364	0.000000
0.958555	0.000000
-1.486666	0.000000
-3.247639	0.000000
0.249187	0.000000
0.528208	0.000000
1.039998	0.000000
0.620899	0.000000
0.401346	0.000000
-2.428296	0.000000
0.976734	0.000000
0.694139	0.000000
-0.191745	0.000000
-0.710695	0.000000
-0.498047	0.000000
-0.585554	0.000000
-0.856151	0.000000
0.876950	0.000000
-0.943734	0.000000
-2.587611	0.000000
0.033110	0.000000
0.030359	0.000000
0.475271	0.000000
0.527751	0.000000
-0.725320	0.000000
3.027690	0.000000
1.074337	0.000000
0.302303	0.000000
1.214413	0.000000
1.489098	0.000000
-0.064393	0.000000
0.833769	0.000000
0.986060	0.000000
1.735609	0.000000
-2.369233	0.000000
0.092553	0.000000
0.035777	0.000000
1.190386	0.000000
0.032569	0.000000
0.709965	0.000000
-0.202738	0.000000
0.331964	0.000000
-2.978207	0.000000
0.542253	0.000000
0.274086	0.000000
0.438457	0.000000
0.454140	0.000000
1.330558	0.000000
0.817310	0.000000
-0.081906	0.000000
1.075133	0.000000
0.328020	0.000000
-2.208561	0.000000
-1.021300	0.000000
-1.421360	0.000000
-0.839837	0.000000
1.659029	0.000000
-0.099827	0.000000
-0.520513	0.000000
-0.437052	0.000000
-3.455511	0.000000
0.639060	0.000000
0.825957	0.000000
0.441701	0.000000
0.149540	0.000000
-0.352102	0.000000
0.000027	0.000000
0.028243	0.000000
0.347831	0.000000
0.217972	0.000000
-1.193750	0.000000
1.461303	0.000000
-0.301362	0.000000
0.621895	0.000000
1.106881	0.000000
1.134558	0.000000
0.000028	0.000000
-0.457449	0.000000
0.205227	0.000000
0.985782	0.000000
-0.396859	0.000000
2.152754	0.000000
0.073172	0.000000
1.891071	0.000000
-1.022036	0.000000
-1.513842	0.000000
3.978952	0.000000
0.369479	0.000000
1.214399	0.000000
0.676877	0.000000
0.611868	0.000000
1.076952	0.000000
-3.236226	0.000000
1.446346	0.000000
1.096271	0.000000
-0.231259	0.000000
-1.001109	0.000000
0.544182	0.000000
-0.390542	0.000000
-2.028406	0.000000
2.230542	0.000000
0.697075	0.000000
0.638212	0.000000
1.694483	0.000000
0.342578	0.000000
1.169089	0.000000
0.832543	0.000000
-0.033252	0.000000
1.032394	0.000000
-0.027272	0.000000
1.469374	0.000000
2.492694	0.000000
-0.424718	0.000000
0.029210	0.000000
-0.192083	0.000000
1.383338	0.000000
1.106046	0.000000
0.033325	0.000000
1.874186	0.000000
0.437117	0.000000
-0.191967	0.000000
0.228255	0.000000
0.627727	0.000000
0.675541	0.000000
0.996653	0.000000
0.909693	0.000000
-0.467902	0.000000
-1.354612	0.000000
-0.428050	0.000000
0.716052	0.000000
1.085268	0.000000
1.242088	0.000000
-0.027389	0.000000
-0.829158	0.000000
-0.553396	0.000000
1.829920	0.000000
1.130204	0.000000
0.305050	0.000000
-0.082047	0.000000
0.328633	0.000000
-2.844354	0.000000
-0.181890	0.000000
-0.365549	0.000000
0.351851	0.000000
-0.197786	0.000000
-2.028544	0.000000
1.631361	0.000000
3.358815	0.000000
