-1.850217	0.000000
-0.269427	0.000000
0.506421	0.000000
-0.293653	0.000000
0.486300	0.000000
-0.310840	0.000000
-0.728685	0.000000
-0.264153	0.000000
-0.646166	0.000000
0.325815	0.000000
-0.224934	0.000000
0.386152	0.000000
-0.176657	0.000000
0.213734	0.000000
-0.252381	0.000000
0.516461	0.000000
-0.228744	0.000000
0.361594	0.000000
-0.393596	0.000000
-0.452966	0.000000
0.726297	0.000000
-0.236839	0.000000
0.421924	0.000000
-0.406505	0.000000
-0.359911	0.000000
0.322268	0.000000
0.262753	0.000000
0.175776	0.000000
-0.361915	0.000000
0.412963	0.000000
-0.499622	0.000000
-0.297635	0.000000
0.549165	0.000000
-0.434380	0.000000
-0.548888	0.000000
0.170206	0.000000
0.251705	0.000000
0.314718	0.000000
-0.346273	0.000000
-0.156465	0.000000
-0.223994	0.000000
-0.435003	0.000000
-0.310645	0.000000
-0.223394	0.000000
-0.199185	0.000000
0.383057	0.000000
-0.799231	0.000000
-0.214210	0.000000
0.297164	0.000000
-0.443340	0.000000
0.484969	0.000000
0.363933	0.000000
-0.082321	0.000000
-0.569834	0.000000
-0.503354	0.000000
0.141265	0.000000
-0.480755	0.000000
0.488963	0.000000
-0.099851	0.000000
-0.289263	0.000000
-0.801471	0.000000
-1.612826	0.000000
0.511406	0.000000
-0.423667	0.000000
-0.687330	0.000000
-0.409656	0.000000
0.908933	0.000000
-0.326756	0.000000
-0.782663	0.000000
-0.631713	0.000000
-0.433246	0.000000
-0.225011	0.000000
-0.325544	0.000000
-0.411678	0.000000
-0.516863	0.000000
-0.334940	0.000000
-0.427568	0.000000
0.586179	0.000000
-0.367435	0.000000
0.464789	0.000000
0.471069	0.000000
0.144142	0.000000
-0.735250	0.000000
-0.245143	0.000000
-0.396053	0.000000
-0.514445	0.000000
-0.285756	0.000000
0.577594	0.000000
-0.577407	0.000000
0.376075	0.000000
-0.453901	0.000000
-0.750897	0.000000
-0.772932	0.000000
-0.666823	0.000000
-0.637330	0.000000
0.162143	0.000000
-0.338489	0.000000
0.511592	0.000000
-0.579110	0.000000
-0.195591	0.000000
-0.386209	0.000000
-0.705770	0.000000
-0.287819	0.000000
-0.685670	0.000000
-0.411649	0.000000
0.638389	0.000000
-0.426529	0.000000
-0.467814	0.000000
-0.489989	0.000000
-0.450698	0.000000
-0.226956	0.000000
0.555484	0.000000
-0.053720	0.000000
0.577350	0.000000
-0.492856	0.000000
-0.577770	0.000000
-0.914129	0.000000
0.673684	0.000000
-0.358472	0.000000
-0.535653	0.000000
1.669883	0.000000
1.187712	0.000000
-0.630237	0.000000
-0.896077	0.000000
0.814449	0.000000
2.811822	0.000000
0.648183	0.000000
2.419538	0.000000
1.057999	0.000000
-0.948834	0.000000
2.682352	0.000000
2.846286	0.000000
2.226255	0.000000
3.263787	0.000000
2.265703	0.000000
1.052230	0.000000
1.320718	0.000000
-0.898411	0.000000
0.661471	0.000000
0.495587	0.000000
0.714779	0.000000
2.622921	0.000000
0.706306	0.000000
1.252855	0.000000
1.577342	0.000000
0.642333	0.000000
2.892482	0.000000
0.923645	0.000000
1.907525	0.000000
-0.432245	0.000000
1.225002	0.000000
1.278195	0.000000
0.829305	0.000000
0.574263	0.000000
1.227643	0.000000
1.134479	0.000000
0.805679	0.000000
2.151671	0.000000
1.877720	0.000000
3.354785	0.000000
2.890062	0.000000
0.439312	0.000000
2.491451	0.000000
1.801843	0.000000
2.907175	0.000000
0.336477	0.000000
-0.712312	0.000000
2.782740	0.000000
0.636126	0.000000
2.008233	0.000000
2.622449	0.000000
0.276278	0.000000
0.587216	0.000000
-1.184862	0.000000
1.760294	0.000000
1.172902	0.000000
2.521933	0.000000
1.292362	0.000000
2.942558	0.000000
2.940811	0.000000
0.659846	0.000000
1.535423	0.000000
-1.123479	0.000000
-5.029842	0.000000
-1.084397	0.000000
-0.738461	0.000000
-1.286659	0.000000
-1.767273	0.000000
-0.443558	0.000000
1.782618	0.000000
-0.322006	0.000000
-0.538565	0.000000
-0.183343	0.000000
-0.865384	0.000000
-1.088344	0.000000
2.482603	0.000000
1.800963	0.000000
1.672829	0.000000
2.810617	0.000000
-2.159966	0.000000
1.603852	0.000000
-1.410005	0.000000
0.939044	0.000000
-1.662631	0.000000
-1.244587	0.000000
1.064791	0.000000
0.663349	0.000000
-2.998842	0.000000
-0.622016	0.000000
-0.604140	0.000000
1.686522	0.000000
0.513076	0.000000
0.748822	0.000000
-0.634821	0.000000
0.729637	0.000000
1.121574	0.000000
1.980371	0.000000
-1.140055	0.000000
0.800995	0.000000
-0.789697	0.000000
-0.414829	0.000000
1.477612	0.000000
-0.420876	0.000000
1.247022	0.000000
0.687165	0.000000
-0.553406	0.000000
-0.917605	0.000000
-0.576435	0.000000
1.999964	0.000000
-0.550695	0.000000
-1.621884	0.000000
-1.389170	0.000000
0.157639	0.000000
1.749675	0.000000
-1.216793	0.000000
-0.858683	0.000000
-0.369653	0.000000
1.468780	0.000000
-1.446884	0.000000
-0.914081	0.000000
-0.708981	0.000000
-1.469760	0.000000
0.675564	0.000000
-0.696679	0.000000
-2.408296	0.000000
-0.963362	0.000000
-0.306080	0.000000
-1.580473	0.000000
-2.444770	0.000000
-0.724581	0.000000
-1.248904	0.000000
-1.283769	0.000000
-0.970932	0.000000
-1.184572	0.000000
-1.028684	0.000000
-0.553038	0.000000
-1.183296	0.000000
0.929351	0.000000
-0.499212	0.000000
0.993946	0.000000
0.813814	0.000000
-1.198409	0.000000
-0.764882	0.000000
0.931578	0.000000
-1.124570	0.000000
-1.470502	0.000000
-1.173301	0.000000
-0.367366	0.000000
-1.376079	0.000000
0.667327	0.000000
-0.551510	0.000000
-1.580541	0.000000
-0.956187	0.000000
-1.447039	0.000000
-1.470119	0.000000
-1.738589	0.000000
-1.229175	0.000000
0.571909	0.000000
-1.060876	0.000000
-0.888279	0.000000
-0.425897	0.000000
-0.911000	0.000000
-0.583693	0.000000
-0.621669	0.000000
-1.199257	0.000000
0.861705	0.000000
-0.577811	0.000000
-1.154998	0.000000
-0.935121	0.000000
-1.164611	0.000000
-1.236750	0.000000
0.913450	0.000000
2.796759	0.000000
-0.671990	0.000000
-0.825827	0.000000
-1.457313	0.000000
-1.792581	0.000000
-0.281682	0.000000
-0.925104	0.000000
-0.967783	0.000000
-0.203083	0.000000
-0.253935	0.000000
-0.653532	0.000000
-0.171694	0.000000
-0.535140	0.000000
-0.879521	0.000000
-1.006092	0.000000
-0.560845	0.000000
-0.549475	0.000000
0.565527	0.000000
-0.288228	0.000000
-0.597043	0.000000
-0.374075	0.000000
-0.731597	0.000000
-0.481953	0.000000
0.477793	0.000000
0.294987	0.000000
0.723935	0.000000
-0.373867	0.000000
-0.595245	0.000000
-0.345057	0.000000
-1.021516	0.000000
0.765291	0.000000
0.301863	0.000000
-0.624192	0.000000
0.158931	0.000000
-0.731219	0.000000
-0.332159	0.000000
-0.443233	0.000000
-0.494687	0.000000
0.568547	0.000000
-0.334414	0.000000
0.390935	0.000000
0.218717	0.000000
0.294190	0.000000
-0.144192	0.000000
0.220306	0.000000
-0.789553	0.000000
-0.328453	0.000000
-0.182818	0.000000
-0.231206	0.000000
-0.350095	0.000000
-0.242143	0.000000
-0.420017	0.000000
-0.671376	0.000000
-0.663385	0.000000
-0.344544	0.000000
-0.452332	0.000000
0.199854	0.000000
-0.365503	0.000000
-0.383083	0.000000
-0.258050	0.000000
0.098709	0.000000
-0.623284	0.000000
-0.150846	0.000000
0.331968	0.000000
-0.361715	0.000000
0.257034	0.000000
-0.474940	0.000000
-1.115330	0.000000
0.726638	0.000000
0.407834	0.000000
-0.683905	0.000000
-0.286916	0.000000
-0.302218	0.000000
1.357137	0.000000
-1.431423	0.000000
1.111863	0.000000
0.151106	0.000000
0.523988	0.000000
1.619159	0.000000
1.574286	0.000000
0.953447	0.000000
1.705289	0.000000
0.905777	0.000000
0.943075	0.000000
0.421959	0.000000
-1.106722	0.000000
0.285766	0.000000
0.552277	0.000000
-0.640337	0.000000
1.526906	0.000000
0.288165	0.000000
-0.502299	0.000000
0.435347	0.000000
0.420981	0.000000
1.492308	0.000000
-0.771065	0.000000
0.647676	0.000000
-0.768699	0.000000
0.634642	0.000000
0.566074	0.000000
0.464082	0.000000
0.404348	0.000000
0.267702	0.000000
0.200048	0.000000
0.240471	0.000000
1.125008	0.000000
0.815982	0.000000
1.587842	0.000000
1.533721	0.000000
-0.764300	0.000000
1.223884	0.000000
0.381527	0.000000
1.510471	0.000000
-0.902569	0.000000
0.755346	0.000000
1.812756	0.000000
0.469034	0.000000
0.950307	0.000000
1.221145	0.000000
0.538783	0.000000
0.434502	0.000000
-0.659280	0.000000
0.570399	0.000000
0.621228	0.000000
1.346820	0.000000
-0.492644	0.000000
1.716334	0.000000
1.990244	0.000000
-0.698865	0.000000
-0.395325	0.000000
0.283025	0.000000
-0.442276	0.000000
-0.350490	0.000000
-0.155403	0.000000
0.686516	0.000000
-1.659542	0.000000
-0.455468	0.000000
1.158300	0.000000
-0.313501	0.000000
-0.237051	0.000000
-0.227507	0.000000
-0.327016	0.000000
-0.239274	0.000000
-0.544284	0.000000
0.646579	0.000000
0.621000	0.000000
0.910757	0.000000
0.673201	0.000000
1.289715	0.000000
-0.198054	0.000000
-0.457338	0.000000
0.350546	0.000000
-0.502942	0.000000
0.565231	0.000000
0.179954	0.000000
-0.594576	0.000000
0.439235	0.000000
0.841176	0.000000
0.339183	0.000000
0.399674	0.000000
0.633227	0.000000
-0.239849	0.000000
0.430062	0.000000
0.540275	0.000000
0.562168	0.000000
-0.363007	0.000000
0.239483	0.000000
0.124438	0.000000
0.100223	0.000000
-0.486766	0.000000
-0.477037	0.000000
0.752129	0.000000
0.264970	0.000000
0.455163	0.000000
-0.626867	0.000000
0.209786	0.000000
0.415538	0.000000
-0.296588	0.000000
-0.267649	0.000000
-0.491267	0.000000
-0.192316	0.000000
1.017704	0.000000
-0.677349	0.000000
-0.511092	0.000000
0.458629	0.000000
1.356954	0.000000
-0.303133	0.000000
-0.336676	0.000000
0.710060	0.000000
0.670537	0.000000
0.849863	0.000000
-0.600929	0.000000
0.622877	0.000000
-0.481466	0.000000
-0.945282	0.000000
-0.370520	0.000000
-0.818552	0.000000
0.912626	0.000000
-0.246465	0.000000
0.127827	0.000000
-0.445225	0.000000
0.174205	0.000000
-0.460983	0.000000
1.684065	0.000000
-1.193984	0.000000
0.879876	0.000000
0.734237	0.000000
0.410024	0.000000
1.376674	0.000000
-0.296151	0.000000
-0.859864	0.000000
1.434395	0.000000
0.872493	0.000000
-0.747770	0.000000
-0.252000	0.000000
0.715450	0.000000
-0.328967	0.000000
1.360939	0.000000
0.978668	0.000000
-0.314594	0.000000
0.432440	0.000000
-0.895251	0.000000
0.461211	0.000000
0.869545	0.000000
0.360238	0.000000
-0.916296	0.000000
-0.169575	0.000000
-0.319568	0.000000
-0.297325	0.000000
-0.357759	0.000000
-0.328375	0.000000
0.648337	0.000000
-0.534835	0.000000
0.858764	0.000000
1.063641	0.000000
-0.322370	0.000000
0.829943	0.000000
-0.315953	0.000000
-0.234727	0.000000
1.085534	0.000000
0.068660	0.000000
-1.084500	0.000000
-1.233304	0.000000
0.559391	0.000000
0.599077	0.000000
1.082523	0.000000
-0.522904	0.000000
0.538307	0.000000
-0.694718	0.000000
-0.556008	0.000000
0.259827	0.000000
1.091226	0.000000
0.642320	0.000000
0.421249	0.000000
0.176135	0.000000
0.730824	0.000000
0.741980	0.000000
-2.413736	0.000000
-0.357914	0.000000
-0.293167	0.000000
-0.158382	0.000000
0.284889	0.000000
-0.265543	0.000000
-0.530030	0.000000
-0.250803	0.000000
0.451507	0.000000
-0.391991	0.000000
0.849030	0.000000
0.359812	0.000000
0.354334	0.000000
-0.739447	0.000000
0.392580	0.000000
1.056063	0.000000
0.314545	0.000000
-0.175230	0.000000
0.202044	0.000000
0.400303	0.000000
0.204037	0.000000
0.257986	0.000000
-0.546304	0.000000
0.235422	0.000000
0.608070	0.000000
-0.776245	0.000000
-0.158433	0.000000
-0.167240	0.000000
0.395170	0.000000
-0.401768	0.000000
-0.363387	0.000000
-0.135177	0.000000
0.693120	0.000000
-0.256866	0.000000
-0.478930	0.000000
0.238527	0.000000
0.100191	0.000000
-0.524896	0.000000
0.210413	0.000000
0.715626	0.000000
-0.227573	0.000000
-0.236200	0.000000
0.129331	0.000000
-0.222574	0.000000
0.467893	0.000000
0.067861	0.000000
0.527453	0.000000
-0.122479	0.000000
0.360537	0.000000
0.521916	0.000000
0.286243	0.000000
0.501824	0.000000
0.313005	0.000000
1.662575	0.000000
0.974793	0.000000
1.040834	0.000000
-0.587019	0.000000
1.814216	0.000000
0.658432	0.000000
1.271881	0.000000
1.204256	0.000000
-1.348111	0.000000
-1.522962	0.000000
-1.201555	0.000000
0.185290	0.000000
-0.716368	0.000000
-0.778469	0.000000
0.770841	0.000000
1.174187	0.000000
1.658662	0.000000
1.967122	0.000000
1.651503	0.000000
-1.590084	0.000000
1.679220	0.000000
1.842811	0.000000
0.339007	0.000000
1.562043	0.000000
-0.288895	0.000000
1.236470	0.000000
-0.677073	0.000000
1.689791	0.000000
-1.558571	0.000000
0.881279	0.000000
0.983054	0.000000
1.316305	0.000000
-0.655280	0.000000
0.904261	0.000000
1.051574	0.000000
-0.735010	0.000000
-0.520546	0.000000
0.523520	0.000000
-1.174463	0.000000
1.375706	0.000000
-0.636131	0.000000
0.513242	0.000000
-0.697591	0.000000
1.534778	0.000000
-1.189291	0.000000
-0.375029	0.000000
0.128449	0.000000
-1.668890	0.000000
-0.459379	0.000000
2.162067	0.000000
-0.290820	0.000000
1.038289	0.000000
-1.797247	0.000000
0.980451	0.000000
2.275302	0.000000
0.311417	0.000000
-0.494118	0.000000
0.636513	0.000000
0.913133	0.000000
1.955072	0.000000
-0.768375	0.000000
-2.294232	0.000000
-0.415147	0.000000
-1.559592	0.000000
-2.548956	0.000000
-2.267676	0.000000
1.664190	0.000000
1.966335	0.000000
-0.364917	0.000000
-2.115425	0.000000
0.822375	0.000000
-1.680157	0.000000
0.710839	0.000000
-0.850820	0.000000
1.590450	0.000000
-1.284414	0.000000
0.669699	0.000000
1.961916	0.000000
-1.275037	0.000000
-1.303397	0.000000
1.323449	0.000000
-1.862028	0.000000
-1.074143	0.000000
1.573677	0.000000
-0.469102	0.000000
-4.811851	0.000000
1.241087	0.000000
-1.594697	0.000000
0.557846	0.000000
1.932817	0.000000
1.557106	0.000000
2.362124	0.000000
2.487762	0.000000
0.802913	0.000000
2.078487	0.000000
-1.542135	0.000000
1.552675	0.000000
-0.818221	0.000000
-0.459673	0.000000
0.804712	0.000000
0.870377	0.000000
1.641765	0.000000
-1.211427	0.000000
-2.130370	0.000000
1.442577	0.000000
-1.353034	0.000000
-0.242589	0.000000
-1.007576	0.000000
-0.469846	0.000000
-1.012321	0.000000
0.420473	0.000000
-0.963677	0.000000
0.598260	0.000000
0.385331	0.000000
-0.781145	0.000000
-2.938107	0.000000
-1.616997	0.000000
-0.989819	0.000000
0.369178	0.000000
-0.643627	0.000000
-0.124354	0.000000
0.681636	0.000000
0.770300	0.000000
0.292205	0.000000
0.479379	0.000000
0.152981	0.000000
0.609223	0.000000
-0.614069	0.000000
-0.438315	0.000000
-0.180449	0.000000
-0.538113	0.000000
-0.235163	0.000000
0.357253	0.000000
0.667972	0.000000
0.357461	0.000000
-0.506604	0.000000
0.614322	0.000000
-0.202416	0.000000
-0.536441	0.000000
-0.548171	0.000000
-0.375357	0.000000
-0.131863	0.000000
0.632726	0.000000
0.882349	0.000000
-0.418537	0.000000
0.513541	0.000000
-0.326038	0.000000
-0.139753	0.000000
-0.250274	0.000000
0.228304	0.000000
0.888207	0.000000
-0.420851	0.000000
-0.534670	0.000000
1.197615	0.000000
0.763494	0.000000
0.368571	0.000000
-0.242978	0.000000
-0.223791	0.000000
-0.558015	0.000000
0.965087	0.000000
0.254144	0.000000
0.628214	0.000000
-0.596669	0.000000
0.150687	0.000000
0.451231	0.000000
-0.481845	0.000000
1.285504	0.000000
0.311360	0.000000
-0.441551	0.000000
0.392804	0.000000
-0.095086	0.000000
-0.368987	0.000000
0.274500	0.000000
0.966794	0.000000
-0.109698	0.000000
-0.279744	0.000000
-0.412203	0.000000
0.151008	0.000000
0.849622	0.000000
0.784785	0.000000
-0.485845	0.000000
-0.738156	0.000000
1.372936	0.000000
-0.746698	0.000000
0.826949	0.000000
-0.929481	0.000000
0.808276	0.000000
0.620621	0.000000
-0.055479	0.000000
-0.457632	0.000000
0.292192	0.000000
-0.776453	0.000000
0.396649	0.000000
2.021917	0.000000
1.508829	0.000000
0.499024	0.000000
-0.629933	0.000000
-0.549330	0.000000
-0.530795	0.000000
-0.198259	0.000000
0.990314	0.000000
-0.715613	0.000000
0.646299	0.000000
1.400114	0.000000
-0.597056	0.000000
-0.606221	0.000000
0.669186	0.000000
0.329609	0.000000
0.839489	0.000000
0.880131	0.000000
1.627810	0.000000
0.778519	0.000000
0.587032	0.000000
1.633549	0.000000
1.400580	0.000000
-0.346420	0.000000
0.702166	0.000000
-0.489930	0.000000
-0.911470	0.000000
1.414666	0.000000
-0.493113	0.000000
0.712411	0.000000
-0.545975	0.000000
-0.436914	0.000000
1.315429	0.000000
-0.182164	0.000000
1.624540	0.000000
-0.678756	0.000000
-0.544907	0.000000
0.501720	0.000000
0.073231	0.000000
1.092294	0.000000
0.288790	0.000000
1.457573	0.000000
-0.631107	0.000000
-1.237835	0.000000
-0.845905	0.000000
-0.878239	0.000000
-0.492791	0.000000
-0.323811	0.000000
0.376474	0.000000
-0.166790	0.000000
-0.817351	0.000000
-0.369579	0.000000
0.390868	0.000000
-0.500085	0.000000
-0.804602	0.000000
-0.402298	0.000000
-0.210862	0.000000
-0.325840	0.000000
-0.247234	0.000000
-0.186355	0.000000
-0.478776	0.000000
0.331427	0.000000
-0.227213	0.000000
0.267183	0.000000
-0.455857	0.000000
0.389477	0.000000
0.541607	0.000000
-0.474573	0.000000
-0.667860	0.000000
-0.334185	0.000000
-0.220815	0.000000
-0.486062	0.000000
-0.282410	0.000000
0.251236	0.000000
-0.535738	0.000000
0.319029	0.000000
-0.273982	0.000000
-0.403830	0.000000
-0.389555	0.000000
-0.331873	0.000000
-0.631538	0.000000
-0.518895	0.000000
-0.481674	0.000000
-0.626137	0.000000
-0.317568	0.000000
-0.370723	0.000000
-0.371800	0.000000
-0.295243	0.000000
-0.266646	0.000000
0.278055	0.000000
-0.317458	0.000000
0.384600	0.000000
-0.428790	0.000000
-0.340374	0.000000
-0.144294	0.000000
-0.248599	0.000000
-0.582963	0.000000
0.615195	0.000000
-0.084518	0.000000
0.254792	0.000000
-0.415179	0.000000
-0.758147	0.000000
-0.284735	0.000000
-0.279799	0.000000
-0.290822	0.000000
-0.486313	0.000000
-1.016990	0.000000
-0.702761	0.000000
0.727267	0.000000
0.660399	0.000000
-0.208580	0.000000
-0.224443	0.000000
0.890412	0.000000
0.225774	0.000000
-0.837760	0.000000
-0.794585	0.000000
-0.849042	0.000000
0.153541	0.000000
-0.442781	0.000000
0.487862	0.000000
-0.633405	0.000000
-1.196034	0.000000
-0.583252	0.000000
-0.376960	0.000000
-0.822074	0.000000
0.668311	0.000000
0.727040	0.000000
-0.468390	0.000000
0.785816	0.000000
0.473894	0.000000
-0.366862	0.000000
-0.447497	0.000000
-0.161834	0.000000
0.497956	0.000000
-0.602886	0.000000
0.583965	0.000000
-1.318155	0.000000
-0.487470	0.000000
-0.683036	0.000000
-0.429854	0.000000
-0.895629	0.000000
-0.611701	0.000000
-0.242935	0.000000
0.904571	0.000000
-1.057901	0.000000
-0.437472	0.000000
-0.449428	0.000000
-0.285716	0.000000
-0.708701	0.000000
-0.677043	0.000000
-0.271297	0.000000
0.630605	0.000000
-0.712917	0.000000
-0.285785	0.000000
-0.258136	0.000000
-0.588750	0.000000
0.204867	0.000000
0.531366	0.000000
-3.068302	0.000000
-0.861320	0.000000
-0.730300	0.000000
-0.433825	0.000000
-0.261819	0.000000
0.576904	0.000000
-0.313924	0.000000
0.539264	0.000000
-0.643619	0.000000
-0.458737	0.000000
-0.911576	0.000000
0.224725	0.000000
1.148107	0.000000
-0.378151	0.000000
-0.352872	0.000000
0.388536	0.000000
1.148974	0.000000
-0.778327	0.000000
-0.268262	0.000000
-0.231766	0.000000
-0.264851	0.000000
-0.546305	0.000000
-0.328503	0.000000
0.728070	0.000000
-1.078285	0.000000
-1.390748	0.000000
0.281806	0.000000
-0.821539	0.000000
-0.798404	0.000000
-0.860864	0.000000
-0.429550	0.000000
-0.848636	0.000000
0.624287	0.000000
0.255776	0.000000
-0.642236	0.000000
-0.973820	0.000000
-0.428433	0.000000
-0.964580	0.000000
0.833438	0.000000
-0.162528	0.000000
-0.177959	0.000000
0.597380	0.000000
-0.285931	0.000000
0.618397	0.000000
0.240788	0.000000
-0.564003	0.000000
-0.416768	0.000000
-0.855359	0.000000
-0.527265	0.000000
-0.534970	0.000000
-0.313027	0.000000
-0.314134	0.000000
-0.781345	0.000000
-0.958710	0.000000
0.680198	0.000000
-0.578440	0.000000
0.714723	0.000000
-0.488289	0.000000
-0.841304	0.000000
-0.900414	0.000000
0.160975	0.000000
0.438902	0.000000
-0.139692	0.000000
0.812012	0.000000
-0.245638	0.000000
0.271761	0.000000
-0.662437	0.000000
-0.598880	0.000000
0.687105	0.000000
0.505741	0.000000
0.395171	0.000000
0.109041	0.000000
0.272736	0.000000
1.352408	0.000000
0.586003	0.000000
1.139884	0.000000
0.691076	0.000000
-0.344246	0.000000
1.240759	0.000000
1.113785	0.000000
0.849699	0.000000
1.532675	0.000000
0.905609	0.000000
0.702851	0.000000
0.458460	0.000000
-1.787446	0.000000
0.460308	0.000000
-0.269881	0.000000
0.339991	0.000000
1.011756	0.000000
-0.660319	0.000000
0.672096	0.000000
0.759410	0.000000
0.542421	0.000000
1.504649	0.000000
0.402464	0.000000
0.710159	0.000000
0.510791	0.000000
0.334352	0.000000
0.733626	0.000000
0.491169	0.000000
0.517936	0.000000
0.431090	0.000000
0.915654	0.000000
0.618558	0.000000
1.337645	0.000000
0.689629	0.000000
1.332622	0.000000
1.242566	0.000000
0.438999	0.000000
1.300286	0.000000
0.602365	0.000000
1.460013	0.000000
0.595882	0.000000
0.425671	0.000000
1.483821	0.000000
0.527905	0.000000
0.920342	0.000000
1.089031	0.000000
0.755225	0.000000
0.333175	0.000000
-0.432791	0.000000
0.730164	0.000000
0.471239	0.000000
1.336351	0.000000
0.398293	0.000000
1.073627	0.000000
1.228325	0.000000
0.710563	0.000000
-0.653244	0.000000
-2.136690	0.000000
1.206739	0.000000
0.451062	0.000000
1.338187	0.000000
-1.670469	0.000000
1.486920	0.000000
1.562036	0.000000
0.528793	0.000000
-0.368819	0.000000
0.498102	0.000000
-0.317115	0.000000
0.470392	0.000000
0.981194	0.000000
0.942911	0.000000
-0.635224	0.000000
-1.558174	0.000000
-3.696160	0.000000
0.695014	0.000000
-2.106484	0.000000
1.038722	0.000000
-1.371775	0.000000
-1.246201	0.000000
1.131727	0.000000
0.410670	0.000000
0.515522	0.000000
-1.842965	0.000000
1.316913	0.000000
-1.825631	0.000000
2.587291	0.000000
-0.464430	0.000000
0.739410	0.000000
1.691710	0.000000
-0.991174	0.000000
-1.338869	0.000000
-0.836195	0.000000
1.027804	0.000000
0.710126	0.000000
0.507557	0.000000
1.070797	0.000000
0.477919	0.000000
-0.291764	0.000000
-0.653098	0.000000
0.633444	0.000000
-2.173308	0.000000
1.089343	0.000000
0.795093	0.000000
2.238932	0.000000
-0.879127	0.000000
1.186784	0.000000
-1.368347	0.000000
-0.143005	0.000000
1.533825	0.000000
0.544016	0.000000
0.844206	0.000000
-0.845855	0.000000
-0.930309	0.000000
-0.493544	0.000000
0.720975	0.000000
-0.540390	0.000000
0.626146	0.000000
0.598850	0.000000
-0.222534	0.000000
0.385049	0.000000
0.594334	0.000000
-0.419350	0.000000
-0.228390	0.000000
0.717700	0.000000
-0.474406	0.000000
-0.562435	0.000000
-0.283521	0.000000
1.055534	0.000000
-0.866909	0.000000
0.931657	0.000000
-0.461981	0.000000
1.288723	0.000000
0.496759	0.000000
-0.958920	0.000000
-2.883800	0.000000
-1.049695	0.000000
-0.412236	0.000000
0.705962	0.000000
-0.440418	0.000000
-0.564043	0.000000
0.668208	0.000000
-0.456417	0.000000
0.992262	0.000000
0.789921	0.000000
-0.477965	0.000000
-0.507642	0.000000
0.956579	0.000000
0.715704	0.000000
0.324429	0.000000
0.398959	0.000000
0.793959	0.000000
0.881164	0.000000
-0.692805	0.000000
1.062518	0.000000
-0.513533	0.000000
-0.531698	0.000000
0.443324	0.000000
0.986512	0.000000
-0.518841	0.000000
-0.440413	0.000000
0.903115	0.000000
-0.957591	0.000000
0.579985	0.000000
-0.316024	0.000000
0.622059	0.000000
-0.313878	0.000000
0.898408	0.000000
1.360193	0.000000
1.008473	0.000000
1.251333	0.000000
0.484413	0.000000
0.204998	0.000000
0.432944	0.000000
0.491146	0.000000
-0.490298	0.000000
1.172331	0.000000
1.333698	0.000000
-0.303649	0.000000
-0.830428	0.000000
0.541630	0.000000
2.128325	0.000000
0.393450	0.000000
1.534567	0.000000
0.877999	0.000000
1.114561	0.000000
1.787231	0.000000
1.667469	0.000000
1.834969	0.000000
1.679416	0.000000
1.706442	0.000000
0.468536	0.000000
1.032509	0.000000
-0.284564	0.000000
-0.282863	0.000000
-0.867004	0.000000
-1.211206	0.000000
1.353082	0.000000
0.811579	0.000000
-0.860024	0.000000
1.049492	0.000000
0.607224	0.000000
1.636075	0.000000
0.255133	0.000000
1.406178	0.000000
-0.404464	0.000000
0.627416	0.000000
1.234159	0.000000
0.343780	0.000000
1.031432	0.000000
1.224552	0.000000
0.448014	0.000000
0.542371	0.000000
0.782525	0.000000
1.490998	0.000000
1.961818	0.000000
2.063261	0.000000
-0.241958	0.000000
2.118963	0.000000
0.745085	0.000000
1.630389	0.000000
-0.333709	0.000000
0.585381	0.000000
1.707768	0.000000
-0.152198	0.000000
1.998273	0.000000
1.478423	0.000000
-0.421174	0.000000
0.702466	0.000000
0.390098	0.000000
1.619064	0.000000
-0.274057	0.000000
1.539687	0.000000
0.653449	0.000000
1.774311	0.000000
1.794916	0.000000
0.757090	0.000000
0.700982	0.000000
-0.763180	0.000000
-0.763137	0.000000
0.672419	0.000000
-0.821802	0.000000
-0.679017	0.000000
-0.733129	0.000000
0.592816	0.000000
1.375004	0.000000
0.279041	0.000000
-0.481484	0.000000
-0.138155	0.000000
-0.128206	0.000000
0.239139	0.000000
-0.584416	0.000000
0.907711	0.000000
-0.755965	0.000000
0.477351	0.000000
-0.355073	0.000000
0.215689	0.000000
-1.295326	0.000000
-0.579577	0.000000
-0.441990	0.000000
0.394772	0.000000
1.010744	0.000000
-0.781703	0.000000
-0.321904	0.000000
0.532815	0.000000
0.451227	0.000000
-0.542998	0.000000
0.849315	0.000000
1.200072	0.000000
1.073863	0.000000
0.637635	0.000000
0.731104	0.000000
0.875126	0.000000
-0.981225	0.000000
0.592747	0.000000
-0.862171	0.000000
-0.683944	0.000000
0.252311	0.000000
-0.454972	0.000000
1.158351	0.000000
-0.614032	0.000000
-0.478151	0.000000
-0.749123	0.000000
-0.743627	0.000000
-0.438767	0.000000
0.355704	0.000000
-0.380279	0.000000
-0.656987	0.000000
0.156021	0.000000
-0.937867	0.000000
0.269006	0.000000
0.832359	0.000000
-0.382586	0.000000
-1.097025	0.000000
-0.313218	0.000000
-0.723425	0.000000
-0.973450	0.000000
-0.315605	0.000000
0.704696	0.000000
0.339696	0.000000
-0.872758	0.000000
0.117601	0.000000
-0.464861	0.000000
0.271555	0.000000
-0.486787	0.000000
-0.879201	0.000000
-0.252942	0.000000
-0.683907	0.000000
-0.184369	0.000000
-0.411629	0.000000
0.090549	0.000000
-0.650506	0.000000
-0.307421	0.000000
0.500648	0.000000
-0.234909	0.000000
0.698795	0.000000
0.568588	0.000000
-0.589874	0.000000
-2.171503	0.000000
0.616858	0.000000
-0.356010	0.000000
-0.427991	0.000000
-0.249763	0.000000
0.388308	0.000000
0.154184	0.000000
0.542968	0.000000
0.161293	0.000000
-0.337597	0.000000
-0.347148	0.000000
-0.418956	0.000000
-0.308751	0.000000
-0.313059	0.000000
-0.179609	0.000000
-0.418098	0.000000
-0.084910	0.000000
-0.526329	0.000000
-0.268876	0.000000
-1.003917	0.000000
0.243615	0.000000
0.438449	0.000000
-0.263552	0.000000
0.693487	0.000000
-0.567708	0.000000
-0.367047	0.000000
0.471494	0.000000
-0.124916	0.000000
-0.260926	0.000000
0.814695	0.000000
-0.106595	0.000000
-1.128885	0.000000
-0.163158	0.000000
-0.389763	0.000000
-0.308758	0.000000
-0.248588	0.000000
0.189045	0.000000
-0.551890	0.000000
2.153791	0.000000
1.593653	0.000000
-0.615913	0.000000
0.591233	0.000000
0.988426	0.000000
2.145922	0.000000
-0.423165	0.000000
1.549873	0.000000
1.795842	0.000000
1.362932	0.000000
2.706367	0.000000
2.512504	0.000000
2.348369	0.000000
2.312157	0.000000
2.358937	0.000000
1.173278	0.000000
2.132247	0.000000
-0.715487	0.000000
0.405743	0.000000
0.615912	0.000000
-1.503466	0.000000
2.185218	0.000000
1.388218	0.000000
-2.583488	0.000000
1.045026	0.000000
1.403768	0.000000
2.263878	0.000000
-0.600365	0.000000
2.178499	0.000000
-0.435868	0.000000
1.213087	0.000000
2.202809	0.000000
1.641519	0.000000
1.904821	0.000000
1.858534	0.000000
1.566607	0.000000
1.657591	0.000000
-0.907509	0.000000
2.397538	0.000000
2.539487	0.000000
2.106745	0.000000
1.077837	0.000000
2.730473	0.000000
0.757589	0.000000
2.469823	0.000000
-0.819899	0.000000
1.149877	0.000000
2.126806	0.000000
1.186184	0.000000
2.005675	0.000000
1.984674	0.000000
-0.949197	0.000000
0.649156	0.000000
0.885169	0.000000
1.895423	0.000000
1.477527	0.000000
1.432185	0.000000
-0.346915	0.000000
2.240322	0.000000
2.483181	0.000000
0.594051	0.000000
-0.489848	0.000000
-0.759230	0.000000
-0.341177	0.000000
-0.508556	0.000000
-0.511386	0.000000
-0.241057	0.000000
-0.446878	0.000000
-0.648785	0.000000
0.375372	0.000000
-0.199947	0.000000
-0.446166	0.000000
-0.464009	0.000000
-0.749576	0.000000
-0.483964	0.000000
0.553105	0.000000
-0.317552	0.000000
0.290355	0.000000
0.430775	0.000000
-0.366541	0.000000
0.288316	0.000000
-0.794026	0.000000
0.512212	0.000000
-0.176815	0.000000
-1.228205	0.000000
-0.318099	0.000000
-0.418068	0.000000
-0.134958	0.000000
-0.456486	0.000000
-0.651974	0.000000
0.768049	0.000000
-0.423420	0.000000
0.226702	0.000000
-0.421389	0.000000
0.430316	0.000000
0.175162	0.000000
-0.137803	0.000000
-0.293880	0.000000
-0.246109	0.000000
-0.640216	0.000000
-0.496637	0.000000
-0.540750	0.000000
-0.442183	0.000000
-0.287411	0.000000
-0.632224	0.000000
-0.814635	0.000000
-0.310131	0.000000
-0.360619	0.000000
0.517821	0.000000
-0.311991	0.000000
-0.415225	0.000000
-0.528978	0.000000
-0.096555	0.000000
-0.608190	0.000000
-0.326179	0.000000
0.693073	0.000000
-0.558941	0.000000
-0.374184	0.000000
-0.762861	0.000000
-0.744883	0.000000
0.650035	0.000000
-1.072927	0.000000
-0.268816	0.000000
-0.673704	0.000000
0.380982	0.000000
-0.804650	0.000000
0.866526	0.000000
-0.479041	0.000000
0.414308	0.000000
-0.994893	0.000000
-0.470742	0.000000
-1.278022	0.000000
-0.902593	0.000000
-1.037355	0.000000
-0.496657	0.000000
1.287651	0.000000
-0.584735	0.000000
0.775605	0.000000
-0.702271	0.000000
0.501610	0.000000
0.225746	0.000000
-1.133324	0.000000
0.921222	0.000000
0.933335	0.000000
-0.557316	0.000000
-1.733388	0.000000
-1.328621	0.000000
0.638985	0.000000
-0.484390	0.000000
0.304624	0.000000
1.196087	0.000000
-0.530979	0.000000
-0.650926	0.000000
0.236604	0.000000
-0.480415	0.000000
0.689707	0.000000
-0.500779	0.000000
-0.790176	0.000000
-0.694284	0.000000
-1.011075	0.000000
-0.224112	0.000000
-1.062653	0.000000
-0.801660	0.000000
-1.220739	0.000000
-1.204031	0.000000
-0.805835	0.000000
-0.900301	0.000000
-0.993713	0.000000
0.873214	0.000000
-1.251313	0.000000
-0.635497	0.000000
-1.011974	0.000000
-0.081977	0.000000
1.113866	0.000000
-0.346840	0.000000
1.015835	0.000000
-0.641445	0.000000
1.169804	0.000000
-1.060305	0.000000
-0.995095	0.000000
-0.691898	0.000000
-0.495225	0.000000
-1.002976	0.000000
-0.402254	0.000000
0.536922	0.000000
-0.394867	0.000000
-0.582438	0.000000
-0.795557	0.000000
-0.442303	0.000000
0.399487	0.000000
0.192160	0.000000
-0.366868	0.000000
-0.367398	0.000000
-0.177597	0.000000
-0.317265	0.000000
0.531060	0.000000
0.350675	0.000000
-0.386845	0.000000
-0.257530	0.000000
-0.586336	0.000000
0.518262	0.000000
-0.226043	0.000000
0.286487	0.000000
-0.866808	0.000000
-0.542774	0.000000
0.220600	0.000000
-0.548678	0.000000
-0.759198	0.000000
-0.236845	0.000000
-0.804856	0.000000
0.527941	0.000000
-0.296631	0.000000
0.389409	0.000000
-0.581829	0.000000
0.321290	0.000000
0.511454	0.000000
0.278711	0.000000
-0.337425	0.000000
-0.283034	0.000000
-0.568084	0.000000
-0.228271	0.000000
0.710776	0.000000
-0.426358	0.000000
-0.408875	0.000000
-0.235695	0.000000
-1.076438	0.000000
0.597307	0.000000
-0.129489	0.000000
0.423356	0.000000
-0.445388	0.000000
-0.404522	0.000000
-0.941675	0.000000
-0.126237	0.000000
0.382411	0.000000
0.141683	0.000000
0.444575	0.000000
-0.342109	0.000000
-0.407228	0.000000
-0.728412	0.000000
0.193863	0.000000
2.401438	0.000000
3.505562	0.000000
0.505951	0.000000
0.802716	0.000000
2.147628	0.000000
1.348054	0.000000
-0.473628	0.000000
0.788877	0.000000
2.623510	0.000000
1.459205	0.000000
2.487680	0.000000
0.414161	0.000000
3.317317	0.000000
-1.253976	0.000000
3.002576	0.000000
0.763669	0.000000
3.101565	0.000000
0.890835	0.000000
1.810102	0.000000
-1.236938	0.000000
-0.830391	0.000000
1.164129	0.000000
1.973510	0.000000
-0.534555	0.000000
3.139414	0.000000
3.434996	0.000000
1.289317	0.000000
-1.092263	0.000000
3.719925	0.000000
0.887177	0.000000
-0.835225	0.000000
3.632678	0.000000
2.613812	0.000000
3.099435	0.000000
3.073967	0.000000
2.716059	0.000000
3.102902	0.000000
-1.276926	0.000000
3.219144	0.000000
1.007086	0.000000
2.111107	0.000000
2.145057	0.000000
2.535161	0.000000
3.012745	0.000000
1.462047	0.000000
0.769213	0.000000
2.160241	0.000000
0.997910	0.000000
0.852134	0.000000
3.093893	0.000000
1.522983	0.000000
-0.805890	0.000000
0.580104	0.000000
1.555410	0.000000
3.110204	0.000000
1.253167	0.000000
0.894494	0.000000
-0.734190	0.000000
1.090624	0.000000
-1.138947	0.000000
-0.628084	0.000000
-0.839316	0.000000
0.102243	0.000000
0.212559	0.000000
-0.389315	0.000000
-0.346187	0.000000
-0.310783	0.000000
-0.395950	0.000000
-0.905995	0.000000
0.334534	0.000000
-0.303952	0.000000
-0.163501	0.000000
-0.470199	0.000000
-0.874621	0.000000
-0.381725	0.000000
0.404581	0.000000
-0.400360	0.000000
0.752926	0.000000
0.262369	0.000000
0.299566	0.000000
-0.391199	0.000000
-0.372411	0.000000
-0.736984	0.000000
-0.251834	0.000000
-0.907113	0.000000
-0.851844	0.000000
-0.364216	0.000000
0.164174	0.000000
-0.883710	0.000000
0.161203	0.000000
0.457145	0.000000
-0.649815	0.000000
-0.415060	0.000000
-0.549000	0.000000
0.429031	0.000000
0.281219	0.000000
-0.202720	0.000000
0.169119	0.000000
-0.692640	0.000000
0.134329	0.000000
-0.248339	0.000000
-0.664446	0.000000
-0.478238	0.000000
-0.780650	0.000000
-0.409144	0.000000
0.229137	0.000000
0.380424	0.000000
-0.240562	0.000000
-0.152102	0.000000
-0.396965	0.000000
-0.704094	0.000000
0.335116	0.000000
-0.093105	0.000000
0.809352	0.000000
-0.384641	0.000000
0.076480	0.000000
-0.518191	0.000000
0.329450	0.000000
-1.049774	0.000000
-0.424079	0.000000
-0.252014	0.000000
0.468061	0.000000
0.202264	0.000000
0.300630	0.000000
1.193582	0.000000
0.384809	0.000000
-0.729196	0.000000
0.377009	0.000000
0.705269	0.000000
0.503775	0.000000
0.470460	0.000000
0.359533	0.000000
0.779518	0.000000
-0.923438	0.000000
0.777483	0.000000
0.339349	0.000000
0.578512	0.000000
-1.411017	0.000000
0.675609	0.000000
-1.571969	0.000000
-0.595483	0.000000
-0.220348	0.000000
1.066513	0.000000
-0.874096	0.000000
0.837591	0.000000
0.770275	0.000000
-0.352460	0.000000
0.293303	0.000000
0.671806	0.000000
-1.671157	0.000000
0.434589	0.000000
0.691913	0.000000
1.123420	0.000000
-0.412347	0.000000
0.528138	0.000000
1.310968	0.000000
0.755466	0.000000
-0.544996	0.000000
0.787433	0.000000
-0.622168	0.000000
0.565811	0.000000
1.114891	0.000000
0.887153	0.000000
0.655913	0.000000
-0.304549	0.000000
0.217809	0.000000
0.733068	0.000000
-0.722015	0.000000
-0.328625	0.000000
0.453643	0.000000
-0.591034	0.000000
-0.826212	0.000000
0.278014	0.000000
-0.654412	0.000000
0.868184	0.000000
1.061293	0.000000
-0.944418	0.000000
-0.775168	0.000000
0.655194	0.000000
-1.202529	0.000000
1.369017	0.000000
-0.963295	0.000000
0.678809	0.000000
1.029719	0.000000
0.799793	0.000000
0.341520	0.000000
1.485385	0.000000
0.991383	0.000000
0.434647	0.000000
-1.104036	0.000000
-0.280242	0.000000
0.288048	0.000000
0.362718	0.000000
0.653978	0.000000
-0.400337	0.000000
-1.219322	0.000000
-0.864479	0.000000
0.733886	0.000000
-1.037940	0.000000
-1.096090	0.000000
0.428893	0.000000
0.249266	0.000000
-0.530253	0.000000
0.671023	0.000000
-0.649552	0.000000
0.519526	0.000000
0.363587	0.000000
0.210283	0.000000
-0.308383	0.000000
0.612394	0.000000
-3.519237	0.000000
0.297124	0.000000
-1.179587	0.000000
1.525609	0.000000
1.179042	0.000000
-0.366644	0.000000
0.670410	0.000000
-0.872926	0.000000
-1.131020	0.000000
-0.702437	0.000000
-1.397417	0.000000
-1.072628	0.000000
-0.316461	0.000000
-0.511180	0.000000
-0.405703	0.000000
0.703064	0.000000
0.575816	0.000000
0.670294	0.000000
-0.537108	0.000000
-0.193191	0.000000
0.351042	0.000000
0.799884	0.000000
3.309036	0.000000
0.909692	0.000000
-0.259527	0.000000
-0.599605	0.000000
0.302022	0.000000
-1.046429	0.000000
-0.566004	0.000000
0.261317	0.000000
-0.246885	0.000000
-0.531089	0.000000
0.890834	0.000000
-0.304026	0.000000
-0.401067	0.000000
-0.829589	0.000000
1.136695	0.000000
-0.478253	0.000000
-0.809997	0.000000
-0.344278	0.000000
-0.620654	0.000000
-0.519388	0.000000
-0.906906	0.000000
-0.455277	0.000000
-0.764701	0.000000
0.207107	0.000000
-0.586738	0.000000
0.754745	0.000000
0.699921	0.000000
0.729803	0.000000
1.112996	0.000000
-0.538995	0.000000
-0.548352	0.000000
1.057134	0.000000
-0.231886	0.000000
-0.928078	0.000000
-0.852685	0.000000
0.870525	0.000000
-0.514804	0.000000
0.960318	0.000000
-0.390335	0.000000
-1.043260	0.000000
-0.403408	0.000000
-0.773308	0.000000
-0.903216	0.000000
-0.322343	0.000000
-0.490109	0.000000
-0.461348	0.000000
-0.653377	0.000000
-0.460108	0.000000
-0.584189	0.000000
-0.297764	0.000000
-0.690718	0.000000
-0.462769	0.000000
-0.833274	0.000000
0.861867	0.000000
-0.309065	0.000000
-0.857186	0.000000
-0.416920	0.000000
-1.006466	0.000000
-0.712636	0.000000
0.899791	0.000000
-0.156153	0.000000
0.463607	0.000000
-0.490114	0.000000
-0.296721	0.000000
-0.934925	0.000000
0.561393	0.000000
-0.429848	0.000000
-0.739090	0.000000
-0.440442	0.000000
-0.674917	0.000000
1.859560	0.000000
0.859528	0.000000
0.931444	0.000000
0.491718	0.000000
1.749482	0.000000
0.808756	0.000000
0.601365	0.000000
0.486586	0.000000
-0.147823	0.000000
-0.839319	0.000000
0.249379	0.000000
-0.901663	0.000000
0.244865	0.000000
0.810324	0.000000
-0.902589	0.000000
0.882542	0.000000
-0.615111	0.000000
0.962651	0.000000
0.739962	0.000000
-0.970110	0.000000
-0.680065	0.000000
0.873644	0.000000
0.779557	0.000000
0.537314	0.000000
-0.388840	0.000000
0.975644	0.000000
0.307860	0.000000
1.893917	0.000000
1.190765	0.000000
0.577471	0.000000
-1.533314	0.000000
1.054663	0.000000
0.474273	0.000000
0.546944	0.000000
0.325728	0.000000
-0.862194	0.000000
-0.359689	0.000000
-0.820616	0.000000
-0.395880	0.000000
0.611560	0.000000
0.369454	0.000000
0.483666	0.000000
-0.554787	0.000000
1.437273	0.000000
-0.847380	0.000000
0.408737	0.000000
0.675889	0.000000
0.691890	0.000000
-0.893019	0.000000
1.685302	0.000000
-0.067759	0.000000
1.188600	0.000000
-0.388854	0.000000
-0.182641	0.000000
-0.519068	0.000000
0.788906	0.000000
-0.825973	0.000000
-0.632766	0.000000
-0.564001	0.000000
-0.810241	0.000000
0.629680	0.000000
-0.570133	0.000000
-0.417875	0.000000
-0.249807	0.000000
0.750179	0.000000
-0.174412	0.000000
-0.662314	0.000000
-0.457987	0.000000
-0.239212	0.000000
0.214134	0.000000
-0.405147	0.000000
-0.533760	0.000000
-0.451991	0.000000
-0.276973	0.000000
-0.666379	0.000000
0.621026	0.000000
0.556448	0.000000
0.751995	0.000000
0.530334	0.000000
0.316570	0.000000
-0.728609	0.000000
0.419239	0.000000
-0.352768	0.000000
-1.256958	0.000000
-0.294740	0.000000
0.616561	0.000000
-0.798819	0.000000
0.496389	0.000000
-0.435353	0.000000
-0.790483	0.000000
-0.561427	0.000000
-1.446003	0.000000
-0.665440	0.000000
0.352221	0.000000
-0.361134	0.000000
0.531438	0.000000
-0.421018	0.000000
0.124677	0.000000
-0.416725	0.000000
0.247043	0.000000
-0.172077	0.000000
-0.407422	0.000000
-0.300094	0.000000
0.617843	0.000000
-0.477409	0.000000
-0.346820	0.000000
-0.535770	0.000000
-0.703766	0.000000
-0.380223	0.000000
0.908844	0.000000
-0.197539	0.000000
-0.987452	0.000000
-0.318343	0.000000
-0.097875	0.000000
-0.525557	0.000000
0.422925	0.000000
-0.388383	0.000000
-0.648796	0.000000
-0.984259	0.000000
-0.837587	0.000000
-2.249494	0.000000
-0.790771	0.000000
1.325606	0.000000
-1.021897	0.000000
-1.331845	0.000000
-1.067511	0.000000
-1.490636	0.000000
0.583168	0.000000
-0.494257	0.000000
-0.621594	0.000000
-0.484970	0.000000
-0.437054	0.000000
-0.613335	0.000000
-0.408807	0.000000
-0.320167	0.000000
-1.467928	0.000000
-0.547041	0.000000
-1.085389	0.000000
-1.652411	0.000000
-0.646740	0.000000
-0.571740	0.000000
-1.445350	0.000000
-0.801182	0.000000
-0.733504	0.000000
-0.633057	0.000000
-0.484030	0.000000
-0.969529	0.000000
-1.945765	0.000000
-0.841126	0.000000
-0.430790	0.000000
-1.167423	0.000000
-0.901475	0.000000
-2.352530	0.000000
-1.283898	0.000000
-1.053748	0.000000
-1.229479	0.000000
-0.415995	0.000000
-0.332556	0.000000
-0.601857	0.000000
-1.272705	0.000000
-0.850084	0.000000
-1.279922	0.000000
-0.630551	0.000000
-1.897796	0.000000
-1.202639	0.000000
-1.161091	0.000000
-0.967122	0.000000
-0.926827	0.000000
-0.998424	0.000000
-1.684960	0.000000
-4.994503	0.000000
-0.753898	0.000000
-0.615254	0.000000
-0.704846	0.000000
-1.469376	0.000000
0.518258	0.000000
-0.555350	0.000000
-0.472059	0.000000
0.367591	0.000000
0.585262	0.000000
-0.751446	0.000000
0.518420	0.000000
-1.479444	0.000000
-0.164853	0.000000
-0.555247	0.000000
-1.028487	0.000000
-0.799054	0.000000
0.464612	0.000000
-0.277335	0.000000
-0.377789	0.000000
-0.262919	0.000000
-0.219270	0.000000
-0.305737	0.000000
-0.796420	0.000000
-0.547673	0.000000
-0.943084	0.000000
-0.573702	0.000000
0.776474	0.000000
1.059963	0.000000
0.434906	0.000000
0.690310	0.000000
0.520924	0.000000
0.824112	0.000000
-0.716158	0.000000
-0.302502	0.000000
-0.348749	0.000000
-0.496441	0.000000
0.163176	0.000000
-0.971734	0.000000
-0.474973	0.000000
-0.685282	0.000000
0.830287	0.000000
-0.210446	0.000000
-1.456496	0.000000
-1.082658	0.000000
-0.827817	0.000000
-0.117663	0.000000
0.755236	0.000000
0.360249	0.000000
-0.998750	0.000000
-0.381572	0.000000
-0.381656	0.000000
0.229751	0.000000
-0.924859	0.000000
-1.058660	0.000000
0.500897	0.000000
0.188567	0.000000
-0.120212	0.000000
0.164376	0.000000
-0.356023	0.000000
0.217817	0.000000
-0.725791	0.000000
-2.218098	0.000000
-0.892102	0.000000
-0.299744	0.000000
-0.631349	0.000000
0.284310	0.000000
0.394518	0.000000
-2.070172	0.000000
-0.698536	0.000000
0.487268	0.000000
-1.422176	0.000000
-0.785467	0.000000
-0.753716	0.000000
-0.744132	0.000000
-1.391060	0.000000
-0.820655	0.000000
-0.649297	0.000000
-1.214948	0.000000
-0.319756	0.000000
-0.291052	0.000000
-0.536419	0.000000
-0.469188	0.000000
0.878950	0.000000
-0.321836	0.000000
0.730463	0.000000
-1.365943	0.000000
-0.437443	0.000000
1.120229	0.000000
-1.027442	0.000000
-2.016863	0.000000
0.595616	0.000000
-0.871156	0.000000
0.534738	0.000000
-0.592583	0.000000
-0.617662	0.000000
-0.703644	0.000000
-0.505276	0.000000
-0.658119	0.000000
-0.757818	0.000000
0.483191	0.000000
-0.538022	0.000000
-0.787877	0.000000
-0.560380	0.000000
-1.231203	0.000000
1.031809	0.000000
-0.561745	0.000000
0.267914	0.000000
-0.985118	0.000000
-1.124891	0.000000
-0.168424	0.000000
-0.554615	0.000000
-0.898601	0.000000
0.484443	0.000000
1.382778	0.000000
-0.807570	0.000000
0.511330	0.000000
-0.262274	0.000000
-0.920609	0.000000
-0.554854	0.000000
0.130284	0.000000
-0.660832	0.000000
-0.868015	0.000000
-1.197588	0.000000
-0.937422	0.000000
-0.675061	0.000000
-0.397909	0.000000
-0.695727	0.000000
0.662986	0.000000
0.322918	0.000000
-1.246880	0.000000
0.326380	0.000000
-1.370056	0.000000
-0.685899	0.000000
-1.605994	0.000000
-0.812615	0.000000
1.014085	0.000000
-0.416157	0.000000
-0.302347	0.000000
0.196987	0.000000
0.398726	0.000000
0.180138	0.000000
0.252951	0.000000
-0.445117	0.000000
0.715416	0.000000
-0.819092	0.000000
-0.694053	0.000000
-0.469900	0.000000
0.225328	0.000000
0.293947	0.000000
-0.446546	0.000000
-0.714968	0.000000
0.797137	0.000000
0.516382	0.000000
-0.496416	0.000000
-1.012645	0.000000
0.831186	0.000000
-1.009672	0.000000
0.390819	0.000000
0.796099	0.000000
0.509010	0.000000
0.421757	0.000000
0.838216	0.000000
-0.604365	0.000000
-0.264610	0.000000
-3.063389	0.000000
0.922189	0.000000
-0.533145	0.000000
0.492053	0.000000
-0.406267	0.000000
0.235048	0.000000
-0.468766	0.000000
0.421184	0.000000
-1.419844	0.000000
0.477979	0.000000
-0.514392	0.000000
-0.556629	0.000000
-0.486159	0.000000
-0.071980	0.000000
-1.300644	0.000000
-0.303877	0.000000
-0.257124	0.000000
0.460615	0.000000
-0.578554	0.000000
-0.331389	0.000000
-1.256112	0.000000
0.400403	0.000000
0.311748	0.000000
-0.705832	0.000000
-0.398610	0.000000
1.206652	0.000000
0.186904	0.000000
0.556986	0.000000
-0.192443	0.000000
2.025198	0.000000
-0.307720	0.000000
-0.160232	0.000000
0.644701	0.000000
-0.356319	0.000000
0.220087	0.000000
-0.514788	0.000000
-0.401522	0.000000
-0.519814	0.000000
-0.235599	0.000000
-0.546707	0.000000
0.599978	0.000000
0.406646	0.000000
0.234669	0.000000
0.887609	0.000000
0.381180	0.000000
-0.489153	0.000000
0.576544	0.000000
-0.672854	0.000000
-0.286982	0.000000
-0.158419	0.000000
0.970372	0.000000
-0.423347	0.000000
0.914228	0.000000
-0.678064	0.000000
-0.477089	0.000000
-0.754788	0.000000
-0.296113	0.000000
-0.240998	0.000000
0.615367	0.000000
0.165490	0.000000
0.991355	0.000000
-0.968260	0.000000
-0.364481	0.000000
-0.693356	0.000000
0.624325	0.000000
-0.342756	0.000000
-0.349855	0.000000
-0.260337	0.000000
1.249289	0.000000
0.290267	0.000000
-0.212579	0.000000
-0.562037	0.000000
-0.262976	0.000000
-0.340123	0.000000
0.983321	0.000000
-0.091494	0.000000
0.472930	0.000000
-0.281790	0.000000
-0.557048	0.000000
-0.227884	0.000000
0.828373	0.000000
-0.742141	0.000000
-0.478446	0.000000
-1.142736	0.000000
0.711864	0.000000
1.214024	0.000000
-0.453211	0.000000
0.632806	0.000000
-0.451406	0.000000
-0.547121	0.000000
0.189804	0.000000
-0.287894	0.000000
1.134452	0.000000
0.266667	0.000000
-0.609475	0.000000
-0.652923	0.000000
-0.473560	0.000000
-0.886898	0.000000
0.279583	0.000000
-0.554304	0.000000
0.659376	0.000000
-0.632001	0.000000
0.753874	0.000000
1.028928	0.000000
-0.281699	0.000000
0.603363	0.000000
0.619777	0.000000
0.530487	0.000000
-0.378250	0.000000
0.180285	0.000000
0.236507	0.000000
-0.618079	0.000000
0.980921	0.000000
0.459174	0.000000
0.555010	0.000000
-0.462683	0.000000
0.575626	0.000000
-0.715063	0.000000
-0.214465	0.000000
-0.256362	0.000000
0.738395	0.000000
-0.764694	0.000000
-1.128118	0.000000
0.141369	0.000000
0.903848	0.000000
-0.696900	0.000000
-0.466104	0.000000
-0.292184	0.000000
1.142884	0.000000
0.172714	0.000000
-0.356956	0.000000
-0.635409	0.000000
-0.499189	0.000000
0.293749	0.000000
1.039690	0.000000
-0.152045	0.000000
0.731557	0.000000
-0.614892	0.000000
-0.228801	0.000000
0.097079	0.000000
-0.445065	0.000000
-0.504716	0.000000
-0.314065	0.000000
2.285785	0.000000
1.940409	0.000000
0.805454	0.000000
0.726253	0.000000
1.918767	0.000000
0.583512	0.000000
-0.668532	0.000000
1.200052	0.000000
1.984791	0.000000
-0.898152	0.000000
1.289319	0.000000
1.162877	0.000000
1.515636	0.000000
0.964946	0.000000
1.350969	0.000000
1.743859	0.000000
1.926289	0.000000
0.791628	0.000000
0.557023	0.000000
1.446012	0.000000
0.954833	0.000000
1.482602	0.000000
2.677429	0.000000
0.676481	0.000000
1.975296	0.000000
2.335300	0.000000
1.365788	0.000000
-0.450216	0.000000
1.362946	0.000000
1.404749	0.000000
1.467562	0.000000
2.467224	0.000000
1.951140	0.000000
2.034652	0.000000
1.652816	0.000000
2.084920	0.000000
2.406467	0.000000
-0.702212	0.000000
1.574277	0.000000
0.706201	0.000000
0.845094	0.000000
2.796606	0.000000
1.078638	0.000000
1.488318	0.000000
1.065396	0.000000
0.554101	0.000000
0.495549	0.000000
0.735827	0.000000
0.807834	0.000000
1.858981	0.000000
1.584861	0.000000
-0.582409	0.000000
-0.304503	0.000000
1.765840	0.000000
0.906007	0.000000
1.590922	0.000000
1.092468	0.000000
1.751540	0.000000
0.904877	0.000000
0.950312	0.000000
0.480286	0.000000
-0.491398	0.000000
0.581205	0.000000
-0.644243	0.000000
-0.737234	0.000000
-0.333019	0.000000
0.738165	0.000000
-0.577750	0.000000
-0.194129	0.000000
1.008950	0.000000
-0.566864	0.000000
-0.775904	0.000000
-0.104177	0.000000
-0.457668	0.000000
-0.258147	0.000000
1.079990	0.000000
0.353171	0.000000
0.669388	0.000000
0.727529	0.000000
-0.330344	0.000000
0.557250	0.000000
-0.561796	0.000000
0.603939	0.000000
0.557328	0.000000
0.361560	0.000000
0.438502	0.000000
-0.456459	0.000000
-0.346077	0.000000
0.160871	0.000000
0.751069	0.000000
0.575037	0.000000
0.252703	0.000000
0.579996	0.000000
-0.282124	0.000000
0.431841	0.000000
-0.526467	0.000000
0.384078	0.000000
-1.089232	0.000000
0.250535	0.000000
-0.585809	0.000000
-0.515927	0.000000
-2.009388	0.000000
0.053627	0.000000
-0.492378	0.000000
-0.544606	0.000000
0.576712	0.000000
0.351466	0.000000
-0.297131	0.000000
0.934278	0.000000
-0.222629	0.000000
-0.365513	0.000000
-0.527862	0.000000
0.112027	0.000000
-0.654720	0.000000
-0.318207	0.000000
-0.368188	0.000000
0.113827	0.000000
-0.411068	0.000000
-0.450234	0.000000
-0.402506	0.000000
0.405909	0.000000
-0.752326	0.000000
-0.980293	0.000000
-1.002783	0.000000
0.620704	0.000000
-0.839224	0.000000
-0.776689	0.000000
0.859982	0.000000
-0.695279	0.000000
-0.962477	0.000000
0.359857	0.000000
-0.605653	0.000000
-0.301004	0.000000
-0.578715	0.000000
-0.488240	0.000000
-0.531516	0.000000
0.595405	0.000000
-1.727083	0.000000
-1.396421	0.000000
-0.740661	0.000000
-0.750951	0.000000
-0.471457	0.000000
0.712141	0.000000
-1.226604	0.000000
-1.430094	0.000000
-1.286435	0.000000
-0.688894	0.000000
-0.374571	0.000000
-0.700035	0.000000
-0.844329	0.000000
1.012680	0.000000
0.329976	0.000000
0.314820	0.000000
-0.839869	0.000000
-0.462669	0.000000
0.191799	0.000000
-0.217520	0.000000
0.892612	0.000000
-0.525605	0.000000
-0.504999	0.000000
0.614335	0.000000
-0.600478	0.000000
-0.920361	0.000000
-1.229447	0.000000
-0.476730	0.000000
-0.916360	0.000000
1.134781	0.000000
-0.680318	0.000000
-0.940890	0.000000
-0.898932	0.000000
0.406553	0.000000
-1.061095	0.000000
-0.438494	0.000000
1.250466	0.000000
0.684908	0.000000
0.358856	0.000000
0.850814	0.000000
-1.364427	0.000000
-0.461479	0.000000
-0.174756	0.000000
-0.501335	0.000000
-0.208540	0.000000
-0.273710	0.000000
-0.520251	0.000000
0.566690	0.000000
-0.595990	0.000000
0.266530	0.000000
0.529502	0.000000
0.518628	0.000000
-0.334679	0.000000
-0.687007	0.000000
-0.468350	0.000000
-0.467714	0.000000
-0.822919	0.000000
-0.642535	0.000000
0.986019	0.000000
-0.447297	0.000000
0.640250	0.000000
-0.415305	0.000000
0.546647	0.000000
0.567704	0.000000
-0.553162	0.000000
-0.557732	0.000000
0.462879	0.000000
-0.780150	0.000000
0.174108	0.000000
-0.603629	0.000000
0.459926	0.000000
0.217861	0.000000
-0.431504	0.000000
0.961617	0.000000
-0.317414	0.000000
0.402181	0.000000
-0.371386	0.000000
-0.525617	0.000000
0.299332	0.000000
-0.172986	0.000000
-1.076179	0.000000
-0.308374	0.000000
0.252069	0.000000
-0.418232	0.000000
0.633870	0.000000
-0.495922	0.000000
-1.742428	0.000000
-0.741962	0.000000
-0.279515	0.000000
-0.679347	0.000000
-0.687197	0.000000
0.840511	0.000000
-0.516016	0.000000
-1.081649	0.000000
-0.191420	0.000000
-0.050876	0.000000
-0.266622	0.000000
-0.394609	0.000000
0.775212	0.000000
-0.985507	0.000000
0.261400	0.000000
-0.496801	0.000000
-0.736450	0.000000
-0.799462	0.000000
-0.294070	0.000000
-0.636414	0.000000
-0.467232	0.000000
0.686933	0.000000
-0.893921	0.000000
-1.067257	0.000000
-0.741594	0.000000
-0.255300	0.000000
1.299919	0.000000
-0.357619	0.000000
-0.514751	0.000000
-0.568292	0.000000
-0.789846	0.000000
-0.654802	0.000000
-0.303095	0.000000
-0.310702	0.000000
0.539643	0.000000
0.800925	0.000000
-0.467346	0.000000
-1.365056	0.000000
-0.829425	0.000000
0.965402	0.000000
-0.542278	0.000000
-1.073335	0.000000
0.710602	0.000000
-0.644801	0.000000
0.098372	0.000000
-0.766529	0.000000
0.567577	0.000000
-0.589387	0.000000
0.417651	0.000000
0.733729	0.000000
-0.612113	0.000000
0.355217	0.000000
0.771209	0.000000
0.948825	0.000000
-0.524406	0.000000
-0.605277	0.000000
-0.714740	0.000000
-0.664382	0.000000
-1.004132	0.000000
-0.476722	0.000000
0.231390	0.000000
-1.055318	0.000000
-0.472385	0.000000
0.530587	0.000000
-0.826444	0.000000
-0.472814	0.000000
-0.640552	0.000000
-0.802913	0.000000
-0.437573	0.000000
-0.084225	0.000000
-0.666985	0.000000
-0.223722	0.000000
0.688231	0.000000
-0.790367	0.000000
-0.718413	0.000000
-0.814605	0.000000
-0.679211	0.000000
1.285737	0.000000
-0.369166	0.000000
-1.504071	0.000000
-0.705240	0.000000
-0.689322	0.000000
2.944445	0.000000
-1.168399	0.000000
2.112760	0.000000
0.689310	0.000000
-1.514882	0.000000
3.104265	0.000000
2.911066	0.000000
2.017125	0.000000
3.120648	0.000000
1.847347	0.000000
-0.754451	0.000000
-0.613933	0.000000
-1.538534	0.000000
-0.693567	0.000000
0.656085	0.000000
-1.572241	0.000000
2.415588	0.000000
0.361055	0.000000
0.827073	0.000000
0.714615	0.000000
-0.613657	0.000000
3.385771	0.000000
-0.564232	0.000000
1.312638	0.000000
-1.702220	0.000000
1.067282	0.000000
0.843593	0.000000
-0.477637	0.000000
0.185296	0.000000
1.371446	0.000000
-0.294117	0.000000
-0.697780	0.000000
2.188283	0.000000
1.545390	0.000000
2.860347	0.000000
3.491363	0.000000
0.781030	0.000000
2.744461	0.000000
-0.446815	0.000000
3.050946	0.000000
-1.999893	0.000000
-0.476847	0.000000
3.460478	0.000000
-1.233356	0.000000
2.060779	0.000000
3.448370	0.000000
-1.371783	0.000000
0.932849	0.000000
-0.846584	0.000000
2.332995	0.000000
-0.328806	0.000000
3.679180	0.000000
-0.901814	0.000000
2.502865	0.000000
3.216757	0.000000
0.493045	0.000000
1.396972	0.000000
-1.047948	0.000000
-0.587917	0.000000
2.197052	0.000000
0.901206	0.000000
-0.715725	0.000000
-1.002063	0.000000
0.990875	0.000000
-0.984034	0.000000
0.672702	0.000000
-1.138427	0.000000
0.528074	0.000000
-0.897468	0.000000
0.822066	0.000000
-0.270369	0.000000
0.654392	0.000000
0.676108	0.000000
0.596316	0.000000
-0.590164	0.000000
-0.933032	0.000000
0.860648	0.000000
1.014260	0.000000
-0.696031	0.000000
1.150259	0.000000
0.542088	0.000000
0.887477	0.000000
0.412547	0.000000
1.291937	0.000000
-1.052018	0.000000
1.548635	0.000000
0.969752	0.000000
-0.663353	0.000000
1.002225	0.000000
-1.093292	0.000000
-0.571966	0.000000
-0.657282	0.000000
0.885587	0.000000
0.301823	0.000000
-1.095746	0.000000
0.979203	0.000000
-0.553269	0.000000
-0.321312	0.000000
0.942636	0.000000
0.870984	0.000000
-1.136407	0.000000
-2.939641	0.000000
-0.748652	0.000000
0.866692	0.000000
1.196414	0.000000
0.787439	0.000000
-1.957272	0.000000
0.116395	0.000000
-0.599020	0.000000
0.682850	0.000000
-0.453123	0.000000
-0.985991	0.000000
0.580320	0.000000
0.535066	0.000000
-0.821975	0.000000
-0.422966	0.000000
0.210241	0.000000
-1.060479	0.000000
-0.254146	0.000000
-0.695041	0.000000
-0.515801	0.000000
-1.320023	0.000000
-0.676848	0.000000
-0.467940	0.000000
0.785935	0.000000
0.523891	0.000000
-0.245215	0.000000
-0.313498	0.000000
0.245952	0.000000
-0.276308	0.000000
0.093445	0.000000
0.589560	0.000000
0.281002	0.000000
-0.254195	0.000000
0.301604	0.000000
-0.463887	0.000000
0.319855	0.000000
-0.366793	0.000000
-0.893523	0.000000
-0.579801	0.000000
-0.443997	0.000000
0.490490	0.000000
-0.550571	0.000000
-0.396073	0.000000
-1.067621	0.000000
0.567564	0.000000
0.149401	0.000000
-0.392443	0.000000
-0.538180	0.000000
0.504598	0.000000
0.213010	0.000000
0.233139	0.000000
-0.410160	0.000000
0.237708	0.000000
-0.351270	0.000000
0.636660	0.000000
-0.340328	0.000000
-0.307350	0.000000
-0.365275	0.000000
0.368983	0.000000
-0.646047	0.000000
-0.446363	0.000000
-0.624744	0.000000
-0.539794	0.000000
-0.482739	0.000000
0.410474	0.000000
-0.867152	0.000000
-0.160367	0.000000
0.304677	0.000000
0.341532	0.000000
-0.280737	0.000000
0.340585	0.000000
-0.608803	0.000000
-0.263979	0.000000
-0.237184	0.000000
-0.494313	0.000000
0.652711	0.000000
0.523128	0.000000
0.991093	0.000000
-0.488602	0.000000
-0.643709	0.000000
0.671268	0.000000
-0.366222	0.000000
-0.759197	0.000000
-1.464284	0.000000
-0.398142	0.000000
0.388855	0.000000
-0.561036	0.000000
-0.376625	0.000000
-0.648333	0.000000
-0.393258	0.000000
-0.461342	0.000000
-0.797995	0.000000
-1.109526	0.000000
0.398781	0.000000
0.478479	0.000000
-0.857115	0.000000
-0.876301	0.000000
0.315241	0.000000
-0.427114	0.000000
-0.536091	0.000000
-0.616024	0.000000
0.675005	0.000000
-0.703420	0.000000
0.648229	0.000000
0.519258	0.000000
-0.747149	0.000000
-0.978724	0.000000
0.411258	0.000000
-0.808615	0.000000
0.240830	0.000000
-0.418425	0.000000
0.853268	0.000000
-0.802648	0.000000
-0.654930	0.000000
-0.446730	0.000000
0.642719	0.000000
-0.558673	0.000000
-0.791946	0.000000
-0.245375	0.000000
0.544525	0.000000
-0.776050	0.000000
-0.501136	0.000000
-1.131257	0.000000
0.443559	0.000000
-0.515170	0.000000
0.470578	0.000000
-0.314929	0.000000
0.476579	0.000000
-0.214882	0.000000
-1.036138	0.000000
0.320025	0.000000
-0.554367	0.000000
-0.458912	0.000000
-0.192594	0.000000
-0.758516	0.000000
-0.574485	0.000000
-0.830289	0.000000
-0.524299	0.000000
0.509278	0.000000
-0.286248	0.000000
-0.751805	0.000000
-0.481845	0.000000
0.322132	0.000000
-0.669058	0.000000
-0.440910	0.000000
-0.295064	0.000000
-0.253495	0.000000
-0.549815	0.000000
-0.304965	0.000000
0.505980	0.000000
-0.325968	0.000000
-0.758773	0.000000
0.125454	0.000000
-0.476898	0.000000
-0.833163	0.000000
-0.809736	0.000000
-0.337936	0.000000
0.759735	0.000000
0.359449	0.000000
0.356920	0.000000
-0.580700	0.000000
0.367872	0.000000
-0.359442	0.000000
-1.018961	0.000000
0.406451	0.000000
-0.374761	0.000000
0.390848	0.000000
-0.333639	0.000000
-0.547446	0.000000
0.354544	0.000000
0.199773	0.000000
-0.749485	0.000000
-0.319023	0.000000
-0.281476	0.000000
-0.292672	0.000000
0.666339	0.000000
-0.312334	0.000000
-0.702770	0.000000
-0.520024	0.000000
-0.754374	0.000000
-0.430488	0.000000
-0.761283	0.000000
0.382323	0.000000
-1.379799	0.000000
-0.642667	0.000000
-0.696983	0.000000
-0.168988	0.000000
-0.327344	0.000000
-0.111958	0.000000
0.875158	0.000000
-0.498919	0.000000
-0.460724	0.000000
0.246794	0.000000
-0.460902	0.000000
-0.732297	0.000000
0.737064	0.000000
-0.468489	0.000000
-1.050734	0.000000
1.204742	0.000000
-0.390452	0.000000
0.503284	0.000000
-0.538794	0.000000
0.877078	0.000000
0.489432	0.000000
-0.127493	0.000000
-0.231051	0.000000
0.422181	0.000000
0.319255	0.000000
0.405233	0.000000
0.794659	0.000000
1.155291	0.000000
0.651316	0.000000
0.873933	0.000000
-0.448065	0.000000
0.657417	0.000000
-0.404885	0.000000
0.996404	0.000000
0.580285	0.000000
0.756389	0.000000
1.438694	0.000000
0.111159	0.000000
-0.522078	0.000000
0.692532	0.000000
0.403165	0.000000
-0.461007	0.000000
1.004984	0.000000
1.403059	0.000000
0.665718	0.000000
0.761651	0.000000
1.524094	0.000000
1.506529	0.000000
-0.546240	0.000000
0.722643	0.000000
-0.359039	0.000000
-0.654471	0.000000
1.166639	0.000000
0.262097	0.000000
1.341077	0.000000
0.356171	0.000000
-0.231753	0.000000
0.916361	0.000000
-0.338320	0.000000
0.746884	0.000000
-0.328816	0.000000
-0.548264	0.000000
0.970751	0.000000
0.109051	0.000000
-0.712620	0.000000
0.492084	0.000000
1.042089	0.000000
-0.474739	0.000000
-0.594320	0.000000
-0.421395	0.000000
0.450383	0.000000
1.533632	0.000000
2.078345	0.000000
-0.583956	0.000000
0.718165	0.000000
1.549597	0.000000
2.379061	0.000000
-0.996645	0.000000
1.469718	0.000000
2.457888	0.000000
-0.391930	0.000000
2.825066	0.000000
1.775153	0.000000
2.153290	0.000000
1.652652	0.000000
2.091861	0.000000
0.670220	0.000000
1.526435	0.000000
-0.852144	0.000000
0.595001	0.000000
-0.977005	0.000000
-0.688644	0.000000
1.861757	0.000000
1.018397	0.000000
-0.493792	0.000000
1.704559	0.000000
1.957598	0.000000
2.174237	0.000000
-0.444951	0.000000
2.119048	0.000000
-0.724874	0.000000
0.514314	0.000000
2.037152	0.000000
1.847300	0.000000
2.005054	0.000000
1.838390	0.000000
1.231227	0.000000
1.765611	0.000000
1.436209	0.000000
2.231529	0.000000
2.071359	0.000000
1.839543	0.000000
1.725592	0.000000
2.725485	0.000000
2.002123	0.000000
2.314930	0.000000
-0.811719	0.000000
1.672929	0.000000
2.018835	0.000000
1.581234	0.000000
2.004040	0.000000
1.746278	0.000000
-1.330524	0.000000
0.680005	0.000000
0.762729	0.000000
1.475015	0.000000
1.786460	0.000000
1.263682	0.000000
0.410358	0.000000
2.440376	0.000000
1.354808	0.000000
-1.204922	0.000000
-0.750014	0.000000
2.191476	0.000000
1.179524	0.000000
2.817274	0.000000
0.820068	0.000000
-0.536802	0.000000
1.699721	0.000000
0.853517	0.000000
0.681995	0.000000
0.149194	0.000000
0.884736	0.000000
-0.315315	0.000000
0.835003	0.000000
-0.482903	0.000000
0.702522	0.000000
2.276508	0.000000
1.551352	0.000000
-1.037025	0.000000
0.736692	0.000000
1.282022	0.000000
1.470278	0.000000
0.973795	0.000000
1.695848	0.000000
1.025085	0.000000
1.727530	0.000000
1.030452	0.000000
0.933255	0.000000
0.534770	0.000000
1.254565	0.000000
0.715345	0.000000
0.636251	0.000000
1.875305	0.000000
0.806008	0.000000
-0.344299	0.000000
1.701682	0.000000
1.621333	0.000000
1.114599	0.000000
-0.478078	0.000000
0.926382	0.000000
0.271946	0.000000
2.793528	0.000000
0.689554	0.000000
-0.518823	0.000000
0.747157	0.000000
1.856211	0.000000
1.368804	0.000000
0.585758	0.000000
1.442487	0.000000
-0.572027	0.000000
1.190108	0.000000
1.561780	0.000000
-0.276464	0.000000
1.827280	0.000000
0.559526	0.000000
1.773292	0.000000
0.809843	0.000000
-0.915296	0.000000
1.432953	0.000000
0.992561	0.000000
0.255422	0.000000
-0.682168	0.000000
1.005887	0.000000
-0.567091	0.000000
-0.255595	0.000000
-0.387558	0.000000
1.242242	0.000000
-0.674099	0.000000
-0.808718	0.000000
-0.499565	0.000000
-0.390196	0.000000
-0.119798	0.000000
-0.290394	0.000000
-0.418701	0.000000
-0.430481	0.000000
0.427067	0.000000
-0.436673	0.000000
0.632216	0.000000
0.384772	0.000000
0.475854	0.000000
1.027054	0.000000
-0.954425	0.000000
-0.303670	0.000000
0.589708	0.000000
-0.607205	0.000000
-0.848761	0.000000
-0.509116	0.000000
0.894448	0.000000
-0.374984	0.000000
0.828045	0.000000
-0.549603	0.000000
-0.814481	0.000000
-0.496121	0.000000
-0.901958	0.000000
-0.591666	0.000000
-0.393648	0.000000
-0.310670	0.000000
-0.999693	0.000000
-0.483158	0.000000
-0.249490	0.000000
-0.636098	0.000000
-0.647620	0.000000
-0.436783	0.000000
-0.271856	0.000000
-0.646323	0.000000
1.105657	0.000000
-0.825685	0.000000
-0.298401	0.000000
0.258377	0.000000
-0.500344	0.000000
-0.619181	0.000000
0.585014	0.000000
0.330110	0.000000
-2.940326	0.000000
-0.533636	0.000000
-0.594854	0.000000
-0.168533	0.000000
-0.424857	0.000000
-0.524588	0.000000
-0.724961	0.000000
1.482235	0.000000
-0.768983	0.000000
-2.669202	0.000000
1.951044	0.000000
1.786773	0.000000
1.152819	0.000000
-1.951890	0.000000
0.799153	0.000000
0.801822	0.000000
2.456060	0.000000
0.434510	0.000000
0.489682	0.000000
2.299923	0.000000
0.548637	0.000000
2.367061	0.000000
5.016809	0.000000
2.074731	0.000000
-3.262855	0.000000
1.552354	0.000000
-2.597854	0.000000
-3.129265	0.000000
-0.463887	0.000000
2.106080	0.000000
-3.262633	0.000000
-1.219770	0.000000
1.776587	0.000000
1.418990	0.000000
-0.358427	0.000000
1.494582	0.000000
-2.210783	0.000000
2.564153	0.000000
2.082358	0.000000
3.636689	0.000000
-0.922882	0.000000
1.211773	0.000000
3.412654	0.000000
3.504389	0.000000
-0.915518	0.000000
2.395485	0.000000
1.449983	0.000000
-0.390556	0.000000
-0.966865	0.000000
0.977318	0.000000
1.612145	0.000000
1.283271	0.000000
-2.469474	0.000000
1.461711	0.000000
1.823581	0.000000
5.208161	0.000000
1.315829	0.000000
1.480571	0.000000
-2.715778	0.000000
0.140845	0.000000
2.517286	0.000000
-1.582775	0.000000
4.367054	0.000000
-0.764249	0.000000
1.542808	0.000000
0.962500	0.000000
1.046719	0.000000
0.495828	0.000000
-0.477782	0.000000
1.363713	0.000000
0.646117	0.000000
-1.072876	0.000000
-0.995837	0.000000
1.321922	0.000000
-0.538202	0.000000
-0.711583	0.000000
-0.328922	0.000000
-0.920751	0.000000
-0.300196	0.000000
-0.490151	0.000000
-0.160765	0.000000
-0.637379	0.000000
-0.602889	0.000000
-0.691941	0.000000
0.928776	0.000000
0.584826	0.000000
0.967476	0.000000
0.943496	0.000000
-0.329928	0.000000
-0.647169	0.000000
0.715485	0.000000
-0.613001	0.000000
-0.946704	0.000000
-0.449692	0.000000
0.773620	0.000000
-0.653385	0.000000
1.587517	0.000000
-0.536443	0.000000
-0.828635	0.000000
-1.105428	0.000000
-0.630920	0.000000
-0.469831	0.000000
-1.519777	0.000000
-0.506456	0.000000
-1.098948	0.000000
-0.554324	0.000000
-0.365323	0.000000
-0.690885	0.000000
-0.697689	0.000000
-0.577411	0.000000
-0.399246	0.000000
-0.404128	0.000000
1.229661	0.000000
-0.962903	0.000000
-0.661103	0.000000
-0.669851	0.000000
-0.541814	0.000000
-0.346676	0.000000
1.283525	0.000000
0.300755	0.000000
0.387018	0.000000
-0.918414	0.000000
-1.796142	0.000000
-0.681345	0.000000
0.645712	0.000000
-0.819140	0.000000
-0.596063	0.000000
1.795557	0.000000
2.013126	0.000000
-1.461712	0.000000
1.150672	0.000000
1.667825	0.000000
1.297496	0.000000
-1.379368	0.000000
-1.419162	0.000000
1.732767	0.000000
-1.945277	0.000000
0.659397	0.000000
-2.371861	0.000000
2.509966	0.000000
-1.121498	0.000000
2.586131	0.000000
-0.461852	0.000000
2.270399	0.000000
-1.376118	0.000000
2.267843	0.000000
1.735525	0.000000
0.719170	0.000000
-1.778574	0.000000
-1.989266	0.000000
-1.736925	0.000000
3.026821	0.000000
1.918724	0.000000
-1.462952	0.000000
-2.002249	0.000000
2.483032	0.000000
-2.333782	0.000000
-1.331550	0.000000
2.117375	0.000000
1.604145	0.000000
1.794635	0.000000
1.818676	0.000000
2.093105	0.000000
1.781504	0.000000
-1.498096	0.000000
1.856618	0.000000
-1.368780	0.000000
-1.400387	0.000000
1.418441	0.000000
2.112637	0.000000
3.321894	0.000000
-1.175174	0.000000
-1.120312	0.000000
2.745459	0.000000
-0.794224	0.000000
0.598636	0.000000
1.427988	0.000000
-1.505010	0.000000
-1.479133	0.000000
0.353811	0.000000
1.384750	0.000000
2.504790	0.000000
1.897335	0.000000
-1.778714	0.000000
-3.762530	0.000000
1.257605	0.000000
-1.255813	0.000000
0.835021	0.000000
0.956041	0.000000
0.823081	0.000000
-0.856767	0.000000
0.249089	0.000000
-0.106028	0.000000
0.421423	0.000000
-0.610248	0.000000
1.221825	0.000000
0.873112	0.000000
0.618556	0.000000
-0.660373	0.000000
1.077611	0.000000
-0.989816	0.000000
1.064133	0.000000
0.707515	0.000000
1.069049	0.000000
0.753688	0.000000
-1.481281	0.000000
-1.328921	0.000000
-0.963472	0.000000
0.314719	0.000000
0.822119	0.000000
-0.695947	0.000000
0.772500	0.000000
0.150781	0.000000
-0.934528	0.000000
-0.986388	0.000000
1.056632	0.000000
0.622217	0.000000
0.959323	0.000000
1.188600	0.000000
0.383111	0.000000
0.893149	0.000000
1.162287	0.000000
-0.138152	0.000000
0.319771	0.000000
-1.280130	0.000000
1.251479	0.000000
-0.444593	0.000000
0.216796	0.000000
0.339912	0.000000
0.802447	0.000000
-0.498456	0.000000
-0.383564	0.000000
0.620369	0.000000
1.217520	0.000000
-0.734210	0.000000
-0.197426	0.000000
0.589919	0.000000
-0.517058	0.000000
-0.276190	0.000000
0.378020	0.000000
-0.738111	0.000000
0.768002	0.000000
0.278929	0.000000
-0.353570	0.000000
-1.969494	0.000000
0.250827	0.000000
-0.722565	0.000000
-0.758449	0.000000
-0.479138	0.000000
0.739211	0.000000
-0.431243	0.000000
0.899526	0.000000
0.078867	0.000000
0.534654	0.000000
-0.234156	0.000000
-0.333010	0.000000
-1.066876	0.000000
-0.454989	0.000000
-0.757718	0.000000
-0.424806	0.000000
-0.369816	0.000000
-0.304643	0.000000
-0.356273	0.000000
0.225662	0.000000
0.473738	0.000000
0.804823	0.000000
1.096038	0.000000
0.485752	0.000000
-0.858648	0.000000
-0.345753	0.000000
0.548532	0.000000
-0.427312	0.000000
0.235366	0.000000
-0.164566	0.000000
0.463927	0.000000
-0.313583	0.000000
0.521053	0.000000
-0.460672	0.000000
-0.431067	0.000000
0.214770	0.000000
-1.295397	0.000000
-0.868604	0.000000
1.238123	0.000000
0.666488	0.000000
0.467687	0.000000
-0.592605	0.000000
-0.385699	0.000000
-0.501828	0.000000
0.345251	0.000000
-0.191437	0.000000
0.560157	0.000000
-0.311351	0.000000
0.943667	0.000000
-0.755112	0.000000
-0.339553	0.000000
-0.374623	0.000000
-0.223259	0.000000
-0.474804	0.000000
0.851754	0.000000
-0.089418	0.000000
-0.539124	0.000000
-0.375239	0.000000
-0.162931	0.000000
-0.327339	0.000000
0.167824	0.000000
-1.069524	0.000000
-0.521712	0.000000
-0.435581	0.000000
0.454739	0.000000
-0.335758	0.000000
0.359837	0.000000
0.429851	0.000000
-0.429247	0.000000
-0.581760	0.000000
-0.314617	0.000000
0.392561	0.000000
-0.442626	0.000000
0.189674	0.000000
-0.260125	0.000000
0.245377	0.000000
0.186434	0.000000
0.194142	0.000000
0.275600	0.000000
0.419223	0.000000
-0.688540	0.000000
0.331253	0.000000
-0.867139	0.000000
0.240872	0.000000
0.264770	0.000000
-0.565665	0.000000
-0.509160	0.000000
-0.529732	0.000000
0.562433	0.000000
-0.316830	0.000000
-0.274413	0.000000
0.186314	0.000000
0.331328	0.000000
0.352606	0.000000
0.474567	0.000000
0.510730	0.000000
-0.575889	0.000000
0.409171	0.000000
1.429161	0.000000
0.907156	0.000000
-1.215429	0.000000
0.197705	0.000000
-0.257275	0.000000
-0.303646	0.000000
0.564457	0.000000
-0.259961	0.000000
-0.514602	0.000000
-0.303271	0.000000
0.116928	0.000000
0.310259	0.000000
-0.181727	0.000000
0.361038	0.000000
0.181034	0.000000
0.258270	0.000000
0.260401	0.000000
-0.170807	0.000000
-0.513964	0.000000
0.191875	0.000000
1.036082	0.000000
0.306413	0.000000
-0.605860	0.000000
-0.668412	0.000000
-0.239396	0.000000
