-6.799658	0.000000
-1.561513	0.000000
-0.868603	0.000000
-0.335336	0.000000
-0.860134	0.000000
-4.211408	0.000000
-1.188799	0.000000
0.304481	0.000000
0.526950	0.000000
-0.711333	0.000000
-1.540937	0.000000
-1.082242	0.000000
-0.362981	0.000000
-1.407226	0.000000
0.542976	0.000000
2.339982	0.000000
-0.230838	0.000000
0.501998	0.000000
0.173031	0.000000
-1.619232	0.000000
-3.361783	0.000000
-0.762041	0.000000
-0.638084	0.000000
0.951920	0.000000
0.142047	0.000000
-2.351129	0.000000
0.058964	0.000000
0.706218	0.000000
-0.453673	0.000000
0.593736	0.000000
1.154012	0.000000
-1.472891	0.000000
-1.509782	0.000000
-0.757120	0.000000
0.137328	0.000000
-0.766091	0.000000
0.198357	0.000000
0.187774	0.000000
0.115362	0.000000
-3.132493	0.000000
-1.724096	0.000000
-1.537420	0.000000
0.168280	0.000000
-0.660695	0.000000
0.812856	0.000000
0.684179	0.000000
-1.841449	0.000000
1.407797	0.000000
-0.078282	0.000000
-0.229510	0.000000
-0.121310	0.000000
-2.324303	0.000000
-0.822659	0.000000
0.450138	0.000000
1.425010	0.000000
-0.636853	0.000000
0.837604	0.000000
-0.902553	0.000000
0.059822	0.000000
0.100102	0.000000
-0.349138	0.000000
-4.073647	0.000000
0.145174	0.000000
-0.103150	0.000000
0.071888	0.000000
-0.592076	0.000000
-0.139691	0.000000
-0.017853	0.000000
0.368814	0.000000
-0.457196	0.000000
-0.362368	0.000000
-0.405710	0.000000
-0.435687	0.000000
-1.319676	0.000000
0.904876	0.000000
-0.389550	0.000000
-0.192398	0.000000
0.627566	0.000000
-0.057457	0.000000
-0.809426	0.000000
0.096071	0.000000
-0.508010	0.000000
0.080009	0.000000
0.520390	0.000000
-0.708831	0.000000
0.379361	0.000000
-0.176519	0.000000
-0.285461	0.000000
-0.090751	0.000000
-0.355632	0.000000
-0.182059	0.000000
0.067063	0.000000
0.054088	0.000000
0.100974	0.000000
0.000123	0.000000
-0.054681	0.000000
-0.380016	0.000000
0.469109	0.000000
0.016518	0.000000
-1.342396	0.000000
-1.005534	0.000000
1.025145	0.000000
-0.504728	0.000000
0.661042	0.000000
-0.101555	0.000000
-0.117933	0.000000
-0.960450	0.000000
-0.738864	0.000000
-0.865325	0.000000
0.229689	0.000000
-0.161793	0.000000
-1.799349	0.000000
0.137258	0.000000
-0.090002	0.000000
0.144363	0.000000
1.698567	0.000000
0.279373	0.000000
0.246350	0.000000
0.358795	0.000000
0.200145	0.000000
-0.143687	0.000000
-0.339316	0.000000
-3.691456	0.000000
-0.025782	0.000000
-0.286544	0.000000
-0.328896	0.000000
0.489921	0.000000
-0.107378	0.000000
-0.210580	0.000000
0.000216	0.000000
0.000286	0.000000
0.676439	0.000000
-0.762358	0.000000
0.264230	0.000000
-0.633227	0.000000
0.000444	0.000000
-0.307880	0.000000
-0.439069	0.000000
-0.691548	0.000000
0.000271	0.000000
0.096372	0.000000
0.381166	0.000000
0.319363	0.000000
-0.304559	0.000000
-0.496219	0.000000
-0.075459	0.000000
-0.470977	0.000000
0.285503	0.000000
1.361928	0.000000
0.949527	0.000000
-0.242803	0.000000
-0.334725	0.000000
0.701240	0.000000
0.303051	0.000000
-0.219597	0.000000
0.656838	0.000000
-0.181678	0.000000
-0.375047	0.000000
0.724698	0.000000
0.268809	0.000000
0.503011	0.000000
-1.110010	0.000000
-0.252069	0.000000
-0.275316	0.000000
-0.914341	0.000000
0.306728	0.000000
-0.800289	0.000000
0.105575	0.000000
1.494756	0.000000
-0.497361	0.000000
-0.465192	0.000000
0.374996	0.000000
0.068691	0.000000
-0.419975	0.000000
0.036090	0.000000
-0.212005	0.000000
0.070039	0.000000
1.025823	0.000000
1.405018	0.000000
0.300103	0.000000
-0.801149	0.000000
-0.407246	0.000000
1.954758	0.000000
-6.449590	0.000000
2.150880	0.000000
-0.657944	0.000000
0.839337	0.000000
0.394079	0.000000
0.079114	0.000000
-0.508011	0.000000
2.176597	0.000000
1.014784	0.000000
-1.343178	0.000000
-1.143309	0.000000
0.543038	0.000000
2.047501	0.000000
0.327153	0.000000
1.693913	0.000000
-0.345878	0.000000
0.867553	0.000000
0.192653	0.000000
0.952819	0.000000
-1.036710	0.000000
-0.012645	0.000000
1.418493	0.000000
1.365663	0.000000
0.766000	0.000000
0.360662	0.000000
1.997495	0.000000
0.950077	0.000000
1.153943	0.000000
1.607178	0.000000
2.049264	0.000000
0.353470	0.000000
0.466683	0.000000
-0.027305	0.000000
0.495739	0.000000
0.000273	0.000000
0.510597	0.000000
0.268911	0.000000
-1.077606	0.000000
0.683613	0.000000
0.504847	0.000000
0.385730	0.000000
0.101772	0.000000
-0.070754	0.000000
-0.079903	0.000000
1.090937	0.000000
2.124170	0.000000
1.913196	0.000000
0.424753	0.000000
-0.524757	0.000000
0.343141	0.000000
0.750187	0.000000
0.685482	0.000000
-1.344341	0.000000
1.326266	0.000000
-0.574381	0.000000
0.119606	0.000000
0.100039	0.000000
-0.225935	0.000000
-0.135633	0.000000
0.651795	0.000000
-0.257896	0.000000
-4.157715	0.000000
0.197594	0.000000
1.049081	0.000000
0.286590	0.000000
0.579547	0.000000
-0.813108	0.000000
0.090960	0.000000
-0.473401	0.000000
-0.435555	0.000000
-0.879571	0.000000
-0.271375	0.000000
0.195011	0.000000
-0.423234	0.000000
0.250939	0.000000
0.980163	0.000000
0.462714	0.000000
0.384346	0.000000
-0.444327	0.000000
-0.398401	0.000000
0.355388	0.000000
-0.212428	0.000000
-0.834363	0.000000
-0.058632	0.000000
-0.270383	0.000000
-0.181506	0.000000
-0.118429	0.000000
0.000160	0.000000
-0.870204	0.000000
-0.053789	0.000000
-0.958893	0.000000
0.164841	0.000000
0.082159	0.000000
0.181822	0.000000
-0.750000	0.000000
-0.049403	0.000000
0.179167	0.000000
-0.574709	0.000000
0.512785	0.000000
-0.420284	0.000000
0.110440	0.000000
-0.558580	0.000000
-0.212204	0.000000
-0.960547	0.000000
-0.351840	0.000000
0.000355	0.000000
1.109737	0.000000
0.161813	0.000000
-1.274454	0.000000
0.823046	0.000000
-0.149874	0.000000
-0.090118	0.000000
0.778856	0.000000
-0.139281	0.000000
-0.205047	0.000000
0.119706	0.000000
-0.140005	0.000000
-0.575116	0.000000
0.271933	0.000000
0.144789	0.000000
-0.232175	0.000000
0.071951	0.000000
-2.434672	0.000000
0.070231	0.000000
0.501527	0.000000
0.105492	0.000000
-0.152408	0.000000
-0.090522	0.000000
0.067667	0.000000
0.109104	0.000000
-0.615443	0.000000
0.271726	0.000000
-0.194736	0.000000
-0.134603	0.000000
-0.627063	0.000000
0.173061	0.000000
0.347202	0.000000
0.480842	0.000000
0.063754	0.000000
-0.079582	0.000000
-0.126861	0.000000
0.638277	0.000000
-0.151512	0.000000
0.706994	0.000000
-0.120165	0.000000
1.271130	0.000000
-0.118088	0.000000
0.242911	0.000000
-0.133747	0.000000
0.000231	0.000000
-0.706643	0.000000
0.137363	0.000000
0.054751	0.000000
0.247869	0.000000
-0.562579	0.000000
0.098845	0.000000
-0.536957	0.000000
0.503126	0.000000
0.341690	0.000000
0.673154	0.000000
0.055199	0.000000
-0.660203	0.000000
0.165187	0.000000
-0.320242	0.000000
0.352091	0.000000
-0.314405	0.000000
0.153228	0.000000
0.242787	0.000000
-0.149858	0.000000
0.137199	0.000000
0.000037	0.000000
0.523179	0.000000
0.070892	0.000000
-0.209270	0.000000
0.246222	0.000000
0.059863	0.000000
0.220099	0.000000
0.287619	0.000000
-0.135559	0.000000
0.651875	0.000000
0.025835	0.000000
0.788691	0.000000
-0.460415	0.000000
-3.007237	0.000000
-0.017812	0.000000
-0.263283	0.000000
-0.101513	0.000000
-0.453097	0.000000
-0.608726	0.000000
0.000050	0.000000
0.439968	0.000000
-0.090080	0.000000
0.390310	0.000000
0.038573	0.000000
0.439343	0.000000
-0.288009	0.000000
0.462929	0.000000
0.384533	0.000000
-0.253891	0.000000
-0.159367	0.000000
-0.215740	0.000000
0.425537	0.000000
0.303427	0.000000
0.353739	0.000000
-0.015003	0.000000
-0.181561	0.000000
-0.237201	0.000000
-0.850002	0.000000
-0.200671	0.000000
-0.053860	0.000000
-0.605747	0.000000
-0.246993	0.000000
0.000053	0.000000
-0.280846	0.000000
-0.656346	0.000000
0.032953	0.000000
-0.178692	0.000000
0.000036	0.000000
0.683423	0.000000
0.420971	0.000000
-0.109882	0.000000
0.152634	0.000000
-0.306561	0.000000
0.160298	0.000000
0.070415	0.000000
-0.864996	0.000000
-0.229452	0.000000
0.040469	0.000000
0.300098	0.000000
-0.342605	0.000000
-0.029915	0.000000
0.559247	0.000000
-0.070650	0.000000
-0.278878	0.000000
-0.369218	0.000000
-0.119560	0.000000
0.220139	0.000000
0.965570	0.000000
-0.135662	0.000000
0.724150	0.000000
-0.232046	0.000000
-0.215009	0.000000
0.592569	0.000000
-0.839168	0.000000
-7.145687	0.000000
0.237180	0.000000
0.000193	0.000000
-1.631911	0.000000
0.270852	0.000000
0.944153	0.000000
-0.879606	0.000000
1.357561	0.000000
0.292908	0.000000
0.038503	0.000000
0.941218	0.000000
-0.807035	0.000000
0.752005	0.000000
-0.960308	0.000000
0.825633	0.000000
1.595464	0.000000
1.396118	0.000000
0.567428	0.000000
0.758734	0.000000
-0.530110	0.000000
-0.330552	0.000000
2.542558	0.000000
-2.373524	0.000000
0.425357	0.000000
0.469010	0.000000
-0.916515	0.000000
1.968925	0.000000
0.631508	0.000000
0.793666	0.000000
0.941912	0.000000
1.126181	0.000000
0.642315	0.000000
0.985003	0.000000
2.370934	0.000000
-1.793489	0.000000
1.177987	0.000000
1.817678	0.000000
-0.914325	0.000000
1.273961	0.000000
0.720743	0.000000
0.140901	0.000000
1.494767	0.000000
-0.076452	0.000000
0.424781	0.000000
-1.649355	0.000000
0.754389	0.000000
0.090139	0.000000
-0.486983	0.000000
0.990996	0.000000
-1.046678	0.000000
1.477078	0.000000
0.269091	0.000000
1.280273	0.000000
0.534191	0.000000
1.154522	0.000000
-0.868405	0.000000
0.361221	0.000000
0.573778	0.000000
-0.065526	0.000000
-0.139569	0.000000
0.035911	0.000000
-6.295357	0.000000
0.305193	0.000000
0.634895	0.000000
0.541450	0.000000
0.726331	0.000000
0.000141	0.000000
-0.904288	0.000000
-0.291960	0.000000
0.211748	0.000000
0.753007	0.000000
-1.556390	0.000000
-0.346844	0.000000
-1.633076	0.000000
-0.317248	0.000000
-0.478402	0.000000
0.279224	0.000000
0.851080	0.000000
0.607171	0.000000
-1.649459	0.000000
0.225441	0.000000
-0.907902	0.000000
0.237577	0.000000
-1.821818	0.000000
0.602891	0.000000
-0.862577	0.000000
-1.060017	0.000000
-0.548954	0.000000
0.437882	0.000000
0.611424	0.000000
-0.468998	0.000000
0.148269	0.000000
0.000112	0.000000
0.574794	0.000000
0.598078	0.000000
1.177934	0.000000
0.220347	0.000000
-0.203014	0.000000
0.566207	0.000000
0.800829	0.000000
-0.070276	0.000000
-1.573277	0.000000
-1.645252	0.000000
0.445065	0.000000
0.900105	0.000000
-2.331239	0.000000
-0.269977	0.000000
-0.504991	0.000000
0.000176	0.000000
-0.906994	0.000000
0.164226	0.000000
0.448454	0.000000
0.420160	0.000000
0.102779	0.000000
1.018840	0.000000
0.506856	0.000000
-0.541633	0.000000
0.071935	0.000000
0.460918	0.000000
-0.139595	0.000000
0.483635	0.000000
0.816573	0.000000
-5.133636	0.000000
2.267017	0.000000
1.150000	0.000000
0.544815	0.000000
0.264133	0.000000
0.995345	0.000000
0.779967	0.000000
-0.153848	0.000000
0.690212	0.000000
1.037794	0.000000
0.520572	0.000000
1.825479	0.000000
2.222722	0.000000
-0.079691	0.000000
0.241176	0.000000
0.922134	0.000000
1.441415	0.000000
2.592440	0.000000
-0.465705	0.000000
0.454335	0.000000
0.712526	0.000000
0.121623	0.000000
0.870803	0.000000
0.107933	0.000000
1.110560	0.000000
1.345211	0.000000
0.109594	0.000000
-0.066082	0.000000
1.219880	0.000000
0.461163	0.000000
0.358311	0.000000
-0.358953	0.000000
-0.341624	0.000000
0.252795	0.000000
-0.440456	0.000000
-0.355429	0.000000
0.188799	0.000000
0.560796	0.000000
0.598260	0.000000
1.259028	0.000000
0.306293	0.000000
0.343874	0.000000
0.974892	0.000000
1.234348	0.000000
-0.239976	0.000000
0.342751	0.000000
0.212602	0.000000
1.116816	0.000000
-0.205147	0.000000
-0.239047	0.000000
-0.179961	0.000000
-0.369697	0.000000
0.611277	0.000000
0.507038	0.000000
-0.154776	0.000000
0.430284	0.000000
-0.263086	0.000000
0.209969	0.000000
-0.125286	0.000000
0.026342	0.000000
-0.304936	0.000000
-2.810562	0.000000
-0.473498	0.000000
0.544632	0.000000
0.440023	0.000000
0.905013	0.000000
1.072739	0.000000
-0.057720	0.000000
0.502158	0.000000
0.691892	0.000000
-0.057672	0.000000
-0.192111	0.000000
0.127155	0.000000
-0.159346	0.000000
0.393439	0.000000
0.851037	0.000000
-0.606754	0.000000
-0.235391	0.000000
-0.225323	0.000000
0.454442	0.000000
0.949980	0.000000
0.182316	0.000000
-0.200641	0.000000
-0.323457	0.000000
-0.807473	0.000000
0.301974	0.000000
0.383138	0.000000
-0.049530	0.000000
0.188124	0.000000
-0.296374	0.000000
0.626921	0.000000
0.287723	0.000000
-0.256037	0.000000
0.336972	0.000000
-0.385304	0.000000
0.406646	0.000000
0.518990	0.000000
-0.400340	0.000000
0.035203	0.000000
0.472087	0.000000
0.038390	0.000000
-0.040363	0.000000
0.075166	0.000000
0.891675	0.000000
-0.239924	0.000000
0.144324	0.000000
0.354008	0.000000
0.139760	0.000000
0.328305	0.000000
0.269046	0.000000
0.160134	0.000000
-0.308104	0.000000
-0.135613	0.000000
0.072649	0.000000
0.232299	0.000000
-0.429736	0.000000
-0.262926	0.000000
-1.048891	0.000000
0.000029	0.000000
-0.105337	0.000000
-0.203031	0.000000
0.000054	0.000000
-3.652503	0.000000
-0.399254	0.000000
-0.527541	0.000000
0.542931	0.000000
0.780270	0.000000
-0.173095	0.000000
0.062931	0.000000
0.518902	0.000000
-0.751619	0.000000
0.096204	0.000000
-0.126936	0.000000
0.398995	0.000000
0.431571	0.000000
0.000051	0.000000
-1.213246	0.000000
0.412572	0.000000
-0.090147	0.000000
-0.816768	0.000000
0.593485	0.000000
-1.518106	0.000000
-1.138262	0.000000
-0.107697	0.000000
-0.605615	0.000000
0.137297	0.000000
-0.519786	0.000000
-0.264288	0.000000
-1.313154	0.000000
-0.296386	0.000000
-0.715512	0.000000
-0.502667	0.000000
0.598335	0.000000
0.757396	0.000000
0.220341	0.000000
-0.253950	0.000000
0.377446	0.000000
0.080139	0.000000
-0.035104	0.000000
0.157703	0.000000
-0.152895	0.000000
0.343898	0.000000
-1.349384	0.000000
0.548822	0.000000
-0.419957	0.000000
0.865831	0.000000
0.070918	0.000000
-0.069437	0.000000
-0.656344	0.000000
-0.239042	0.000000
0.120060	0.000000
-0.287531	0.000000
-0.814595	0.000000
-0.433933	0.000000
-0.567503	0.000000
0.215368	0.000000
-0.921154	0.000000
0.419930	0.000000
-0.286545	0.000000
0.289760	0.000000
0.304974	0.000000
0.453620	0.000000
0.812090	0.000000
-5.591199	0.000000
0.440145	0.000000
-0.270965	0.000000
-0.097428	0.000000
0.096274	0.000000
-0.313669	0.000000
-1.153067	0.000000
0.809959	0.000000
-1.729082	0.000000
-0.253803	0.000000
-0.956965	0.000000
0.152302	0.000000
-0.637869	0.000000
-0.151533	0.000000
-0.235426	0.000000
0.586016	0.000000
1.452978	0.000000
0.831361	0.000000
0.485870	0.000000
0.334833	0.000000
1.563896	0.000000
1.615427	0.000000
-0.219601	0.000000
0.136872	0.000000
-0.231269	0.000000
-2.157152	0.000000
0.757599	0.000000
-0.089250	0.000000
-1.149450	0.000000
-0.854124	0.000000
1.178145	0.000000
0.330502	0.000000
0.508194	0.000000
0.872937	0.000000
0.400606	0.000000
-0.774051	0.000000
0.472306	0.000000
0.421018	0.000000
0.121449	0.000000
-0.299604	0.000000
0.000296	0.000000
0.840246	0.000000
0.108277	0.000000
-1.485993	0.000000
0.000279	0.000000
-0.984539	0.000000
0.299094	0.000000
-0.180014	0.000000
-0.390220	0.000000
-0.882331	0.000000
0.000100	0.000000
-0.490131	0.000000
-0.358165	0.000000
-0.131324	0.000000
0.069973	0.000000
-0.232741	0.000000
0.263425	0.000000
-0.101527	0.000000
0.453528	0.000000
-0.135100	0.000000
0.036450	0.000000
-4.310954	0.000000
0.814366	0.000000
0.975119	0.000000
0.057750	0.000000
0.313876	0.000000
0.115452	0.000000
-0.520258	0.000000
0.192642	0.000000
-0.063384	0.000000
0.000375	0.000000
-0.012680	0.000000
-0.567230	0.000000
-0.075510	0.000000
-0.353191	0.000000
0.045095	0.000000
-0.090603	0.000000
-0.474725	0.000000
0.303825	0.000000
-0.066863	0.000000
0.108068	0.000000
-0.555218	0.000000
0.192169	0.000000
-0.246194	0.000000
0.132217	0.000000
1.407122	0.000000
-0.345795	0.000000
0.268746	0.000000
-0.143453	0.000000
0.512859	0.000000
-0.168159	0.000000
0.551049	0.000000
-0.304784	0.000000
0.212352	0.000000
-0.240054	0.000000
0.633561	0.000000
0.314788	0.000000
0.344527	0.000000
0.060762	0.000000
0.375057	0.000000
0.891710	0.000000
0.480172	0.000000
0.306718	0.000000
0.990936	0.000000
0.139598	0.000000
-0.081858	0.000000
0.299105	0.000000
-0.240014	0.000000
0.431445	0.000000
0.747059	0.000000
-0.144477	0.000000
0.000003	0.000000
0.287084	0.000000
0.131679	0.000000
-0.349302	0.000000
0.107497	0.000000
-0.553017	0.000000
0.457611	0.000000
0.725756	0.000000
-0.270461	0.000000
0.072635	0.000000
1.231995	0.000000
-2.985390	0.000000
-0.194607	0.000000
0.076990	0.000000
0.501918	0.000000
0.115480	0.000000
0.173716	0.000000
0.384548	0.000000
0.317568	0.000000
-0.478297	0.000000
-0.139570	0.000000
-0.070906	0.000000
0.227798	0.000000
0.530407	0.000000
-0.375553	0.000000
0.999200	0.000000
0.119001	0.000000
0.303894	0.000000
0.000131	0.000000
0.323541	0.000000
0.050639	0.000000
-0.137116	0.000000
0.355734	0.000000
-0.066066	0.000000
-0.375069	0.000000
-0.115236	0.000000
0.984834	0.000000
0.934334	0.000000
0.256666	0.000000
0.336851	0.000000
-0.550505	0.000000
-0.304566	0.000000
-0.282988	0.000000
0.160474	0.000000
0.457510	0.000000
0.314988	0.000000
-0.076340	0.000000
-0.101085	0.000000
0.599845	0.000000
0.274625	0.000000
-0.539963	0.000000
0.703555	0.000000
-0.707439	0.000000
0.070172	0.000000
-0.164038	0.000000
0.448430	0.000000
0.800202	0.000000
0.328692	0.000000
0.203757	0.000000
-0.578738	0.000000
0.438591	0.000000
-0.931895	0.000000
0.395011	0.000000
0.559764	0.000000
0.035883	0.000000
0.000039	0.000000
0.254298	0.000000
0.816221	0.000000
1.149946	0.000000
-0.108779	0.000000
-0.087648	0.000000
-0.723782	0.000000
-3.216684	0.000000
-0.134660	0.000000
-0.878234	0.000000
0.057732	0.000000
0.231551	0.000000
-0.383953	0.000000
0.952786	0.000000
0.638548	0.000000
-0.025322	0.000000
-0.354341	0.000000
0.910494	0.000000
0.058979	0.000000
0.180365	0.000000
-0.816984	0.000000
-1.661143	0.000000
-0.121354	0.000000
0.268119	0.000000
-0.377176	0.000000
0.757288	0.000000
-0.494102	0.000000
0.355828	0.000000
-0.247811	0.000000
-0.562727	0.000000
0.049492	0.000000
0.537180	0.000000
0.646673	0.000000
0.256302	0.000000
0.168369	0.000000
0.220559	0.000000
-0.406181	0.000000
-0.094286	0.000000
0.320562	0.000000
-0.281475	0.000000
0.236089	0.000000
0.191482	0.000000
-0.323509	0.000000
-0.074654	0.000000
-0.479961	0.000000
0.660237	0.000000
0.108259	0.000000
-0.070752	0.000000
-0.069702	0.000000
0.369464	0.000000
-0.269041	0.000000
0.300152	0.000000
-0.246514	0.000000
-0.407174	0.000000
-1.302854	0.000000
-0.361066	0.000000
-1.146890	0.000000
1.250581	0.000000
-1.678226	0.000000
-0.376019	0.000000
0.763976	0.000000
0.051092	0.000000
-0.271601	0.000000
-0.608544	0.000000
0.326949	0.000000
-0.439417	0.000000
-0.542503	0.000000
-1.754272	0.000000
-7.215923	0.000000
-2.634728	0.000000
0.057716	0.000000
0.347153	0.000000
0.096501	0.000000
0.889240	0.000000
0.479041	0.000000
0.215786	0.000000
-1.205116	0.000000
-0.909991	0.000000
1.296179	0.000000
1.036808	0.000000
-0.090442	0.000000
-0.592969	0.000000
0.364453	0.000000
0.268061	0.000000
1.294383	0.000000
0.403927	0.000000
0.494211	0.000000
0.711522	0.000000
0.198296	0.000000
-0.093625	0.000000
0.378815	0.000000
0.716250	0.000000
0.502943	0.000000
1.025297	0.000000
1.766995	0.000000
0.661066	0.000000
-0.965152	0.000000
1.297470	0.000000
0.560708	0.000000
1.126271	0.000000
1.494723	0.000000
0.650483	0.000000
0.768588	0.000000
0.449974	0.000000
0.685944	0.000000
0.450243	0.000000
0.342818	0.000000
0.991033	0.000000
0.139816	0.000000
0.369463	0.000000
1.255567	0.000000
0.460097	0.000000
0.390407	0.000000
0.679241	0.000000
-0.868268	0.000000
0.309649	0.000000
1.505659	0.000000
0.131976	0.000000
-0.279631	0.000000
-0.161155	0.000000
-0.052638	0.000000
0.609974	0.000000
0.816459	0.000000
0.811884	0.000000
0.036448	0.000000
0.352364	0.000000
-0.180528	0.000000
-0.584478	0.000000
0.327138	0.000000
-3.512878	0.000000
0.173145	0.000000
-0.289013	0.000000
0.576645	0.000000
0.127135	0.000000
0.478846	0.000000
0.000011	0.000000
-0.567116	0.000000
0.000249	0.000000
-0.294426	0.000000
0.030120	0.000000
0.091112	0.000000
0.000550	0.000000
0.182469	0.000000
1.071637	0.000000
-0.161675	0.000000
0.303008	0.000000
-0.631278	0.000000
-0.136722	0.000000
0.479203	0.000000
0.000117	0.000000
0.609371	0.000000
0.984544	0.000000
2.155593	0.000000
-1.110076	0.000000
1.346270	0.000000
-0.715900	0.000000
0.508250	0.000000
-0.141501	0.000000
1.521683	0.000000
0.246430	0.000000
-0.235742	0.000000
0.229592	0.000000
-0.283085	0.000000
-0.674685	0.000000
-0.068267	0.000000
0.030139	0.000000
-0.162294	0.000000
-0.849101	0.000000
-1.884528	0.000000
-0.451240	0.000000
0.538108	0.000000
0.300124	0.000000
0.123309	0.000000
0.543345	0.000000
-0.579065	0.000000
-0.154767	0.000000
1.290667	0.000000
-0.592096	0.000000
0.209855	0.000000
-0.196954	0.000000
-0.553041	0.000000
-0.253887	0.000000
-0.362435	0.000000
0.609076	0.000000
-0.145105	0.000000
0.791912	0.000000
0.362086	0.000000
-0.097198	0.000000
0.096241	0.000000
0.125559	0.000000
-3.689693	0.000000
0.115948	0.000000
0.576934	0.000000
-0.571309	0.000000
0.478823	0.000000
-0.076101	0.000000
0.922170	0.000000
0.758553	0.000000
0.000236	0.000000
0.090232	0.000000
0.272740	0.000000
-1.779843	0.000000
0.729015	0.000000
0.201108	0.000000
0.215779	0.000000
0.605800	0.000000
0.329545	0.000000
1.669241	0.000000
0.313995	0.000000
0.093858	0.000000
-0.263441	0.000000
0.000084	0.000000
-0.215364	0.000000
-2.049820	0.000000
1.430487	0.000000
-0.495637	0.000000
0.762086	0.000000
0.094481	0.000000
0.961197	0.000000
0.387217	0.000000
0.550922	0.000000
-0.038192	0.000000
-0.060583	0.000000
0.225037	0.000000
-0.479758	0.000000
0.990345	0.000000
-0.216444	0.000000
-0.919789	0.000000
-0.279169	0.000000
-0.451159	0.000000
-0.268890	0.000000
0.040064	0.000000
-0.390277	0.000000
-0.882492	0.000000
-0.072200	0.000000
0.258131	0.000000
-1.433415	0.000000
-0.131471	0.000000
-0.279511	0.000000
-0.143188	0.000000
0.052781	0.000000
-0.660540	0.000000
-0.543612	0.000000
-0.946968	0.000000
0.326853	0.000000
-0.351628	0.000000
0.633636	0.000000
-1.267236	0.000000
-0.230850	0.000000
0.062853	0.000000
-0.345925	0.000000
-5.320722	0.000000
0.865065	0.000000
0.063851	0.000000
0.319116	0.000000
0.101547	0.000000
0.071195	0.000000
-0.379007	0.000000
-0.765727	0.000000
-0.045038	0.000000
-1.543247	0.000000
0.356135	0.000000
-0.546332	0.000000
0.000016	0.000000
-0.431166	0.000000
0.404073	0.000000
0.466786	0.000000
-0.191469	0.000000
0.099224	0.000000
-0.187189	0.000000
0.280047	0.000000
-0.984342	0.000000
0.862465	0.000000
0.427233	0.000000
-0.504789	0.000000
0.165296	0.000000
-0.609508	0.000000
0.542595	0.000000
-0.240064	0.000000
-0.598053	0.000000
0.629526	0.000000
-0.497364	0.000000
-0.262916	0.000000
-1.349578	0.000000
0.206019	0.000000
-0.059980	0.000000
0.378887	0.000000
0.566233	0.000000
-0.418581	0.000000
-0.122975	0.000000
0.358859	0.000000
-0.079970	0.000000
0.102828	0.000000
-0.407033	0.000000
0.072768	0.000000
-0.309497	0.000000
0.358679	0.000000
0.263283	0.000000
-0.489314	0.000000
-0.017862	0.000000
-0.236991	0.000000
0.406878	0.000000
1.088293	0.000000
0.676694	0.000000
0.217864	0.000000
0.792212	0.000000
0.724033	0.000000
-0.877075	0.000000
-0.096201	0.000000
-0.188076	0.000000
-0.691795	0.000000
0.404949	0.000000
-2.689742	0.000000
0.762312	0.000000
0.319178	0.000000
-0.126909	0.000000
0.000026	0.000000
0.152126	0.000000
0.059121	0.000000
-0.075070	0.000000
-0.181435	0.000000
-0.592994	0.000000
-0.607062	0.000000
0.669870	0.000000
0.053973	0.000000
0.454336	0.000000
0.082389	0.000000
-0.082021	0.000000
0.148768	0.000000
1.219846	0.000000
0.329451	0.000000
0.626895	0.000000
-0.646573	0.000000
0.512672	0.000000
-0.252119	0.000000
0.385759	0.000000
-0.101333	0.000000
-0.259481	0.000000
0.560589	0.000000
0.844680	0.000000
0.393377	0.000000
0.229585	0.000000
0.161819	0.000000
-0.224898	0.000000
-0.479730	0.000000
0.390159	0.000000
-0.180290	0.000000
-0.283025	0.000000
0.279218	0.000000
0.205202	0.000000
-0.388480	0.000000
-0.220030	0.000000
-0.020528	0.000000
0.203776	0.000000
1.013586	0.000000
-0.051573	0.000000
-0.071355	0.000000
-0.657741	0.000000
-0.209681	0.000000
0.071667	0.000000
0.210731	0.000000
1.220064	0.000000
-0.906597	0.000000
-0.608756	0.000000
0.181630	0.000000
0.528253	0.000000
-0.904639	0.000000
1.169929	0.000000
0.423350	0.000000
0.000198	0.000000
-1.556373	0.000000
0.231420	0.000000
0.768630	0.000000
-5.842026	0.000000
1.276594	0.000000
0.063517	0.000000
0.000165	0.000000
0.151895	0.000000
0.059137	0.000000
0.150306	0.000000
0.545191	0.000000
-0.949494	0.000000
0.607389	0.000000
0.134275	0.000000
1.402009	0.000000
-0.403723	0.000000
0.411848	0.000000
0.602091	0.000000
-0.231325	0.000000
0.281765	0.000000
-0.115206	0.000000
-0.447486	0.000000
-0.287144	0.000000
0.512793	0.000000
0.336866	0.000000
0.936499	0.000000
1.168687	0.000000
-0.306666	0.000000
-0.560048	0.000000
-0.070357	0.000000
-0.550639	0.000000
-0.344239	0.000000
0.161836	0.000000
0.374958	0.000000
0.479995	0.000000
0.420255	0.000000
0.126330	0.000000
-0.282961	0.000000
0.139953	0.000000
-0.328168	0.000000
0.119685	0.000000
-0.059948	0.000000
-0.164322	0.000000
0.068163	0.000000
0.651590	0.000000
-0.257943	0.000000
0.071702	0.000000
0.592493	0.000000
-0.349560	0.000000
-0.107377	0.000000
0.158115	0.000000
-0.355714	0.000000
0.000314	0.000000
-0.202844	0.000000
0.363166	0.000000
-0.351684	0.000000
-0.090163	0.000000
0.390244	0.000000
0.153968	0.000000
0.627626	0.000000
0.403793	0.000000
-0.346700	0.000000
0.384434	0.000000
0.762070	0.000000
-5.025386	0.000000
0.418845	0.000000
0.850921	0.000000
-0.530672	0.000000
0.412568	0.000000
-0.360584	0.000000
0.272741	0.000000
-0.118053	0.000000
0.060989	0.000000
-0.200598	0.000000
0.647197	0.000000
0.403897	0.000000
-0.054769	0.000000
0.000124	0.000000
-0.181683	0.000000
0.000130	0.000000
0.065918	0.000000
0.716101	0.000000
0.790654	0.000000
0.171070	0.000000
-0.252325	0.000000
0.440839	0.000000
-0.660290	0.000000
0.141661	0.000000
0.400728	0.000000
0.844758	0.000000
1.180187	0.000000
0.038452	0.000000
0.627047	0.000000
0.150051	0.000000
0.960007	0.000000
0.300138	0.000000
0.216532	0.000000
-0.353836	0.000000
0.209515	0.000000
0.369271	0.000000
-0.567981	0.000000
-0.360068	0.000000
1.396963	0.000000
2.172762	0.000000
-1.085501	0.000000
1.006230	0.000000
-0.501711	0.000000
-1.644993	0.000000
-2.727408	0.000000
1.182061	0.000000
0.579520	0.000000
1.372535	0.000000
0.181595	0.000000
0.744179	0.000000
-1.089210	0.000000
2.639608	0.000000
-2.261537	0.000000
-2.534376	0.000000
0.461836	0.000000
-2.070136	0.000000
-1.556578	0.000000
-0.173324	0.000000
0.672677	0.000000
0.571541	0.000000
2.473059	0.000000
-7.094430	0.000000
-1.985216	0.000000
-1.972205	0.000000
-0.058822	0.000000
1.878218	0.000000
-2.360129	0.000000
-0.474486	0.000000
-1.700281	0.000000
0.669728	0.000000
1.024602	0.000000
-0.302639	0.000000
0.164849	0.000000
0.328440	0.000000
-0.297358	0.000000
-2.720059	0.000000
0.510542	0.000000
1.074153	0.000000
-1.292825	0.000000
-0.341458	0.000000
-1.766577	0.000000
-2.698673	0.000000
1.930622	0.000000
1.179585	0.000000
-1.761376	0.000000
0.492842	0.000000
-0.550503	0.000000
-0.803408	0.000000
0.202288	0.000000
1.049999	0.000000
-1.234138	0.000000
0.600174	0.000000
-0.126235	0.000000
-0.990651	0.000000
0.070090	0.000000
-0.615293	0.000000
-0.268944	0.000000
-0.279980	0.000000
0.000042	0.000000
0.407408	0.000000
-0.506681	0.000000
0.799888	0.000000
-1.075126	0.000000
0.066044	0.000000
0.140108	0.000000
0.286634	0.000000
-0.157917	0.000000
1.016609	0.000000
0.635157	0.000000
0.203117	0.000000
-0.689779	0.000000
-0.351622	0.000000
-0.995012	0.000000
0.292626	0.000000
0.115543	0.000000
-0.376113	0.000000
-0.115172	0.000000
0.694238	0.000000
0.288412	0.000000
-0.698359	0.000000
0.239372	0.000000
-0.177615	0.000000
-3.474342	0.000000
0.076147	0.000000
0.294593	0.000000
-0.014945	0.000000
0.454413	0.000000
1.187458	0.000000
-0.121281	0.000000
0.000133	0.000000
1.078739	0.000000
-0.201795	0.000000
-0.137146	0.000000
-0.683969	0.000000
-0.099050	0.000000
-0.281034	0.000000
0.230579	0.000000
0.537494	0.000000
-0.502633	0.000000
0.683512	0.000000
0.084560	0.000000
0.550831	0.000000
0.000058	0.000000
-0.165094	0.000000
-0.720247	0.000000
0.070382	0.000000
0.078852	0.000000
-0.267818	0.000000
0.525925	0.000000
0.749810	0.000000
0.274351	0.000000
0.660188	0.000000
0.144373	0.000000
-0.212180	0.000000
-0.348672	0.000000
0.041040	0.000000
0.059937	0.000000
-0.139946	0.000000
-0.020530	0.000000
0.679323	0.000000
0.941349	0.000000
-0.128892	0.000000
0.860367	0.000000
0.724052	0.000000
-0.139799	0.000000
-0.232763	0.000000
0.421550	0.000000
0.203584	0.000000
-0.634337	0.000000
-0.405626	0.000000
0.181739	0.000000
-0.263710	0.000000
0.904774	0.000000
0.390304	0.000000
-0.346271	0.000000
-0.125258	0.000000
0.634275	0.000000
0.289388	0.000000
0.480577	0.000000
-0.444513	0.000000
-0.797330	0.000000
-0.126871	0.000000
0.851040	0.000000
-4.323542	0.000000
0.942901	0.000000
0.060102	0.000000
0.998774	0.000000
0.118971	0.000000
0.242942	0.000000
1.205552	0.000000
-0.323300	0.000000
-0.353176	0.000000
0.164815	0.000000
-0.465149	0.000000
0.380090	0.000000
1.125769	0.000000
-0.197553	0.000000
0.626654	0.000000
0.862401	0.000000
-0.939258	0.000000
-1.093407	0.000000
-0.715785	0.000000
0.305065	0.000000
-0.471760	0.000000
-0.480018	0.000000
0.281691	0.000000
0.078688	0.000000
-0.114757	0.000000
0.404602	0.000000
-0.449581	0.000000
0.068807	0.000000
-0.239992	0.000000
-0.414777	0.000000
0.495619	0.000000
0.209644	0.000000
0.615559	0.000000
0.209399	0.000000
0.180091	0.000000
0.164437	0.000000
-1.154104	0.000000
-0.072352	0.000000
0.180607	0.000000
-0.071644	0.000000
0.263540	0.000000
1.189218	0.000000
-0.196925	0.000000
-0.895456	0.000000
2.033293	0.000000
0.634848	0.000000
0.541162	0.000000
0.000022	0.000000
-0.879771	0.000000
0.995599	0.000000
-0.876856	0.000000
0.077002	0.000000
-0.313323	0.000000
-0.576423	0.000000
-0.346759	0.000000
-1.344597	0.000000
-0.698276	0.000000
0.478636	0.000000
-0.025345	0.000000
-0.070561	0.000000
0.531126	0.000000
-4.653826	0.000000
0.345659	0.000000
-0.816686	0.000000
-0.712017	0.000000
-0.303451	0.000000
0.067050	0.000000
-0.107727	0.000000
0.000278	0.000000
-0.466588	0.000000
0.519926	0.000000
0.181844	0.000000
0.094182	0.000000
0.181168	0.000000
-0.715582	0.000000
-1.077313	0.000000
-0.170488	0.000000
-0.756930	0.000000
0.385609	0.000000
0.101693	0.000000
-0.424560	0.000000
0.240541	0.000000
-0.211008	0.000000
-1.415856	0.000000
-0.267634	0.000000
-0.303387	0.000000
-0.074585	0.000000
-1.371108	0.000000
-0.239899	0.000000
-0.342701	0.000000
1.344982	0.000000
0.488746	0.000000
-0.164054	0.000000
0.328974	0.000000
-0.019935	0.000000
0.801177	0.000000
-1.833054	0.000000
-1.157814	0.000000
0.283884	0.000000
-1.146608	0.000000
0.789688	0.000000
0.419761	0.000000
0.340372	0.000000
0.158127	0.000000
-1.372174	0.000000
0.091134	0.000000
-0.743718	0.000000
2.214901	0.000000
0.264034	0.000000
0.362077	0.000000
0.780187	0.000000
1.539411	0.000000
1.505681	0.000000
0.461401	0.000000
1.446100	0.000000
1.153264	0.000000
1.206768	0.000000
-1.515293	0.000000
1.611813	0.000000
-2.056297	0.000000
1.213714	0.000000
2.180029	0.000000
-6.866478	0.000000
2.542565	0.000000
-2.254625	0.000000
1.396787	0.000000
-0.066779	0.000000
0.970795	0.000000
-1.362717	0.000000
-1.015611	0.000000
0.684156	0.000000
0.132269	0.000000
0.938574	0.000000
0.724627	0.000000
-0.357734	0.000000
0.215863	0.000000
-0.341364	0.000000
-0.841010	0.000000
-1.486829	0.000000
-1.066629	0.000000
-0.636861	0.000000
-2.561998	0.000000
0.950297	0.000000
-2.281097	0.000000
1.033206	0.000000
1.314752	0.000000
-1.724478	0.000000
2.331423	0.000000
-0.509966	0.000000
0.505099	0.000000
0.920209	0.000000
1.466123	0.000000
0.779570	0.000000
0.179469	0.000000
1.460375	0.000000
-0.102624	0.000000
-0.067851	0.000000
0.506787	0.000000
-0.309528	0.000000
-0.143325	0.000000
0.329207	0.000000
-0.279461	0.000000
0.161240	0.000000
-0.158030	0.000000
-0.101532	0.000000
0.453457	0.000000
-0.338112	0.000000
0.363279	0.000000
0.000147	0.000000
0.000064	0.000000
-0.486921	0.000000
-0.134698	0.000000
-0.313545	0.000000
-0.230331	0.000000
-0.635957	0.000000
-0.672119	0.000000
-0.444191	0.000000
0.877557	0.000000
0.253844	0.000000
0.567480	0.000000
0.152117	0.000000
0.176787	0.000000
0.300571	0.000000
-2.632701	0.000000
0.000133	0.000000
-0.242599	0.000000
-0.133655	0.000000
-0.485049	0.000000
0.908734	0.000000
0.658987	0.000000
-0.027302	0.000000
0.099158	0.000000
0.093942	0.000000
-0.164664	0.000000
-0.626120	0.000000
0.072207	0.000000
0.342096	0.000000
0.673527	0.000000
0.661190	0.000000
0.000161	0.000000
-0.330170	0.000000
0.720721	0.000000
-0.422150	0.000000
0.551116	0.000000
-0.038220	0.000000
0.586661	0.000000
-0.074798	0.000000
-0.068402	0.000000
1.140397	0.000000
0.126335	0.000000
-0.141329	0.000000
0.488789	0.000000
-0.574243	0.000000
-0.358709	0.000000
-0.320061	0.000000
0.061743	0.000000
-0.339276	0.000000
-0.434165	0.000000
0.129092	0.000000
0.573894	0.000000
0.065871	0.000000
-0.419258	0.000000
-0.537229	0.000000
0.105439	0.000000
-0.965637	0.000000
-0.453187	0.000000
1.217849	0.000000
0.581062	0.000000
0.088245	0.000000
-0.813992	0.000000
0.389943	0.000000
0.231012	0.000000
0.063062	0.000000
-0.634050	0.000000
0.752074	0.000000
-0.479937	0.000000
0.571575	0.000000
-0.398679	0.000000
-0.291841	0.000000
0.354885	0.000000
1.062249	0.000000
0.176795	0.000000
-0.375556	0.000000
0.363390	0.000000
-2.847953	0.000000
0.607283	0.000000
0.535962	0.000000
-0.646991	0.000000
-0.454154	0.000000
-0.439091	0.000000
0.355745	0.000000
0.297474	0.000000
0.187927	0.000000
0.016499	0.000000
0.179320	0.000000
-1.005598	0.000000
0.085703	0.000000
0.000107	0.000000
0.000084	0.000000
-0.203175	0.000000
0.471848	0.000000
0.160247	0.000000
0.176127	0.000000
0.236196	0.000000
0.076576	0.000000
-0.121289	0.000000
1.349794	0.000000
-0.753850	0.000000
0.270202	0.000000
0.757609	0.000000
-0.211920	0.000000
0.000322	0.000000
-0.287180	0.000000
-0.119431	0.000000
-0.019955	0.000000
0.636911	0.000000
1.154623	0.000000
0.362070	0.000000
0.722449	0.000000
0.430300	0.000000
1.118812	0.000000
0.349720	0.000000
-0.089512	0.000000
-0.500387	0.000000
0.559228	0.000000
0.453594	0.000000
-1.014355	0.000000
0.508434	0.000000
0.880197	0.000000
0.543125	0.000000
0.390013	0.000000
0.096236	0.000000
0.502130	0.000000
0.807241	0.000000
0.809788	0.000000
0.192247	0.000000
1.016184	0.000000
0.159760	0.000000
-0.190328	0.000000
0.283984	0.000000
0.303755	0.000000
0.471379	0.000000
0.255432	0.000000
0.091103	0.000000
0.594011	0.000000
-4.372107	0.000000
-0.870227	0.000000
-0.700751	0.000000
1.060241	0.000000
0.658899	0.000000
-0.218780	0.000000
-0.413032	0.000000
-0.093635	0.000000
-0.131703	0.000000
1.342880	0.000000
0.359439	0.000000
0.939760	0.000000
0.336903	0.000000
0.275477	0.000000
-0.304801	0.000000
0.094385	0.000000
0.400534	0.000000
-0.351815	0.000000
0.708190	0.000000
0.000147	0.000000
-0.202246	0.000000
0.824772	0.000000
0.548763	0.000000
0.030136	0.000000
0.450981	0.000000
0.000092	0.000000
-0.209273	0.000000
0.615629	0.000000
0.089731	0.000000
0.140139	0.000000
-0.390273	0.000000
-0.475176	0.000000
0.289894	0.000000
0.103238	0.000000
-0.788198	0.000000
-1.315943	0.000000
0.349902	0.000000
0.268713	0.000000
0.079116	0.000000
-0.203093	0.000000
-0.815640	0.000000
-0.676360	0.000000
0.072636	0.000000
0.088293	0.000000
0.090818	0.000000
1.072793	0.000000
-0.384824	0.000000
0.376586	0.000000
0.461313	0.000000
0.000223	0.000000
0.000191	0.000000
0.698768	0.000000
0.398854	0.000000
-0.025380	0.000000
-0.283537	0.000000
0.758647	0.000000
0.294576	0.000000
0.360686	0.000000
-1.179928	0.000000
2.017761	0.000000
0.061030	0.000000
-4.686890	0.000000
-0.053661	0.000000
-0.555054	0.000000
0.329563	0.000000
0.054771	0.000000
-0.247784	0.000000
0.000508	0.000000
0.016490	0.000000
-1.431675	0.000000
0.215758	0.000000
0.512594	0.000000
-0.504434	0.000000
0.936516	0.000000
0.050985	0.000000
0.448219	0.000000
-1.441103	0.000000
-0.492498	0.000000
-0.314414	0.000000
-0.076369	0.000000
0.263022	0.000000
0.450201	0.000000
0.205834	0.000000
-0.089952	0.000000
0.649412	0.000000
1.061901	0.000000
0.069936	0.000000
-0.205098	0.000000
-0.567898	0.000000
0.160132	0.000000
-0.164248	0.000000
0.543339	0.000000
0.072488	0.000000
0.283908	0.000000
-0.215015	0.000000
-0.460374	0.000000
-1.468421	0.000000
-0.143211	0.000000
-0.579401	0.000000
-0.355548	0.000000
-1.269087	0.000000
-0.134953	0.000000
1.452403	0.000000
-0.791768	0.000000
-0.090386	0.000000
0.194962	0.000000
-0.153892	0.000000
0.376673	0.000000
0.634271	0.000000
-0.346976	0.000000
-0.960258	0.000000
0.889390	0.000000
1.196870	0.000000
-0.076093	0.000000
0.921846	0.000000
0.455228	0.000000
-0.058838	0.000000
-0.014965	0.000000
-1.815749	0.000000
-0.830628	0.000000
-0.424841	0.000000
-0.468586	0.000000
-4.044093	0.000000
-0.555077	0.000000
0.109918	0.000000
-0.601915	0.000000
0.793138	0.000000
-0.281381	0.000000
0.016486	0.000000
-0.268254	0.000000
-0.143690	0.000000
0.427082	0.000000
-1.177759	0.000000
-0.110077	0.000000
-0.355491	0.000000
-0.165033	0.000000
-0.880482	0.000000
-0.351889	0.000000
-0.865102	0.000000
-0.535646	0.000000
-0.424643	0.000000
-0.374876	0.000000
-0.685469	0.000000
-0.119887	0.000000
-0.162306	0.000000
0.424776	0.000000
0.279577	0.000000
0.656641	0.000000
-0.269043	0.000000
0.220062	0.000000
0.082216	0.000000
-0.339171	0.000000
-0.216771	0.000000
-0.335290	0.000000
-1.362044	0.000000
-1.381868	0.000000
-1.118849	0.000000
0.250791	0.000000
-0.842766	0.000000
0.762699	0.000000
-1.903692	0.000000
-0.744035	0.000000
0.435790	0.000000
-0.527584	0.000000
-1.447535	0.000000
1.170224	0.000000
-0.153933	0.000000
-0.313640	0.000000
-0.691806	0.000000
1.330451	0.000000
-1.248443	0.000000
-0.698350	0.000000
-0.398756	0.000000
-0.190308	0.000000
-0.638067	0.000000
-0.606505	0.000000
-0.176670	0.000000
-0.240383	0.000000
0.272422	0.000000
-1.305130	0.000000
1.093137	0.000000
-0.602408	0.000000
-0.431125	0.000000
-5.300206	0.000000
-0.274510	0.000000
-0.109419	0.000000
0.495786	0.000000
0.656892	0.000000
-0.082291	0.000000
-0.178840	0.000000
-0.071444	0.000000
0.854253	0.000000
-0.083967	0.000000
-0.109897	0.000000
-0.203094	0.000000
0.070777	0.000000
-0.640135	0.000000
-0.457449	0.000000
-1.258408	0.000000
-0.841655	0.000000
0.384372	0.000000
1.424805	0.000000
-0.891104	0.000000
-0.179986	0.000000
0.216477	0.000000
-0.707640	0.000000
-1.256305	0.000000
0.082193	0.000000
0.179528	0.000000
0.200119	0.000000
0.657409	0.000000
0.000185	0.000000
-1.664505	0.000000
0.129062	0.000000
1.433918	0.000000
-0.394766	0.000000
-0.559484	0.000000
0.340292	0.000000
-0.658515	0.000000
2.134839	0.000000
-0.362552	0.000000
0.947385	0.000000
-0.363020	0.000000
-0.439777	0.000000
-0.723617	0.000000
-1.851834	0.000000
0.519625	0.000000
-1.442824	0.000000
0.634383	0.000000
-0.115381	0.000000
-0.095910	0.000000
-0.063319	0.000000
0.638384	0.000000
-0.241107	0.000000
-1.559569	0.000000
1.517265	0.000000
-1.178078	0.000000
-0.360545	0.000000
-0.635111	0.000000
-0.830773	0.000000
1.093189	0.000000
-0.267563	0.000000
0.323552	0.000000
0.403965	0.000000
-6.807906	0.000000
-0.328236	0.000000
0.380099	0.000000
-0.750433	0.000000
-0.263445	0.000000
0.268662	0.000000
0.790616	0.000000
1.708348	0.000000
1.514777	0.000000
-0.109994	0.000000
0.559084	0.000000
-0.165050	0.000000
0.560898	0.000000
-0.422261	0.000000
-0.078572	0.000000
0.306262	0.000000
-0.323581	0.000000
1.274821	0.000000
-2.536620	0.000000
-0.180012	0.000000
-0.054082	0.000000
-0.778322	0.000000
-0.697953	0.000000
0.164239	0.000000
-0.597810	0.000000
1.060310	0.000000
-0.123166	0.000000
0.815050	0.000000
-0.289423	0.000000
-0.103091	0.000000
0.860370	0.000000
0.395143	0.000000
-0.349497	0.000000
0.376170	0.000000
0.684870	0.000000
-0.558961	0.000000
1.722918	0.000000
-0.135164	0.000000
-0.072563	0.000000
-1.759550	0.000000
0.814292	0.000000
0.877867	0.000000
0.250211	0.000000
0.251142	0.000000
2.652147	0.000000
-0.751752	0.000000
-0.480286	0.000000
-0.317176	0.000000
0.398876	0.000000
0.177719	0.000000
-0.425363	0.000000
-1.289281	0.000000
0.294751	0.000000
0.586024	0.000000
-0.181507	0.000000
1.068407	0.000000
-0.485482	0.000000
0.669743	0.000000
-1.509782	0.000000
-0.555208	0.000000
-0.576353	0.000000
-6.868249	0.000000
0.875801	0.000000
-1.594227	0.000000
-0.329334	0.000000
-1.252650	0.000000
-2.155307	0.000000
1.110692	0.000000
-0.925306	0.000000
0.991461	0.000000
0.304893	0.000000
-0.400989	0.000000
-0.320008	0.000000
-0.457419	0.000000
-0.471626	0.000000
0.650620	0.000000
0.566370	0.000000
-0.674563	0.000000
-1.302627	0.000000
-0.029924	0.000000
0.288608	0.000000
-0.424484	0.000000
0.139712	0.000000
1.395192	0.000000
-0.268907	0.000000
-0.099944	0.000000
0.842357	0.000000
-1.290032	0.000000
-0.072257	0.000000
2.347796	0.000000
0.215225	0.000000
1.579530	0.000000
0.139966	0.000000
1.110428	0.000000
1.080044	0.000000
1.067666	0.000000
-1.359941	0.000000
-0.067269	0.000000
-0.471847	0.000000
-0.175910	0.000000
0.814359	0.000000
-0.487355	0.000000
0.250195	0.000000
0.188430	0.000000
-0.057474	0.000000
-1.272322	0.000000
3.170273	0.000000
-0.063347	0.000000
0.638463	0.000000
-0.101526	0.000000
1.630883	0.000000
2.351645	0.000000
1.414211	0.000000
0.916573	0.000000
-0.272012	0.000000
2.374073	0.000000
-2.611248	0.000000
-0.133904	0.000000
2.318702	0.000000
0.404068	0.000000
1.043266	0.000000
0.985158	0.000000
-7.138095	0.000000
0.563209	0.000000
0.807025	0.000000
0.089770	0.000000
1.580924	0.000000
2.135817	0.000000
0.925869	0.000000
2.699129	0.000000
1.829130	0.000000
1.580538	0.000000
-0.560127	0.000000
0.668639	0.000000
1.022884	0.000000
-0.267641	0.000000
-0.060574	0.000000
0.000389	0.000000
0.480073	0.000000
0.510178	0.000000
0.613351	0.000000
2.972464	0.000000
3.978822	0.000000
-1.189834	0.000000
0.209413	0.000000
-0.059947	0.000000
-0.082071	0.000000
1.086523	0.000000
0.651757	0.000000
0.025882	0.000000
-1.218649	0.000000
0.000262	0.000000
0.139892	0.000000
0.017930	0.000000
0.632195	0.000000
0.000210	0.000000
-0.271921	0.000000
0.000265	0.000000
-0.435522	0.000000
0.439933	0.000000
-0.090464	0.000000
-0.681856	0.000000
-0.288631	0.000000
0.627440	0.000000
0.576739	0.000000
0.694114	0.000000
0.384445	0.000000
-0.444318	0.000000
0.558413	0.000000
-0.088784	0.000000
0.142040	0.000000
0.151731	0.000000
0.294796	0.000000
0.405720	0.000000
-0.090487	0.000000
0.237397	0.000000
-0.728720	0.000000
-0.200686	0.000000
0.215801	0.000000
0.101131	0.000000
1.015794	0.000000
-0.410351	0.000000
0.132274	0.000000
-3.939433	0.000000
-0.329352	0.000000
0.268716	0.000000
-0.287001	0.000000
-0.426782	0.000000
0.589395	0.000000
0.495737	0.000000
-0.863527	0.000000
0.377494	0.000000
0.160177	0.000000
0.211159	0.000000
0.786948	0.000000
0.306236	0.000000
0.647278	0.000000
0.300255	0.000000
0.137148	0.000000
0.600215	0.000000
0.505072	0.000000
-0.778223	0.000000
0.000273	0.000000
0.451409	0.000000
0.269108	0.000000
-0.359972	0.000000
0.123340	0.000000
1.290212	0.000000
1.375414	0.000000
0.980422	0.000000
-0.143031	0.000000
0.065958	0.000000
1.398886	0.000000
1.146261	0.000000
0.131810	0.000000
1.067526	0.000000
0.272111	0.000000
-3.179036	0.000000
0.980360	0.000000
-0.703742	0.000000
0.633414	0.000000
0.975241	0.000000
0.192507	0.000000
0.815610	0.000000
0.691932	0.000000
2.487051	0.000000
-0.864568	0.000000
-1.460385	0.000000
1.356481	0.000000
0.368086	0.000000
0.567553	0.000000
0.075918	0.000000
-0.176556	0.000000
0.931612	0.000000
0.908427	0.000000
-0.593403	0.000000
0.789616	0.000000
0.334844	0.000000
-1.779313	0.000000
-0.555146	0.000000
0.329477	0.000000
-0.054610	0.000000
1.255805	0.000000
-0.750226	0.000000
-7.278991	0.000000
-1.342134	0.000000
-1.867959	0.000000
1.025398	0.000000
0.000343	0.000000
-0.550664	0.000000
-0.304559	0.000000
1.156028	0.000000
-0.320106	0.000000
-0.386968	0.000000
0.000171	0.000000
0.650516	0.000000
0.424785	0.000000
1.649750	0.000000
-0.754220	0.000000
1.500433	0.000000
0.198475	0.000000
0.778631	0.000000
-0.069688	0.000000
1.107931	0.000000
-0.866759	0.000000
-0.019896	0.000000
-0.225861	0.000000
-1.154097	0.000000
-0.144544	0.000000
-0.464281	0.000000
0.358704	0.000000
0.263525	0.000000
0.209988	0.000000
-0.250678	0.000000
-0.263272	0.000000
-0.304969	0.000000
0.362966	0.000000
-0.337932	0.000000
-0.290411	0.000000
-0.615463	0.000000
0.633448	0.000000
-0.194911	0.000000
-0.365529	0.000000
0.125659	0.000000
0.115516	0.000000
-0.115648	0.000000
0.384654	0.000000
-0.444405	0.000000
0.877891	0.000000
0.647278	0.000000
-0.283394	0.000000
0.000341	0.000000
-0.117613	0.000000
-0.015018	0.000000
-0.272011	0.000000
1.306126	0.000000
0.000104	0.000000
-0.602519	0.000000
0.539511	0.000000
-0.100908	0.000000
0.329568	0.000000
-0.273602	0.000000
-0.099056	0.000000
-0.093618	0.000000
-0.461056	0.000000
-3.758935	0.000000
-0.287059	0.000000
-0.084959	0.000000
-0.840966	0.000000
0.606059	0.000000
-0.507744	0.000000
0.330282	0.000000
0.560629	0.000000
-0.492527	0.000000
-1.258362	0.000000
0.114999	0.000000
0.768682	0.000000
-1.274459	0.000000
0.480104	0.000000
0.750211	0.000000
-0.144243	0.000000
0.424723	0.000000
-0.069610	0.000000
-1.025650	0.000000
0.119737	0.000000
-0.420021	0.000000
0.082201	0.000000
-0.746690	0.000000
0.000148	0.000000
0.232256	0.000000
-0.071415	0.000000
0.526794	0.000000
-0.139693	0.000000
-0.035760	0.000000
0.790369	0.000000
-1.067128	0.000000
-0.090393	0.000000
-0.337960	0.000000
0.108951	0.000000
-0.087797	0.000000
0.362220	0.000000
0.097914	0.000000
0.192525	0.000000
1.066595	0.000000
-0.691572	0.000000
0.405144	0.000000
0.192327	0.000000
0.063844	0.000000
0.080068	0.000000
-0.101474	0.000000
-1.346888	0.000000
0.758761	0.000000
-0.294351	0.000000
-0.405639	0.000000
0.817462	0.000000
-0.355443	0.000000
0.182478	0.000000
-0.803304	0.000000
0.161976	0.000000
0.303041	0.000000
0.137328	0.000000
-0.437791	0.000000
-0.049544	0.000000
0.375557	0.000000
0.098894	0.000000
0.089735	0.000000
-3.232901	0.000000
-0.170762	0.000000
-0.252089	0.000000
0.110330	0.000000
0.355844	0.000000
-0.684076	0.000000
-0.800253	0.000000
-0.386999	0.000000
-0.235904	0.000000
0.497498	0.000000
-0.161717	0.000000
0.150129	0.000000
0.480062	0.000000
0.060157	0.000000
0.270618	0.000000
0.283216	0.000000
0.419087	0.000000
-0.492334	0.000000
-0.029856	0.000000
0.720176	0.000000
-0.410851	0.000000
0.543499	0.000000
-1.302630	0.000000
0.644967	0.000000
0.645348	0.000000
0.000196	0.000000
0.769480	0.000000
0.035892	0.000000
0.210730	0.000000
-0.050819	0.000000
-0.362236	0.000000
0.608964	0.000000
-0.798568	0.000000
0.352408	0.000000
0.543128	0.000000
0.292920	0.000000
0.019269	0.000000
-0.062708	0.000000
-0.864688	0.000000
0.000105	0.000000
-0.191839	0.000000
0.254076	0.000000
-0.159426	0.000000
-0.038035	0.000000
0.496556	0.000000
-0.454836	0.000000
-0.706899	0.000000
0.360680	0.000000
0.272779	0.000000
-0.236867	0.000000
0.243118	0.000000
-0.133719	0.000000
0.000295	0.000000
0.757429	0.000000
0.466780	0.000000
-0.027306	0.000000
0.165239	0.000000
-0.468547	0.000000
0.033011	0.000000
-0.626011	0.000000
-0.790026	0.000000
-3.160252	0.000000
-0.588808	0.000000
-0.385364	0.000000
0.000244	0.000000
-0.518945	0.000000
0.240282	0.000000
-0.070277	0.000000
0.157745	0.000000
0.229661	0.000000
-0.202235	0.000000
0.300085	0.000000
0.480342	0.000000
-0.029906	0.000000
-0.180334	0.000000
-0.282959	0.000000
0.348991	0.000000
-0.328222	0.000000
1.345342	0.000000
-0.119931	0.000000
0.452015	0.000000
-0.475167	0.000000
0.217552	0.000000
-0.025755	0.000000
-0.430061	0.000000
0.592307	0.000000
1.259053	0.000000
0.376139	0.000000
0.474247	0.000000
0.203596	0.000000
0.635082	0.000000
0.879489	0.000000
0.145406	0.000000
0.175966	0.000000
0.995253	0.000000
-0.097279	0.000000
0.269502	0.000000
0.753019	0.000000
0.403724	0.000000
0.173735	0.000000
-0.384128	0.000000
0.317530	0.000000
-0.637996	0.000000
0.088865	0.000000
1.205666	0.000000
-0.530948	0.000000
-0.353310	0.000000
-0.180238	0.000000
-0.362770	0.000000
-0.830252	0.000000
-0.303609	0.000000
0.067006	0.000000
-0.431333	0.000000
-0.201693	0.000000
0.631430	0.000000
-0.109373	0.000000
-0.016473	0.000000
1.125836	0.000000
-0.098799	0.000000
-0.447101	0.000000
0.215866	0.000000
-0.170622	0.000000
-4.711094	0.000000
0.220364	0.000000
-0.711157	0.000000
-0.165079	0.000000
-0.079975	0.000000
-0.140672	0.000000
0.078961	0.000000
-0.267642	0.000000
-0.121243	0.000000
-0.224727	0.000000
-0.068436	0.000000
-0.299964	0.000000
-0.288578	0.000000
1.273880	0.000000
0.419156	0.000000
0.246378	0.000000
0.388676	0.000000
-0.199976	0.000000
0.102740	0.000000
1.222404	0.000000
0.000306	0.000000
0.412786	0.000000
1.935674	0.000000
-0.460569	0.000000
-0.978888	0.000000
-0.179011	0.000000
-0.105284	0.000000
-0.508147	0.000000
0.362967	0.000000
-0.270199	0.000000
0.145284	0.000000
0.616166	0.000000
0.361987	0.000000
0.000336	0.000000
0.096316	0.000000
-0.250932	0.000000
-1.037726	0.000000
0.000254	0.000000
0.768772	0.000000
0.698624	0.000000
0.239557	0.000000
-0.380686	0.000000
0.283722	0.000000
0.379590	0.000000
0.530371	0.000000
0.105258	0.000000
-0.181223	0.000000
-0.118104	0.000000
0.425228	0.000000
0.335021	0.000000
-0.107799	0.000000
1.161172	0.000000
-0.109721	0.000000
0.602031	0.000000
0.545357	0.000000
-0.187178	0.000000
-0.115223	0.000000
1.611304	0.000000
0.072159	0.000000
-0.426629	0.000000
0.337006	0.000000
-4.791697	0.000000
0.000244	0.000000
0.023661	0.000000
0.480414	0.000000
0.633469	0.000000
-1.179600	0.000000
0.574133	0.000000
-0.626962	0.000000
0.750078	0.000000
-0.685648	0.000000
-0.390048	0.000000
-0.270480	0.000000
-1.415376	0.000000
-0.628054	0.000000
0.410382	0.000000
-0.538070	0.000000
0.320092	0.000000
0.061645	0.000000
0.950870	0.000000
0.723867	0.000000
0.232221	0.000000
-1.146865	0.000000
0.000058	0.000000
1.538851	0.000000
-0.232747	0.000000
0.000050	0.000000
0.406667	0.000000
0.725401	0.000000
0.203209	0.000000
0.290632	0.000000
0.616189	0.000000
0.090863	0.000000
-0.487327	0.000000
-0.327060	0.000000
1.443204	0.000000
0.288577	0.000000
0.000280	0.000000
0.768549	0.000000
1.143238	0.000000
0.079863	0.000000
0.431550	0.000000
0.709335	0.000000
-0.151480	0.000000
0.059023	0.000000
-0.105176	0.000000
0.454154	0.000000
0.712174	0.000000
-0.424778	0.000000
0.402116	0.000000
0.593303	0.000000
-0.403746	0.000000
0.549035	0.000000
0.219031	0.000000
0.247863	0.000000
-0.093441	0.000000
0.197623	0.000000
-0.268076	0.000000
1.580768	0.000000
0.597989	0.000000
0.000078	0.000000
-0.109898	0.000000
-5.587966	0.000000
0.377486	0.000000
0.560682	0.000000
0.211215	0.000000
0.865550	0.000000
-0.076365	0.000000
0.809039	0.000000
0.374922	0.000000
0.617100	0.000000
0.540228	0.000000
0.306738	0.000000
1.132638	0.000000
0.628268	0.000000
0.984765	0.000000
0.508362	0.000000
0.220142	0.000000
1.006602	0.000000
1.086674	0.000000
2.823130	0.000000
-0.412697	0.000000
1.290577	0.000000
2.040030	0.000000
0.140224	0.000000
1.092549	0.000000
0.816578	0.000000
0.457672	0.000000
1.450897	0.000000
-1.082071	0.000000
1.488769	0.000000
1.144229	0.000000
-1.175661	0.000000
0.390007	0.000000
1.289324	0.000000
0.125771	0.000000
1.383910	0.000000
0.809822	0.000000
2.017836	0.000000
-0.571240	0.000000
0.000386	0.000000
1.066090	0.000000
1.276670	0.000000
-0.227527	0.000000
0.765884	0.000000
-0.375567	0.000000
0.091139	0.000000
0.949525	0.000000
1.397049	0.000000
0.535734	0.000000
0.593379	0.000000
0.706802	0.000000
0.329467	0.000000
-0.355709	0.000000
1.007955	0.000000
1.782817	0.000000
0.741132	0.000000
0.895077	0.000000
-0.359212	0.000000
0.170930	0.000000
0.420924	0.000000
-0.275148	0.000000
1.168645	0.000000
-6.581440	0.000000
1.681545	0.000000
0.176033	0.000000
-0.865342	0.000000
0.267966	0.000000
0.586616	0.000000
1.874847	0.000000
0.754602	0.000000
-0.269930	0.000000
0.378884	0.000000
-0.424338	0.000000
-0.209253	0.000000
1.436193	0.000000
-0.328675	0.000000
0.560146	0.000000
-0.534034	0.000000
-0.882446	0.000000
-0.289502	0.000000
-0.051595	0.000000
-1.218315	0.000000
0.329228	0.000000
1.608926	0.000000
-0.143178	0.000000
0.000044	0.000000
-0.355800	0.000000
-0.090596	0.000000
0.609013	0.000000
-0.181378	0.000000
0.000063	0.000000
0.633662	0.000000
0.487650	0.000000
-0.038402	0.000000
0.502077	0.000000
1.038079	0.000000
0.000101	0.000000
-0.960309	0.000000
-0.698320	0.000000
0.239739	0.000000
-0.050741	0.000000
-0.992405	0.000000
0.076002	0.000000
0.000264	0.000000
0.495900	0.000000
0.817634	0.000000
1.543088	0.000000
-0.181945	0.000000
-0.334484	0.000000
-0.161762	0.000000
0.454434	0.000000
0.549051	0.000000
-0.328357	0.000000
0.148789	0.000000
-0.187285	0.000000
-0.098754	0.000000
0.000159	0.000000
-0.071520	0.000000
-0.512127	0.000000
-0.672851	0.000000
0.495784	0.000000
-0.406260	0.000000
0.235947	0.000000
-2.802214	0.000000
0.563108	0.000000
0.314918	0.000000
1.224431	0.000000
-0.141538	0.000000
-0.749497	0.000000
1.028642	0.000000
0.150099	0.000000
-0.017942	0.000000
0.849402	0.000000
0.558727	0.000000
0.164231	0.000000
1.225691	0.000000
-0.519997	0.000000
0.431483	0.000000
-0.271270	0.000000
0.072703	0.000000
0.541777	0.000000
-0.501611	0.000000
-0.065602	0.000000
1.258888	0.000000
0.035848	0.000000
0.579590	0.000000
-0.508288	0.000000
-0.271793	0.000000
0.879658	0.000000
-0.798674	0.000000
1.232165	0.000000
0.362115	0.000000
0.682433	0.000000
0.154039	0.000000
0.690093	0.000000
0.230841	0.000000
-0.115621	0.000000
-0.576373	0.000000
0.635153	0.000000
0.877764	0.000000
-0.139563	0.000000
-0.141452	0.000000
0.607242	0.000000
-0.353455	0.000000
0.721255	0.000000
-0.816854	0.000000
-0.236929	0.000000
0.182479	0.000000
-1.204929	0.000000
-1.455720	0.000000
0.404058	0.000000
0.274590	0.000000
0.273664	0.000000
0.347040	0.000000
-0.280914	0.000000
0.033001	0.000000
1.074457	0.000000
-0.502521	0.000000
-0.085171	0.000000
0.000291	0.000000
0.605978	0.000000
0.609880	0.000000
0.306736	0.000000
0.400743	0.000000
-6.615793	0.000000
-0.943869	0.000000
-0.076324	0.000000
-0.525805	0.000000
0.299973	0.000000
-0.822565	0.000000
-0.690040	0.000000
-0.126175	0.000000
1.415740	0.000000
-0.348659	0.000000
0.697523	0.000000
0.807262	0.000000
-0.420064	0.000000
0.082202	0.000000
-1.154245	0.000000
0.361939	0.000000
0.541815	0.000000
-0.214708	0.000000
-0.394592	0.000000
-0.559406	0.000000
0.197022	0.000000
-0.395067	0.000000
-0.101391	0.000000
-0.906349	0.000000
-0.338058	0.000000
0.508507	0.000000
-0.879637	0.000000
-0.090382	0.000000
-0.291922	0.000000
0.057823	0.000000
-0.313526	0.000000
-0.057403	0.000000
-0.115453	0.000000
-0.383965	0.000000
-0.190500	0.000000
0.000434	0.000000
-0.038072	0.000000
-0.212668	0.000000
0.000195	0.000000
-0.412104	0.000000
-0.585951	0.000000
-0.907783	0.000000
0.949841	0.000000
-0.242662	0.000000
-0.066797	0.000000
-0.916619	0.000000
-0.756974	0.000000
0.027527	0.000000
-0.164062	0.000000
-0.082531	0.000000
0.750569	0.000000
0.115315	0.000000
-0.805125	0.000000
0.144067	0.000000
0.085891	0.000000
-1.598372	0.000000
-0.715881	0.000000
0.305030	0.000000
-0.684021	0.000000
-0.480377	0.000000
-0.316680	0.000000
-4.169286	0.000000
-0.803495	0.000000
-0.283105	0.000000
-0.224619	0.000000
-0.068513	0.000000
-0.179916	0.000000
0.072200	0.000000
0.566233	0.000000
0.349124	0.000000
0.369479	0.000000
-0.537925	0.000000
0.340167	0.000000
0.287632	0.000000
-0.475050	0.000000
-0.651407	0.000000
0.541892	0.000000
-0.214780	0.000000
-0.328904	0.000000
-0.699151	0.000000
0.286575	0.000000
-0.711098	0.000000
0.457585	0.000000
-1.541280	0.000000
-1.149765	0.000000
0.762469	0.000000
1.671665	0.000000
-0.361522	0.000000
1.365139	0.000000
0.365698	0.000000
0.753064	0.000000
-1.787244	0.000000
-1.098836	0.000000
-0.287738	0.000000
-0.380675	0.000000
-0.558087	0.000000
-0.253784	0.000000
0.071117	0.000000
-0.530861	0.000000
0.000150	0.000000
-0.120122	0.000000
-0.907659	0.000000
0.000103	0.000000
-0.121316	0.000000
1.004611	0.000000
-0.808601	0.000000
-1.009459	0.000000
0.000087	0.000000
0.519952	0.000000
-0.330405	0.000000
1.219580	0.000000
0.164773	0.000000
-0.536904	0.000000
0.503303	0.000000
1.025158	0.000000
-0.504406	0.000000
0.881345	0.000000
-0.507900	0.000000
-0.400961	0.000000
0.961270	0.000000
-0.281459	0.000000
-0.078564	0.000000
-6.389898	0.000000
-0.525798	0.000000
2.324582	0.000000
-0.891232	0.000000
0.180163	0.000000
0.108314	0.000000
-0.778208	0.000000
-0.418398	0.000000
0.041156	0.000000
-0.567825	0.000000
0.160137	0.000000
-0.472482	0.000000
-1.561580	0.000000
-1.374950	0.000000
0.774064	0.000000
-1.003516	0.000000
-0.263217	0.000000
0.350039	0.000000
0.250741	0.000000
0.790233	0.000000
0.152529	0.000000
-1.359732	0.000000
1.826558	0.000000
0.726316	0.000000
1.232179	0.000000
-2.351992	0.000000
0.000235	0.000000
0.461837	0.000000
-1.442767	0.000000
-0.172902	0.000000
-1.561227	0.000000
0.768722	0.000000
0.000105	0.000000
-1.196496	0.000000
0.025417	0.000000
-0.850680	0.000000
0.758851	0.000000
-1.472769	0.000000
0.661189	0.000000
0.091205	0.000000
0.000354	0.000000
-1.517993	0.000000
-0.468356	0.000000
-1.671363	0.000000
0.504877	0.000000
-0.329413	0.000000
1.012493	0.000000
-0.264334	0.000000
0.938410	0.000000
0.444680	0.000000
0.716076	0.000000
-0.646579	0.000000
-0.853844	0.000000
-1.514317	0.000000
-1.046393	0.000000
1.473332	0.000000
-0.141485	0.000000
-2.241747	0.000000
-0.246322	0.000000
0.236368	0.000000
-0.459106	0.000000
-6.998037	0.000000
0.825111	0.000000
1.645614	0.000000
-0.780153	0.000000
-0.072091	0.000000
-1.273675	0.000000
-3.210507	0.000000
-0.410270	0.000000
0.687695	0.000000
0.340091	0.000000
-0.246457	0.000000
-0.067812	0.000000
-0.506433	0.000000
-0.206262	0.000000
0.860533	0.000000
0.066081	0.000000
0.070179	0.000000
-0.035725	0.000000
0.342496	0.000000
0.254407	0.000000
0.635086	0.000000
-0.135278	0.000000
-1.089029	0.000000
0.000274	0.000000
0.814627	0.000000
-0.486890	0.000000
0.096232	0.000000
-0.564400	0.000000
-0.461225	0.000000
-0.173288	0.000000
0.288367	0.000000
0.381070	0.000000
-0.079482	0.000000
-0.253765	0.000000
0.212854	0.000000
-0.986090	0.000000
0.648091	0.000000
0.060144	0.000000
0.908346	0.000000
0.475043	0.000000
0.243173	0.000000
0.736765	0.000000
0.593309	0.000000
0.605916	0.000000
0.109846	0.000000
0.328474	0.000000
-0.479097	0.000000
-0.468927	0.000000
0.065890	0.000000
0.895309	0.000000
0.143755	0.000000
-0.426752	0.000000
1.093941	0.000000
-0.165161	0.000000
0.355861	0.000000
0.377514	0.000000
0.000226	0.000000
0.633588	0.000000
0.236033	0.000000
0.650528	0.000000
0.424780	0.000000
-2.924148	0.000000
0.343197	0.000000
0.240086	0.000000
-0.072150	0.000000
0.778598	0.000000
0.837673	0.000000
-0.492277	0.000000
-0.089627	0.000000
0.040070	0.000000
0.164357	0.000000
0.339625	0.000000
-0.651436	0.000000
-1.909092	0.000000
1.792475	0.000000
-0.328684	0.000000
0.349940	0.000000
0.197018	0.000000
-2.449654	0.000000
1.423290	0.000000
1.632351	0.000000
1.758840	0.000000
0.000024	0.000000
0.879894	0.000000
-0.271092	0.000000
-0.487300	0.000000
-0.134596	0.000000
1.568503	0.000000
-1.614026	0.000000
0.694228	0.000000
-0.576052	0.000000
0.317600	0.000000
-0.398547	0.000000
0.152365	0.000000
1.843911	0.000000
1.213849	0.000000
-1.119271	0.000000
-0.105127	0.000000
-0.907766	0.000000
-1.186444	0.000000
1.214665	0.000000
1.741231	0.000000
0.539346	0.000000
-0.656101	0.000000
-0.878327	0.000000
0.437895	0.000000
0.330560	0.000000
-0.187500	0.000000
0.032988	0.000000
0.089645	0.000000
0.359286	0.000000
0.256684	0.000000
0.084429	0.000000
-0.330430	0.000000
-0.507825	0.000000
0.023693	0.000000
1.201115	0.000000
0.176096	0.000000
0.157513	0.000000
0.000132	0.000000
0.788855	0.000000
0.824798	0.000000
-3.633780	0.000000
0.360232	0.000000
-0.378735	0.000000
-0.495201	0.000000
0.698346	0.000000
0.410463	0.000000
-0.328807	0.000000
0.380099	0.000000
0.410952	0.000000
0.000244	0.000000
-0.289142	0.000000
0.593483	0.000000
0.501935	0.000000
0.658298	0.000000
-0.279703	0.000000
-0.125270	0.000000
0.447801	0.000000
-1.168832	0.000000
-0.090177	0.000000
0.676733	0.000000
0.980491	0.000000
1.056255	0.000000
-0.813765	0.000000
-1.364638	0.000000
0.096271	0.000000
-0.439133	0.000000
2.940504	0.000000
-0.520271	0.000000
0.096316	0.000000
-0.253965	0.000000
0.399041	0.000000
0.304615	0.000000
-0.354236	0.000000
-0.303379	0.000000
-2.297243	0.000000
-0.570934	0.000000
0.272698	0.000000
0.593711	0.000000
-0.121331	0.000000
-1.472736	0.000000
0.377492	0.000000
-0.807514	0.000000
-0.192112	0.000000
0.410523	0.000000
0.264392	0.000000
0.281615	0.000000
0.872857	0.000000
1.163931	0.000000
1.652842	0.000000
-1.793351	0.000000
0.252660	0.000000
-0.826019	0.000000
0.203476	0.000000
-0.070765	0.000000
0.961134	0.000000
0.352022	0.000000
-0.392934	0.000000
0.306159	0.000000
-0.404426	0.000000
0.149964	0.000000
0.960169	0.000000
-6.811462	0.000000
0.000060	0.000000
0.141806	0.000000
-1.046904	0.000000
-0.287096	0.000000
0.747442	0.000000
0.100034	0.000000
1.684524	0.000000
1.222290	0.000000
0.941281	0.000000
0.412859	0.000000
0.717077	0.000000
1.842839	0.000000
2.797804	0.000000
-0.071590	0.000000
0.052819	0.000000
1.270796	0.000000
0.090723	0.000000
1.353048	0.000000
-0.145157	0.000000
-1.319306	0.000000
2.624111	0.000000
-1.461813	0.000000
-0.384782	0.000000
-0.376124	0.000000
0.288326	0.000000
1.503750	0.000000
0.480843	0.000000
-0.507763	0.000000
-0.079381	0.000000
-0.025325	0.000000
2.056680	0.000000
0.000407	0.000000
0.942654	0.000000
0.330634	0.000000
0.908188	0.000000
1.186894	0.000000
2.064809	0.000000
3.347978	0.000000
0.215994	0.000000
1.211683	0.000000
0.302031	0.000000
0.328465	0.000000
0.049597	0.000000
0.656772	0.000000
0.148234	0.000000
1.879616	0.000000
1.149577	0.000000
-1.281123	0.000000
0.168286	0.000000
-0.550550	0.000000
1.168633	0.000000
-0.259401	0.000000
0.320300	0.000000
1.055782	0.000000
1.258874	0.000000
1.109798	0.000000
0.485421	0.000000
-0.974711	0.000000
-0.685642	0.000000
0.330121	0.000000
-7.142941	0.000000
0.283234	0.000000
0.349305	0.000000
1.928623	0.000000
-0.149458	0.000000
0.480178	0.000000
0.287654	0.000000
1.697657	0.000000
-0.072220	0.000000
-0.025686	0.000000
0.430369	0.000000
0.526557	0.000000
0.279889	0.000000
0.071695	0.000000
-0.289687	0.000000
0.508341	0.000000
0.906871	0.000000
0.473664	0.000000
-0.072515	0.000000
1.496030	0.000000
-2.261673	0.000000
-1.559544	0.000000
0.096239	0.000000
-0.376175	0.000000
-0.115136	0.000000
0.462958	0.000000
-0.192045	0.000000
0.444626	0.000000
0.079811	0.000000
0.038082	0.000000
-1.985012	0.000000
0.075985	0.000000
1.001792	0.000000
0.105209	0.000000
0.545173	0.000000
0.356245	0.000000
0.303690	0.000000
1.004647	0.000000
1.078686	0.000000
0.555390	0.000000
-0.329288	0.000000
0.054747	0.000000
0.231366	0.000000
-0.843839	0.000000
-0.049322	0.000000
0.537235	0.000000
0.503178	0.000000
-0.341635	0.000000
1.682752	0.000000
-0.165226	0.000000
-1.422234	0.000000
-0.212178	0.000000
1.841658	0.000000
0.316720	0.000000
1.101680	0.000000
0.191381	0.000000
-0.020182	0.000000
0.524881	0.000000
0.274567	0.000000
0.600202	0.000000
0.018100	0.000000
-3.821445	0.000000
-1.674901	0.000000
0.164325	0.000000
-0.388483	0.000000
0.120044	0.000000
0.246610	0.000000
0.068160	0.000000
-0.578765	0.000000
0.232249	0.000000
0.215279	0.000000
0.329178	0.000000
-0.209545	0.000000
-0.232810	0.000000
0.289874	0.000000
0.711717	0.000000
-0.362200	0.000000
0.406172	0.000000
-0.326638	0.000000
-0.175579	0.000000
0.090820	0.000000
-0.974589	0.000000
0.057831	0.000000
-3.073831	0.000000
0.000010	0.000000
0.404938	0.000000
0.192526	0.000000
0.381165	0.000000
0.000170	0.000000
-0.139592	0.000000
-1.347123	0.000000
-1.289186	0.000000
-0.529914	0.000000
0.075191	0.000000
-0.453553	0.000000
-0.711690	0.000000
0.060939	0.000000
-0.200662	0.000000
0.377659	0.000000
-0.454293	0.000000
-0.576344	0.000000
0.328477	0.000000
0.495743	0.000000
0.469494	0.000000
0.164697	0.000000
0.537462	0.000000
0.862288	0.000000
-1.366566	0.000000
-0.420247	0.000000
-0.165014	0.000000
0.355665	0.000000
-0.165066	0.000000
1.281392	0.000000
0.528021	0.000000
0.708310	0.000000
0.076570	0.000000
-0.364036	0.000000
0.449973	0.000000
0.205979	0.000000
-0.240003	0.000000
-0.017946	0.000000
-1.485880	0.000000
-3.070729	0.000000
-1.558992	0.000000
0.209385	0.000000
0.240122	0.000000
-0.369699	0.000000
0.000063	0.000000
0.579303	0.000000
-0.619071	0.000000
0.502037	0.000000
-0.329005	0.000000
0.559514	0.000000
0.125393	0.000000
0.316200	0.000000
-0.254141	0.000000
0.272146	0.000000
-0.135248	0.000000
-1.197995	0.000000
-0.439880	0.000000
1.357140	0.000000
0.097674	0.000000
0.307959	0.000000
-0.627204	0.000000
0.230620	0.000000
0.231431	0.000000
0.096088	0.000000
-0.063221	0.000000
0.239416	0.000000
0.368088	0.000000
0.142114	0.000000
-0.530778	0.000000
-0.353427	0.000000
-0.120185	0.000000
-0.725988	0.000000
0.119215	0.000000
0.061055	0.000000
-0.200773	0.000000
0.377547	0.000000
1.363117	0.000000
0.302091	0.000000
0.383192	0.000000
0.082677	0.000000
1.876127	0.000000
0.016539	0.000000
-1.610897	0.000000
-0.862016	0.000000
-1.024736	0.000000
-0.504745	0.000000
0.275449	0.000000
0.660578	0.000000
0.495401	0.000000
0.240261	0.000000
0.527910	0.000000
0.629608	0.000000
0.727187	0.000000
0.222505	0.000000
-0.749665	0.000000
1.097424	0.000000
-0.089989	0.000000
0.306743	0.000000
-0.353495	0.000000
-0.209068	0.000000
-5.703115	0.000000
0.209389	0.000000
-0.260010	0.000000
0.082264	0.000000
0.950582	0.000000
3.040609	0.000000
-0.025791	0.000000
0.932093	0.000000
-0.855468	0.000000
-1.608544	0.000000
0.035835	0.000000
0.711213	0.000000
-0.813232	0.000000
-1.178475	0.000000
-1.149842	0.000000
1.670283	0.000000
0.791914	0.000000
-1.628398	0.000000
0.000267	0.000000
0.827509	0.000000
-0.627320	0.000000
0.865111	0.000000
-0.867435	0.000000
1.057201	0.000000
0.952706	0.000000
-0.637888	0.000000
0.025434	0.000000
-0.212599	0.000000
0.607179	0.000000
0.824929	0.000000
0.045146	0.000000
-1.361570	0.000000
-0.237359	0.000000
0.789796	0.000000
-0.937289	0.000000
-0.377194	0.000000
-0.252324	0.000000
-0.192116	0.000000
0.027390	0.000000
0.132257	0.000000
-1.407001	0.000000
-0.181143	0.000000
0.805669	0.000000
-0.358865	0.000000
2.648148	0.000000
0.336716	0.000000
-0.660848	0.000000
0.812997	0.000000
-0.424585	0.000000
0.881018	0.000000
0.563195	0.000000
-0.157219	0.000000
0.344567	0.000000
0.364153	0.000000
0.674831	0.000000
-1.371089	0.000000
0.660302	0.000000
0.198446	0.000000
-0.990526	0.000000
-0.348725	0.000000
0.738736	0.000000
-6.726031	0.000000
0.700176	0.000000
0.287696	0.000000
0.543243	0.000000
-0.651468	0.000000
0.232203	0.000000
-0.286421	0.000000
2.830024	0.000000
2.098181	0.000000
0.949267	0.000000
1.317091	0.000000
-1.219707	0.000000
2.176223	0.000000
2.029318	0.000000
-0.653486	0.000000
0.440293	0.000000
-0.271368	0.000000
0.877651	0.000000
0.288730	0.000000
0.941198	0.000000
0.461357	0.000000
0.289408	0.000000
-0.768422	0.000000
-0.698523	0.000000
-2.472780	0.000000
0.177747	0.000000
0.354577	0.000000
0.607059	0.000000
-0.471046	0.000000
0.871544	0.000000
-0.726074	0.000000
-0.355986	0.000000
1.275529	0.000000
-0.401510	0.000000
1.510152	0.000000
1.060128	0.000000
0.933376	0.000000
0.136870	0.000000
-0.033019	0.000000
0.375391	0.000000
-0.230556	0.000000
-0.536779	0.000000
0.934159	0.000000
-0.085302	0.000000
0.168435	0.000000
1.707681	0.000000
0.762193	0.000000
0.990897	0.000000
2.322203	0.000000
-0.211048	0.000000
0.393522	0.000000
0.459171	0.000000
0.465227	0.000000
-0.674465	0.000000
1.097092	0.000000
0.060033	0.000000
-0.108225	0.000000
-0.212264	0.000000
1.466078	0.000000
-0.164077	0.000000
0.448465	0.000000
-7.061363	0.000000
