0.015083	0.000000
0.013132	0.000000
0.116584	0.000000
0.087548	0.000000
0.141440	0.000000
0.079432	0.000000
4.535216	0.000000
0.301439	0.000000
0.048232	0.000000
0.087800	0.000000
1.227828	0.000000
0.851352	0.000000
0.141022	0.000000
0.252144	0.000000
0.341291	0.000000
0.529982	0.000000
0.076175	0.000000
0.034335	0.000000
0.099211	0.000000
0.395659	0.000000
0.207793	0.000000
0.183451	0.000000
-0.028588	0.000000
0.172571	0.000000
0.511018	0.000000
-1.294920	0.000000
0.150072	0.000000
0.001329	0.000000
0.197769	0.000000
0.203402	0.000000
0.225282	0.000000
0.030945	0.000000
0.106951	0.000000
0.274681	0.000000
0.089297	0.000000
0.198303	0.000000
0.081309	0.000000
0.219219	0.000000
0.389775	0.000000
0.039971	0.000000
0.543464	0.000000
0.010553	0.000000
0.011085	0.000000
0.223419	0.000000
0.059251	0.000000
0.060094	0.000000
0.007639	0.000000
0.250720	0.000000
0.004995	0.000000
-0.066957	0.000000
0.691014	0.000000
0.029584	0.000000
0.046835	0.000000
-0.504746	0.000000
0.075526	0.000000
0.287634	0.000000
0.122747	0.000000
0.307540	0.000000
0.128857	0.000000
0.026692	0.000000
0.106867	0.000000
0.006541	0.000000
0.113037	0.000000
0.196407	0.000000
0.151115	0.000000
0.101209	0.000000
0.228182	0.000000
0.638111	0.000000
0.053524	0.000000
0.157408	0.000000
0.427542	0.000000
1.188124	0.000000
1.541865	0.000000
0.155542	0.000000
0.405187	0.000000
0.069400	0.000000
2.297704	0.000000
0.025787	0.000000
0.017894	0.000000
0.209969	0.000000
0.523221	0.000000
0.114609	0.000000
0.053559	0.000000
-0.067157	0.000000
0.415371	0.000000
0.165090	0.000000
0.339300	0.000000
0.010671	0.000000
0.079460	0.000000
0.120172	0.000000
0.193284	0.000000
0.151223	0.000000
0.084864	0.000000
0.082210	0.000000
0.285715	0.000000
0.253569	0.000000
0.016596	0.000000
0.348978	0.000000
1.447451	0.000000
0.016432	0.000000
0.187475	0.000000
0.017260	0.000000
0.011314	0.000000
0.360190	0.000000
0.067020	0.000000
0.230429	0.000000
0.101540	0.000000
1.476795	0.000000
0.111840	0.000000
7.712763	0.000000
0.088494	0.000000
0.022782	0.000000
0.374658	0.000000
0.238152	0.000000
0.123693	0.000000
0.341230	0.000000
0.158444	0.000000
0.485705	0.000000
-0.000167	0.000000
0.142933	0.000000
0.275104	0.000000
0.094126	0.000000
0.000448	0.000000
2.888234	0.000000
-0.000208	0.000000
0.828170	0.000000
0.891827	0.000000
1.714213	0.000000
2.498616	0.000000
1.482382	0.000000
0.922375	0.000000
0.288258	0.000000
0.213345	0.000000
1.289258	0.000000
0.711389	0.000000
0.375983	0.000000
0.127352	0.000000
0.023003	0.000000
-0.015108	0.000000
0.175467	0.000000
0.194636	0.000000
0.359339	0.000000
0.006663	0.000000
0.387583	0.000000
0.101742	0.000000
0.261202	0.000000
7.049744	0.000000
0.034761	0.000000
4.850703	0.000000
0.072644	0.000000
0.188598	0.000000
0.040721	0.000000
0.290599	0.000000
0.193281	0.000000
0.130938	0.000000
0.934499	0.000000
0.440259	0.000000
0.151286	0.000000
1.997230	0.000000
0.080392	0.000000
0.219825	0.000000
0.010512	0.000000
0.001758	0.000000
0.545536	0.000000
0.200924	0.000000
1.507683	0.000000
0.126584	0.000000
0.514012	0.000000
0.011426	0.000000
0.159058	0.000000
1.001753	0.000000
0.144204	0.000000
0.142913	0.000000
0.249130	0.000000
0.073224	0.000000
1.484116	0.000000
0.144222	0.000000
0.062431	0.000000
1.475078	0.000000
0.064770	0.000000
0.206622	0.000000
0.062363	0.000000
1.485363	0.000000
0.013563	0.000000
0.830601	0.000000
0.187393	0.000000
2.075438	0.000000
0.174998	0.000000
0.059089	0.000000
0.046195	0.000000
0.332434	0.000000
2.189362	0.000000
-0.154311	0.000000
1.613013	0.000000
0.370316	0.000000
5.399619	0.000000
0.166149	0.000000
0.141063	0.000000
0.399808	0.000000
0.488263	0.000000
-0.028546	0.000000
1.204109	0.000000
0.015437	0.000000
1.233516	0.000000
0.634897	0.000000
0.582866	0.000000
0.324410	0.000000
0.237112	0.000000
0.252187	0.000000
0.205529	0.000000
0.646653	0.000000
0.429820	0.000000
0.348991	0.000000
0.172782	0.000000
0.210305	0.000000
0.280279	0.000000
5.957524	0.000000
0.154308	0.000000
0.368921	0.000000
0.040391	0.000000
-0.543761	0.000000
-0.051233	0.000000
0.016928	0.000000
0.210390	0.000000
-0.040178	0.000000
0.329446	0.000000
0.068828	0.000000
0.688794	0.000000
0.002928	0.000000
0.145324	0.000000
-0.054129	0.000000
0.028256	0.000000
0.854406	0.000000
0.177479	0.000000
0.049061	0.000000
0.140738	0.000000
5.758966	0.000000
0.107606	0.000000
0.228797	0.000000
0.248809	0.000000
0.120664	0.000000
0.024132	0.000000
0.048547	0.000000
0.027080	0.000000
0.019839	0.000000
0.328256	0.000000
0.127506	0.000000
0.361888	0.000000
0.049589	0.000000
0.039860	0.000000
-5.118719	0.000000
0.377487	0.000000
0.214520	0.000000
3.294096	0.000000
0.213835	0.000000
0.369685	0.000000
0.058664	0.000000
0.015728	0.000000
0.019247	0.000000
0.112016	0.000000
0.089667	0.000000
0.020977	0.000000
0.019340	0.000000
0.063465	0.000000
0.176735	0.000000
0.176637	0.000000
1.018078	0.000000
0.012722	0.000000
1.618150	0.000000
0.301967	0.000000
0.154751	0.000000
0.107339	0.000000
0.102027	0.000000
0.564727	0.000000
0.203469	0.000000
0.022373	0.000000
1.497362	0.000000
0.085505	0.000000
0.419525	0.000000
0.022710	0.000000
0.156696	0.000000
-0.009661	0.000000
0.017122	0.000000
0.157881	0.000000
-0.077167	0.000000
0.175318	0.000000
0.040475	0.000000
-0.288058	0.000000
0.020172	0.000000
0.063189	0.000000
0.107678	0.000000
0.912989	0.000000
0.118935	0.000000
-0.154669	0.000000
0.000584	0.000000
0.040493	0.000000
0.019272	0.000000
2.017405	0.000000
0.234892	0.000000
0.089189	0.000000
0.240195	0.000000
0.045131	0.000000
0.769088	0.000000
0.857775	0.000000
0.428094	0.000000
0.017096	0.000000
0.510964	0.000000
1.002457	0.000000
0.120582	0.000000
-0.082654	0.000000
0.192298	0.000000
0.714004	0.000000
0.595423	0.000000
-0.053677	0.000000
0.271188	0.000000
0.213414	0.000000
0.100845	0.000000
0.024161	0.000000
0.016579	0.000000
0.225234	0.000000
1.157471	0.000000
0.688789	0.000000
0.095122	0.000000
0.193212	0.000000
0.062200	0.000000
0.251240	0.000000
0.755516	0.000000
0.037683	0.000000
0.079008	0.000000
0.132360	0.000000
2.860134	0.000000
0.309757	0.000000
6.192637	0.000000
-0.046360	0.000000
0.319632	0.000000
0.155678	0.000000
0.211773	0.000000
0.140111	0.000000
0.310286	0.000000
0.272783	0.000000
4.557710	0.000000
0.009367	0.000000
0.001549	0.000000
-0.032045	0.000000
0.070129	0.000000
1.066496	0.000000
0.062629	0.000000
0.824434	0.000000
0.006988	0.000000
-0.022963	0.000000
-0.022467	0.000000
0.074546	0.000000
2.216009	0.000000
0.295176	0.000000
7.753164	0.000000
0.184035	0.000000
0.333539	0.000000
0.111226	0.000000
0.169110	0.000000
0.022224	0.000000
6.477284	0.000000
0.039586	0.000000
0.184149	0.000000
1.087560	0.000000
0.098698	0.000000
0.162435	0.000000
0.022485	0.000000
0.272470	0.000000
0.164376	0.000000
0.106150	0.000000
0.463446	0.000000
0.560606	0.000000
0.244673	0.000000
1.422454	0.000000
0.503287	0.000000
0.108334	0.000000
1.751482	0.000000
0.158553	0.000000
0.015162	0.000000
0.641416	0.000000
0.525034	0.000000
0.577601	0.000000
1.018197	0.000000
0.211839	0.000000
1.754031	0.000000
0.159360	0.000000
-0.002407	0.000000
0.122163	0.000000
0.419879	0.000000
0.344413	0.000000
0.109769	0.000000
0.069050	0.000000
0.149729	0.000000
0.089874	0.000000
-0.032743	0.000000
0.185052	0.000000
0.531964	0.000000
0.182139	0.000000
1.579842	0.000000
0.103971	0.000000
0.467854	0.000000
0.018577	0.000000
0.005066	0.000000
0.510328	0.000000
0.051256	0.000000
0.248723	0.000000
0.047243	0.000000
0.992118	0.000000
0.038395	0.000000
-0.127375	0.000000
0.128491	0.000000
0.028965	0.000000
0.108341	0.000000
0.996077	0.000000
0.100322	0.000000
0.863162	0.000000
0.055235	0.000000
0.098450	0.000000
0.546175	0.000000
0.271017	0.000000
0.427642	0.000000
0.155105	0.000000
0.620379	0.000000
0.053938	0.000000
0.497204	0.000000
0.304943	0.000000
0.232125	0.000000
0.005694	0.000000
2.627009	0.000000
0.109806	0.000000
0.213071	0.000000
0.313930	0.000000
0.207982	0.000000
-0.012250	0.000000
1.067682	0.000000
0.194063	0.000000
0.052870	0.000000
-0.197170	0.000000
0.066650	0.000000
0.413872	0.000000
0.232007	0.000000
-0.200673	0.000000
0.014108	0.000000
0.132635	0.000000
0.766300	0.000000
0.176366	0.000000
0.537131	0.000000
0.435920	0.000000
0.096024	0.000000
4.185153	0.000000
0.153727	0.000000
0.671615	0.000000
0.105111	0.000000
1.062848	0.000000
0.175121	0.000000
0.172596	0.000000
0.205787	0.000000
0.114721	0.000000
0.481712	0.000000
0.064865	0.000000
0.699936	0.000000
0.015680	0.000000
0.001259	0.000000
0.184510	0.000000
-0.007967	0.000000
0.199209	0.000000
-0.017177	0.000000
-0.714986	0.000000
0.024741	0.000000
0.110110	0.000000
1.801006	0.000000
0.020032	0.000000
0.068726	0.000000
2.761009	0.000000
0.024603	0.000000
0.217192	0.000000
0.652094	0.000000
0.103476	0.000000
0.250797	0.000000
0.040838	0.000000
0.193326	0.000000
0.038020	0.000000
5.374517	0.000000
0.128275	0.000000
0.300010	0.000000
0.308976	0.000000
1.768546	0.000000
5.400987	0.000000
0.004295	0.000000
7.619240	0.000000
0.497829	0.000000
0.292573	0.000000
0.153977	0.000000
0.416095	0.000000
0.261603	0.000000
0.250623	0.000000
0.123504	0.000000
0.037854	0.000000
0.050163	0.000000
0.470497	0.000000
0.263810	0.000000
0.572780	0.000000
0.027712	0.000000
1.219286	0.000000
0.268910	0.000000
0.266914	0.000000
0.350752	0.000000
0.133823	0.000000
0.134162	0.000000
0.955572	0.000000
0.251153	0.000000
0.198732	0.000000
0.149514	0.000000
0.156641	0.000000
0.630698	0.000000
0.064390	0.000000
0.419148	0.000000
0.173523	0.000000
3.448314	0.000000
0.331941	0.000000
0.161474	0.000000
0.013448	0.000000
0.003495	0.000000
0.079090	0.000000
5.520791	0.000000
0.379101	0.000000
0.118318	0.000000
0.237797	0.000000
0.004864	0.000000
0.035934	0.000000
0.260663	0.000000
0.369657	0.000000
0.097617	0.000000
0.143728	0.000000
0.046143	0.000000
0.213620	0.000000
0.097888	0.000000
0.230015	0.000000
0.928575	0.000000
0.802151	0.000000
-0.167640	0.000000
0.056912	0.000000
1.603907	0.000000
0.082629	0.000000
-0.011625	0.000000
0.090095	0.000000
0.090124	0.000000
0.091234	0.000000
-5.334239	0.000000
0.004895	0.000000
1.030211	0.000000
0.092239	0.000000
0.424611	0.000000
0.322130	0.000000
2.059312	0.000000
-0.066875	0.000000
0.086272	0.000000
0.042259	0.000000
0.012085	0.000000
5.299204	0.000000
0.334753	0.000000
1.085179	0.000000
0.054407	0.000000
0.154001	0.000000
0.760473	0.000000
0.364418	0.000000
0.077157	0.000000
0.030456	0.000000
0.092565	0.000000
0.129287	0.000000
0.338039	0.000000
0.066397	0.000000
0.080533	0.000000
0.117652	0.000000
0.081578	0.000000
-0.125282	0.000000
0.265015	0.000000
0.260590	0.000000
2.071897	0.000000
0.071903	0.000000
0.300618	0.000000
0.060578	0.000000
0.001276	0.000000
-0.032113	0.000000
0.128057	0.000000
0.357924	0.000000
0.007526	0.000000
0.586536	0.000000
0.040019	0.000000
0.035812	0.000000
0.461328	0.000000
0.206697	0.000000
0.370239	0.000000
0.821327	0.000000
0.015349	0.000000
0.498911	0.000000
0.345562	0.000000
0.032498	0.000000
1.798260	0.000000
0.195007	0.000000
1.300491	0.000000
0.051747	0.000000
0.238271	0.000000
0.016889	0.000000
5.031556	0.000000
0.049199	0.000000
0.557609	0.000000
0.310168	0.000000
0.021820	0.000000
0.202170	0.000000
0.029585	0.000000
0.022827	0.000000
0.151244	0.000000
0.410081	0.000000
0.205080	0.000000
0.817856	0.000000
0.168104	0.000000
0.026528	0.000000
0.013289	0.000000
-0.061810	0.000000
0.362999	0.000000
0.476457	0.000000
0.056928	0.000000
0.090269	0.000000
0.112307	0.000000
0.200917	0.000000
1.058791	0.000000
0.003459	0.000000
0.076329	0.000000
0.483373	0.000000
0.462232	0.000000
1.132996	0.000000
0.922438	0.000000
0.250525	0.000000
0.134390	0.000000
0.100925	0.000000
0.409479	0.000000
0.102398	0.000000
3.881997	0.000000
-0.011713	0.000000
0.118826	0.000000
-0.000481	0.000000
0.021359	0.000000
1.017245	0.000000
0.599164	0.000000
0.104063	0.000000
0.029221	0.000000
0.324645	0.000000
0.008138	0.000000
0.253659	0.000000
0.165377	0.000000
0.257553	0.000000
0.070491	0.000000
0.175754	0.000000
0.012917	0.000000
0.134900	0.000000
0.047251	0.000000
0.036186	0.000000
0.262002	0.000000
0.023517	0.000000
0.922314	0.000000
-0.046639	0.000000
0.135458	0.000000
1.306822	0.000000
0.238363	0.000000
0.188995	0.000000
0.234084	0.000000
0.205843	0.000000
0.022835	0.000000
0.044665	0.000000
0.174451	0.000000
0.046345	0.000000
-0.024379	0.000000
0.313148	0.000000
1.212724	0.000000
0.107231	0.000000
0.127844	0.000000
0.154509	0.000000
0.022143	0.000000
2.205381	0.000000
0.383217	0.000000
1.852383	0.000000
0.030511	0.000000
0.138712	0.000000
0.201731	0.000000
0.084652	0.000000
0.540116	0.000000
0.001466	0.000000
-0.642587	0.000000
0.296898	0.000000
0.132035	0.000000
2.534812	0.000000
0.026397	0.000000
0.369581	0.000000
0.084089	0.000000
0.336972	0.000000
0.232673	0.000000
-0.045487	0.000000
0.219348	0.000000
0.076260	0.000000
0.525698	0.000000
0.019686	0.000000
0.010390	0.000000
0.279763	0.000000
0.043624	0.000000
0.713565	0.000000
0.041214	0.000000
0.369378	0.000000
0.006006	0.000000
0.036267	0.000000
0.251986	0.000000
0.072252	0.000000
0.025514	0.000000
0.404117	0.000000
0.170368	0.000000
0.219683	0.000000
0.067564	0.000000
0.096001	0.000000
0.129213	0.000000
0.241709	0.000000
0.144280	0.000000
0.343126	0.000000
-0.050187	0.000000
0.975526	0.000000
0.683006	0.000000
0.340186	0.000000
0.440141	0.000000
0.295245	0.000000
0.029671	0.000000
0.359283	0.000000
0.113009	0.000000
0.155804	0.000000
0.019121	0.000000
0.169364	0.000000
0.080179	0.000000
0.069799	0.000000
0.519938	0.000000
0.014287	0.000000
0.018891	0.000000
0.160314	0.000000
0.400333	0.000000
0.188349	0.000000
0.017490	0.000000
0.081609	0.000000
7.642571	0.000000
0.187747	0.000000
0.326695	0.000000
0.011210	0.000000
-0.018789	0.000000
2.613341	0.000000
0.099158	0.000000
0.743426	0.000000
0.109092	0.000000
0.158621	0.000000
0.096927	0.000000
0.135941	0.000000
0.154120	0.000000
0.065749	0.000000
0.384479	0.000000
0.179995	0.000000
-0.082922	0.000000
0.025808	0.000000
0.012557	0.000000
0.104557	0.000000
0.033626	0.000000
0.076600	0.000000
0.045524	0.000000
0.257833	0.000000
0.011386	0.000000
0.049431	0.000000
0.334793	0.000000
0.098109	0.000000
0.036088	0.000000
-0.002672	0.000000
0.050677	0.000000
0.113014	0.000000
0.039363	0.000000
0.289998	0.000000
0.275216	0.000000
1.562714	0.000000
0.237294	0.000000
0.024726	0.000000
0.283543	0.000000
0.579372	0.000000
0.797403	0.000000
0.039891	0.000000
1.121410	0.000000
0.156540	0.000000
0.188645	0.000000
0.096539	0.000000
0.742126	0.000000
-0.351328	0.000000
0.195841	0.000000
0.015434	0.000000
0.637329	0.000000
-0.094413	0.000000
0.120330	0.000000
0.058346	0.000000
0.020005	0.000000
-0.446954	0.000000
0.207439	0.000000
0.295908	0.000000
0.100247	0.000000
0.291190	0.000000
0.894032	0.000000
0.493021	0.000000
0.402259	0.000000
0.073004	0.000000
0.072998	0.000000
4.296587	0.000000
0.431823	0.000000
0.352327	0.000000
0.211721	0.000000
0.296838	0.000000
0.196860	0.000000
6.459926	0.000000
0.058394	0.000000
0.174608	0.000000
0.143849	0.000000
0.068102	0.000000
0.271069	0.000000
0.025476	0.000000
0.002633	0.000000
0.255999	0.000000
0.135826	0.000000
0.208430	0.000000
0.049263	0.000000
0.611086	0.000000
0.019033	0.000000
0.386170	0.000000
0.641042	0.000000
-0.004490	0.000000
-0.018889	0.000000
-0.150898	0.000000
0.040454	0.000000
1.432311	0.000000
1.260563	0.000000
0.044987	0.000000
0.585241	0.000000
0.095433	0.000000
0.311643	0.000000
0.042135	0.000000
0.204943	0.000000
0.170899	0.000000
0.126047	0.000000
0.092083	0.000000
0.858326	0.000000
0.592882	0.000000
0.050486	0.000000
0.609984	0.000000
0.266406	0.000000
0.479203	0.000000
0.091627	0.000000
0.491924	0.000000
0.036579	0.000000
0.080518	0.000000
0.101949	0.000000
0.025893	0.000000
0.008166	0.000000
0.206945	0.000000
0.194021	0.000000
7.370097	0.000000
0.023779	0.000000
-0.512615	0.000000
0.126810	0.000000
0.050350	0.000000
0.306723	0.000000
0.001205	0.000000
0.062673	0.000000
0.586018	0.000000
0.165825	0.000000
0.257519	0.000000
0.058397	0.000000
0.201403	0.000000
0.087445	0.000000
0.116785	0.000000
0.239380	0.000000
0.117221	0.000000
1.162997	0.000000
0.122761	0.000000
2.462234	0.000000
0.009786	0.000000
0.002801	0.000000
0.401948	0.000000
0.043703	0.000000
0.313967	0.000000
0.100146	0.000000
1.178246	0.000000
0.007057	0.000000
0.044871	0.000000
0.231794	0.000000
0.082996	0.000000
0.319686	0.000000
0.182482	0.000000
0.059365	0.000000
0.348502	0.000000
0.066133	0.000000
0.576707	0.000000
0.891014	0.000000
0.517742	0.000000
0.919564	0.000000
0.015762	0.000000
0.102237	0.000000
2.103769	0.000000
0.466794	0.000000
0.146437	0.000000
0.209082	0.000000
0.279373	0.000000
0.070324	0.000000
0.038819	0.000000
-0.756512	0.000000
0.206505	0.000000
0.046332	0.000000
0.136804	0.000000
0.168331	0.000000
0.019859	0.000000
0.131314	0.000000
0.205644	0.000000
0.005351	0.000000
0.343261	0.000000
0.415250	0.000000
0.088924	0.000000
0.071568	0.000000
0.113368	0.000000
1.037969	0.000000
-0.533273	0.000000
-0.009702	0.000000
0.012049	0.000000
0.079760	0.000000
0.124422	0.000000
6.232260	0.000000
0.174394	0.000000
0.060902	0.000000
0.034030	0.000000
0.108697	0.000000
0.117623	0.000000
0.182897	0.000000
0.127730	0.000000
1.217886	0.000000
0.112362	0.000000
-0.347313	0.000000
0.075478	0.000000
0.003988	0.000000
0.097000	0.000000
0.021941	0.000000
0.644745	0.000000
0.002555	0.000000
0.355303	0.000000
0.003664	0.000000
0.117409	0.000000
-0.184211	0.000000
0.057801	0.000000
0.001713	0.000000
0.110260	0.000000
0.691863	0.000000
0.684531	0.000000
0.376084	0.000000
0.132979	0.000000
0.429221	0.000000
0.452299	0.000000
0.410531	0.000000
0.823011	0.000000
0.132383	0.000000
0.469900	0.000000
0.059323	0.000000
0.053364	0.000000
-3.078597	0.000000
0.101583	0.000000
0.045908	0.000000
0.134644	0.000000
0.226404	0.000000
0.300122	0.000000
1.143030	0.000000
0.164926	0.000000
0.247241	0.000000
0.314984	0.000000
0.010941	0.000000
5.550362	0.000000
0.252954	0.000000
0.493439	0.000000
0.535541	0.000000
0.342229	0.000000
0.027802	0.000000
0.210684	0.000000
0.134558	0.000000
0.574211	0.000000
0.217627	0.000000
0.012647	0.000000
0.069889	0.000000
0.152722	0.000000
0.232345	0.000000
2.976241	0.000000
0.275031	0.000000
0.101904	0.000000
0.833330	0.000000
0.086477	0.000000
0.372550	0.000000
0.113354	0.000000
0.698095	0.000000
0.270671	0.000000
0.262959	0.000000
0.014227	0.000000
0.001184	0.000000
0.132010	0.000000
0.076519	0.000000
1.378007	0.000000
0.107993	0.000000
0.333023	0.000000
0.069598	0.000000
-0.055128	0.000000
0.166925	0.000000
0.079527	0.000000
0.156062	0.000000
0.110432	0.000000
-0.053456	0.000000
1.504130	0.000000
0.283354	0.000000
3.843653	0.000000
0.170225	0.000000
1.098462	0.000000
0.165565	0.000000
0.044639	0.000000
0.105366	0.000000
-0.297199	0.000000
-0.067186	0.000000
0.068995	0.000000
0.937409	0.000000
1.670673	0.000000
0.034748	0.000000
0.075092	0.000000
0.247018	0.000000
1.188795	0.000000
0.063630	0.000000
0.212875	0.000000
0.198364	0.000000
0.729703	0.000000
7.093803	0.000000
0.003678	0.000000
0.024308	0.000000
0.137462	0.000000
0.103637	0.000000
1.710605	0.000000
0.022557	0.000000
2.054250	0.000000
0.189159	0.000000
0.212693	0.000000
0.344690	0.000000
0.025431	0.000000
0.335479	0.000000
0.308146	0.000000
0.123494	0.000000
0.551260	0.000000
0.340609	0.000000
4.766189	0.000000
0.352070	0.000000
0.307194	0.000000
0.017520	0.000000
6.340932	0.000000
0.659543	0.000000
0.266339	0.000000
0.316920	0.000000
0.018690	0.000000
0.006945	0.000000
0.292958	0.000000
0.019761	0.000000
0.663641	0.000000
0.112508	0.000000
0.320508	0.000000
0.002711	0.000000
0.054331	0.000000
0.327807	0.000000
0.139712	0.000000
0.422937	0.000000
0.278798	0.000000
0.036996	0.000000
6.205060	0.000000
-0.036435	0.000000
0.107343	0.000000
0.416350	0.000000
0.062393	0.000000
0.964617	0.000000
0.033112	0.000000
0.137815	0.000000
2.815861	0.000000
0.243079	0.000000
0.072603	0.000000
0.356952	0.000000
0.795448	0.000000
0.091090	0.000000
0.170380	0.000000
0.437094	0.000000
-0.006000	0.000000
0.137330	0.000000
0.214186	0.000000
0.135125	0.000000
0.057587	0.000000
1.095411	0.000000
0.025745	0.000000
0.001838	0.000000
0.105224	0.000000
0.342626	0.000000
0.756844	0.000000
0.034021	0.000000
0.132583	0.000000
0.111011	0.000000
0.179588	0.000000
-0.144142	0.000000
0.179219	0.000000
0.057270	0.000000
0.799720	0.000000
0.066047	0.000000
0.153890	0.000000
0.186784	0.000000
-0.064333	0.000000
0.125693	0.000000
0.249614	0.000000
-0.069401	0.000000
0.307574	0.000000
-1.971112	0.000000
7.776761	0.000000
0.540018	0.000000
-0.000730	0.000000
0.004366	0.000000
0.198062	0.000000
0.027842	0.000000
-0.196111	0.000000
0.042195	0.000000
0.486207	0.000000
-0.001429	0.000000
0.294119	0.000000
0.391937	0.000000
0.430396	0.000000
0.070841	0.000000
0.466443	0.000000
0.608534	0.000000
-0.013910	0.000000
0.046240	0.000000
0.053945	0.000000
0.734522	0.000000
0.055607	0.000000
0.322984	0.000000
0.037470	0.000000
0.047513	0.000000
0.548889	0.000000
0.209347	0.000000
0.111186	0.000000
0.202036	0.000000
0.207957	0.000000
0.124128	0.000000
1.958450	0.000000
0.435942	0.000000
5.842493	0.000000
0.153854	0.000000
0.116355	0.000000
0.162815	0.000000
0.154889	0.000000
0.182203	0.000000
0.017475	0.000000
-0.002159	0.000000
0.013362	0.000000
0.131850	0.000000
1.136468	0.000000
0.051631	0.000000
0.506411	0.000000
0.543781	0.000000
0.289800	0.000000
0.857269	0.000000
-0.026463	0.000000
0.294926	0.000000
0.512221	0.000000
0.069257	0.000000
0.098627	0.000000
0.505754	0.000000
0.096410	0.000000
2.347440	0.000000
-0.137830	0.000000
2.424340	0.000000
0.166970	0.000000
3.232989	0.000000
0.061120	0.000000
0.189509	0.000000
0.005501	0.000000
0.007048	0.000000
0.151193	0.000000
0.102332	0.000000
0.266474	0.000000
0.127745	0.000000
1.226652	0.000000
0.017583	0.000000
0.429827	0.000000
3.113272	0.000000
0.150777	0.000000
-0.178156	0.000000
0.154137	0.000000
0.105047	0.000000
0.324429	0.000000
0.100280	0.000000
0.189319	0.000000
0.321379	0.000000
-0.075750	0.000000
0.262666	0.000000
0.027192	0.000000
0.047409	0.000000
0.032078	0.000000
0.085324	0.000000
0.249501	0.000000
1.157351	0.000000
0.381773	0.000000
0.013962	0.000000
0.131567	0.000000
0.605208	0.000000
0.602234	0.000000
0.521017	0.000000
0.178990	0.000000
0.332394	0.000000
-0.237772	0.000000
0.319152	0.000000
0.027080	0.000000
0.017582	0.000000
0.161330	0.000000
0.024965	0.000000
0.570166	0.000000
-0.023798	0.000000
0.111483	0.000000
0.198320	0.000000
0.254976	0.000000
0.075329	0.000000
0.019080	0.000000
0.445922	0.000000
0.184187	0.000000
0.256784	0.000000
5.797714	0.000000
0.819181	0.000000
6.322086	0.000000
0.092653	0.000000
0.264402	0.000000
0.201058	0.000000
0.290923	0.000000
0.354960	0.000000
0.239329	0.000000
0.144841	0.000000
0.014635	0.000000
0.012378	0.000000
0.080992	0.000000
0.019844	0.000000
0.390311	0.000000
0.077152	0.000000
0.235963	0.000000
0.008226	0.000000
0.043902	0.000000
0.091022	0.000000
0.068687	0.000000
-0.085067	0.000000
0.384795	0.000000
0.207007	0.000000
0.492489	0.000000
0.170981	0.000000
0.102826	0.000000
0.524383	0.000000
0.123217	0.000000
0.162006	0.000000
0.012999	0.000000
0.074463	0.000000
0.526837	0.000000
0.109956	0.000000
0.117181	0.000000
0.472336	0.000000
0.841947	0.000000
-0.068032	0.000000
0.283134	0.000000
-0.384675	0.000000
0.620788	0.000000
0.080471	0.000000
-0.027139	0.000000
7.444348	0.000000
0.079801	0.000000
0.188216	0.000000
0.212534	0.000000
0.032275	0.000000
1.855165	0.000000
0.235552	0.000000
0.032969	0.000000
0.114717	0.000000
0.153361	0.000000
1.522949	0.000000
0.330197	0.000000
0.149379	0.000000
0.006920	0.000000
0.082001	0.000000
0.061768	0.000000
0.206368	0.000000
0.256647	0.000000
-0.109697	0.000000
0.152217	0.000000
-0.018606	0.000000
0.217208	0.000000
0.076852	0.000000
1.027857	0.000000
1.936967	0.000000
0.035491	0.000000
0.272975	0.000000
0.045507	0.000000
0.005837	0.000000
1.105885	0.000000
0.040681	0.000000
0.252105	0.000000
0.024865	0.000000
0.359182	0.000000
0.028491	0.000000
0.056049	0.000000
0.166427	0.000000
0.120506	0.000000
0.051408	0.000000
0.680133	0.000000
0.184216	0.000000
0.059415	0.000000
0.126217	0.000000
0.437258	0.000000
0.541273	0.000000
0.124504	0.000000
0.838331	0.000000
0.073873	0.000000
0.057610	0.000000
0.115400	0.000000
0.193374	0.000000
0.291381	0.000000
4.783037	0.000000
0.163943	0.000000
0.017390	0.000000
0.098204	0.000000
0.603062	0.000000
0.247937	0.000000
0.106400	0.000000
0.472106	0.000000
0.244400	0.000000
0.303402	0.000000
0.121291	0.000000
0.027931	0.000000
0.034580	0.000000
0.392038	0.000000
0.178287	0.000000
0.603925	0.000000
0.002167	0.000000
0.212540	0.000000
0.305496	0.000000
0.094129	0.000000
0.552732	0.000000
0.024626	0.000000
0.107607	0.000000
0.421842	0.000000
0.097552	0.000000
0.111686	0.000000
-0.001363	0.000000
-0.087624	0.000000
0.115703	0.000000
0.394407	0.000000
0.128932	0.000000
0.082722	0.000000
0.440003	0.000000
0.040224	0.000000
2.375972	0.000000
0.010555	0.000000
0.001190	0.000000
0.395030	0.000000
0.055160	0.000000
0.212870	0.000000
0.104543	0.000000
0.280971	0.000000
0.006023	0.000000
0.303941	0.000000
0.227571	0.000000
7.604829	0.000000
0.498993	0.000000
3.031919	0.000000
0.050370	0.000000
0.295379	0.000000
0.102521	0.000000
0.254303	0.000000
0.140611	0.000000
0.254019	0.000000
-0.102274	0.000000
-0.016435	0.000000
0.237827	0.000000
0.587787	0.000000
0.254659	0.000000
0.065297	0.000000
0.510915	0.000000
0.213457	0.000000
0.327662	0.000000
0.180872	0.000000
0.256029	0.000000
0.317516	0.000000
0.238352	0.000000
0.668001	0.000000
0.354272	0.000000
0.115893	0.000000
0.076543	0.000000
0.276695	0.000000
0.019281	0.000000
0.794963	0.000000
0.417070	0.000000
0.408540	0.000000
0.025182	0.000000
0.021238	0.000000
0.346575	0.000000
0.144082	0.000000
0.787499	0.000000
0.002855	0.000000
-0.051128	0.000000
0.038584	0.000000
0.109608	0.000000
0.576539	0.000000
0.049420	0.000000
0.550433	0.000000
0.118329	0.000000
0.392317	0.000000
-0.120514	0.000000
3.859004	0.000000
3.043705	0.000000
0.041722	0.000000
0.739016	0.000000
0.077823	0.000000
0.007660	0.000000
0.145970	0.000000
0.403068	0.000000
0.206888	0.000000
0.042711	0.000000
0.708668	0.000000
0.002397	0.000000
0.043102	0.000000
-0.215063	0.000000
0.105373	0.000000
0.393162	0.000000
0.943104	0.000000
0.054436	0.000000
0.255648	0.000000
0.136157	0.000000
0.459689	0.000000
0.427763	0.000000
0.033644	0.000000
1.162313	0.000000
0.077688	0.000000
0.048126	0.000000
0.348170	0.000000
0.061159	0.000000
0.056765	0.000000
1.651899	0.000000
0.568551	0.000000
0.070063	0.000000
0.362511	0.000000
0.176433	0.000000
-0.250858	0.000000
4.723605	0.000000
0.575633	0.000000
0.191492	0.000000
0.938130	0.000000
0.142902	0.000000
0.000235	0.000000
0.016972	0.000000
0.429031	0.000000
0.189197	0.000000
1.467836	0.000000
0.061955	0.000000
0.173054	0.000000
0.020663	0.000000
0.178253	0.000000
0.355363	0.000000
0.007067	0.000000
0.900407	0.000000
0.561417	0.000000
0.118783	0.000000
0.109848	0.000000
0.103522	0.000000
0.130926	0.000000
0.068918	0.000000
0.088635	0.000000
0.083943	0.000000
0.078806	0.000000
0.492396	0.000000
0.103764	0.000000
1.121529	0.000000
-0.051783	0.000000
0.008312	0.000000
0.077864	0.000000
0.081095	0.000000
0.270795	0.000000
0.031245	0.000000
0.435596	0.000000
0.007809	0.000000
0.066942	0.000000
0.330373	0.000000
0.049381	0.000000
0.108582	0.000000
0.644507	0.000000
0.060289	0.000000
0.449837	0.000000
0.084150	0.000000
0.054974	0.000000
0.160006	0.000000
0.061358	0.000000
3.619407	0.000000
0.058849	0.000000
0.131735	0.000000
0.197822	0.000000
0.458327	0.000000
0.169793	0.000000
0.753666	0.000000
0.245834	0.000000
0.059164	0.000000
0.047544	0.000000
0.155784	0.000000
0.033428	0.000000
0.291453	0.000000
0.278928	0.000000
0.591919	0.000000
0.242423	0.000000
0.403722	0.000000
0.066173	0.000000
0.013452	0.000000
0.346894	0.000000
1.420072	0.000000
-0.340814	0.000000
0.028360	0.000000
0.123859	0.000000
0.064538	0.000000
0.018381	0.000000
0.823035	0.000000
0.004443	0.000000
0.128594	0.000000
-0.038109	0.000000
0.121865	0.000000
0.207134	0.000000
0.072433	0.000000
0.460248	0.000000
0.175728	0.000000
0.206098	0.000000
0.087243	0.000000
0.057705	0.000000
0.967326	0.000000
0.022986	0.000000
0.134800	0.000000
0.011634	0.000000
0.001529	0.000000
0.271383	0.000000
0.039672	0.000000
-0.077705	0.000000
0.021116	0.000000
2.105977	0.000000
0.006635	0.000000
0.156949	0.000000
4.394561	0.000000
0.198412	0.000000
0.396543	0.000000
0.498101	0.000000
0.174239	0.000000
0.843644	0.000000
-0.036836	0.000000
1.170441	0.000000
0.115506	0.000000
1.635845	0.000000
0.095691	0.000000
0.043505	0.000000
2.616579	0.000000
0.239016	0.000000
1.251857	0.000000
-0.013545	0.000000
0.081639	0.000000
0.869597	0.000000
0.026221	0.000000
0.091334	0.000000
0.993212	0.000000
-0.697680	0.000000
0.299155	0.000000
0.294671	0.000000
0.470346	0.000000
0.100886	0.000000
0.137738	0.000000
0.137481	0.000000
0.027496	0.000000
0.859514	0.000000
0.104584	0.000000
0.117630	0.000000
0.077830	0.000000
0.544847	0.000000
0.578163	0.000000
0.330207	0.000000
0.026161	0.000000
-0.046739	0.000000
0.079412	0.000000
0.182873	0.000000
0.126727	0.000000
0.087068	0.000000
0.076714	0.000000
0.087796	0.000000
0.108960	0.000000
0.274965	0.000000
0.571177	0.000000
1.692830	0.000000
1.898273	0.000000
0.212382	0.000000
1.681150	0.000000
0.022022	0.000000
0.005922	0.000000
0.171933	0.000000
0.214532	0.000000
0.179470	0.000000
0.023654	0.000000
3.065347	0.000000
0.009392	0.000000
0.070824	0.000000
0.680331	0.000000
0.142453	0.000000
0.142413	0.000000
0.299139	0.000000
0.053599	0.000000
3.901967	0.000000
0.083500	0.000000
0.034454	0.000000
0.517165	0.000000
0.067396	0.000000
0.262969	0.000000
0.092518	0.000000
0.275707	0.000000
-3.125416	0.000000
0.599206	0.000000
0.425378	0.000000
0.968627	0.000000
3.779003	0.000000
0.531131	0.000000
0.308599	0.000000
0.079735	0.000000
0.285994	0.000000
0.475552	0.000000
1.951060	0.000000
0.269938	0.000000
3.375488	0.000000
0.062654	0.000000
0.098476	0.000000
-0.378787	0.000000
0.683682	0.000000
0.128789	0.000000
0.552489	0.000000
0.078255	0.000000
0.124777	0.000000
0.233000	0.000000
0.182297	0.000000
1.081591	0.000000
0.000839	0.000000
0.081370	0.000000
0.245750	0.000000
0.628295	0.000000
0.199799	0.000000
0.249286	0.000000
0.220620	0.000000
0.122466	0.000000
0.154202	0.000000
0.688998	0.000000
0.185018	0.000000
1.435496	0.000000
1.272206	0.000000
0.159431	0.000000
0.045261	0.000000
7.817859	0.000000
0.444106	0.000000
-0.057095	0.000000
0.274024	0.000000
0.147072	0.000000
3.689656	0.000000
0.018014	0.000000
0.062168	0.000000
-0.291307	0.000000
0.253985	0.000000
0.642778	0.000000
1.040640	0.000000
0.035605	0.000000
2.058551	0.000000
0.171041	0.000000
0.604920	0.000000
0.116866	0.000000
1.368532	0.000000
-0.123781	0.000000
0.024604	0.000000
-4.548442	0.000000
0.189995	0.000000
2.510426	0.000000
0.040300	0.000000
0.978649	0.000000
0.301231	0.000000
0.099478	0.000000
0.091393	0.000000
0.325307	0.000000
3.234639	0.000000
0.062770	0.000000
0.170249	0.000000
0.192007	0.000000
0.081129	0.000000
0.091020	0.000000
0.149284	0.000000
0.018677	0.000000
0.509568	0.000000
0.430060	0.000000
0.166153	0.000000
0.044929	0.000000
0.100361	0.000000
1.366021	0.000000
-0.304887	0.000000
0.255250	0.000000
0.004503	0.000000
0.008451	0.000000
0.287783	0.000000
0.616718	0.000000
0.134266	0.000000
3.742373	0.000000
0.164592	0.000000
0.261675	0.000000
0.563158	0.000000
0.170226	0.000000
-0.090829	0.000000
0.293570	0.000000
0.240519	0.000000
5.527752	0.000000
0.023094	0.000000
0.002663	0.000000
1.281965	0.000000
0.020939	0.000000
0.158283	0.000000
0.023442	0.000000
0.187248	0.000000
0.023183	0.000000
0.084622	0.000000
0.332215	0.000000
0.055987	0.000000
0.371112	0.000000
-0.025119	0.000000
0.395786	0.000000
1.426362	0.000000
0.523180	0.000000
0.667527	0.000000
2.741321	0.000000
0.082472	0.000000
0.142491	0.000000
0.030471	0.000000
0.097737	0.000000
0.296731	0.000000
0.330841	0.000000
0.141879	0.000000
-0.283886	0.000000
3.192995	0.000000
0.389446	0.000000
0.082164	0.000000
0.740571	0.000000
0.961444	0.000000
2.501004	0.000000
2.003891	0.000000
0.639491	0.000000
0.124010	0.000000
0.078602	0.000000
0.170753	0.000000
0.075782	0.000000
1.152949	0.000000
0.237542	0.000000
0.199556	0.000000
0.013582	0.000000
0.047008	0.000000
0.632454	0.000000
0.078780	0.000000
0.465683	0.000000
0.011635	0.000000
0.183540	0.000000
0.011186	0.000000
0.042762	0.000000
0.346773	0.000000
0.134705	0.000000
0.434119	0.000000
0.194613	0.000000
0.070459	0.000000
1.036098	0.000000
2.501300	0.000000
1.168758	0.000000
-0.061447	0.000000
0.392622	0.000000
0.052436	0.000000
0.018172	0.000000
0.104938	0.000000
0.166691	0.000000
0.404999	0.000000
0.038721	0.000000
0.925922	0.000000
0.009332	0.000000
0.359871	0.000000
0.602767	0.000000
0.036492	0.000000
0.902805	0.000000
0.229327	0.000000
-0.021584	0.000000
0.369368	0.000000
0.038100	0.000000
0.067452	0.000000
0.451719	0.000000
0.672271	0.000000
0.161182	0.000000
0.046202	0.000000
0.047192	0.000000
0.721275	0.000000
0.250453	0.000000
1.889005	0.000000
0.234112	0.000000
0.241265	0.000000
0.062171	0.000000
0.098136	0.000000
1.748300	0.000000
0.318286	0.000000
0.134134	0.000000
0.449502	0.000000
0.148025	0.000000
4.973485	0.000000
0.307197	0.000000
0.046656	0.000000
-0.004199	0.000000
0.271561	0.000000
-0.165297	0.000000
0.421648	0.000000
0.009280	0.000000
0.118908	0.000000
0.430516	0.000000
0.220784	0.000000
0.340873	0.000000
-0.017245	0.000000
0.475578	0.000000
0.033723	0.000000
0.006926	0.000000
0.127334	0.000000
0.020034	0.000000
0.232073	0.000000
0.957848	0.000000
1.963526	0.000000
0.737200	0.000000
0.251989	0.000000
0.845383	0.000000
0.063990	0.000000
0.093659	0.000000
0.014624	0.000000
0.011387	0.000000
0.247081	0.000000
0.128847	0.000000
0.304624	0.000000
0.022782	0.000000
0.298904	0.000000
0.036991	0.000000
0.058268	0.000000
0.158385	0.000000
0.015726	0.000000
0.685790	0.000000
-0.447413	0.000000
0.048587	0.000000
1.662688	0.000000
0.113325	0.000000
0.801112	0.000000
0.215523	0.000000
-0.010557	0.000000
0.152078	0.000000
0.038591	0.000000
0.049890	0.000000
0.241017	0.000000
0.207763	0.000000
0.172834	0.000000
0.094330	0.000000
1.097817	0.000000
0.068137	0.000000
0.075421	0.000000
1.726212	0.000000
3.789672	0.000000
1.392251	0.000000
0.128260	0.000000
0.292768	0.000000
0.142883	0.000000
2.324107	0.000000
0.100399	0.000000
0.037642	0.000000
0.159392	0.000000
4.397370	0.000000
0.277788	0.000000
0.043248	0.000000
0.716318	0.000000
0.121375	0.000000
0.397087	0.000000
0.186212	0.000000
0.007032	0.000000
0.099791	0.000000
0.318467	0.000000
0.084764	0.000000
0.008818	0.000000
0.055608	0.000000
0.119679	0.000000
0.649929	0.000000
3.921415	0.000000
0.330570	0.000000
0.068084	0.000000
0.701776	0.000000
0.062527	0.000000
0.362491	0.000000
0.023245	0.000000
0.004943	0.000000
0.167352	0.000000
0.459999	0.000000
0.138696	0.000000
0.054214	0.000000
0.255077	0.000000
0.022049	0.000000
0.027767	0.000000
0.137198	0.000000
0.171901	0.000000
0.056638	0.000000
0.759078	0.000000
0.120080	0.000000
2.127996	0.000000
0.272487	0.000000
0.134745	0.000000
0.133085	0.000000
0.064986	0.000000
0.273906	0.000000
0.048418	0.000000
0.167245	0.000000
0.118854	0.000000
0.204976	0.000000
4.645212	0.000000
0.437611	0.000000
0.103063	0.000000
0.069609	0.000000
0.072589	0.000000
1.637102	0.000000
0.163381	0.000000
0.133524	0.000000
0.206683	0.000000
0.223038	0.000000
0.066798	0.000000
-0.164030	0.000000
0.170688	0.000000
0.051048	0.000000
1.492352	0.000000
2.668452	0.000000
0.709941	0.000000
0.007407	0.000000
0.076325	0.000000
0.241259	0.000000
0.293950	0.000000
0.225971	0.000000
0.022870	0.000000
6.117505	0.000000
-0.030718	0.000000
0.252756	0.000000
0.063190	0.000000
0.007758	0.000000
0.171904	0.000000
0.134428	0.000000
0.152126	0.000000
-0.012727	0.000000
0.070539	0.000000
0.534957	0.000000
0.086199	0.000000
-0.322893	0.000000
0.541723	0.000000
0.002125	0.000000
0.136518	0.000000
0.044978	0.000000
0.248606	0.000000
-0.010888	0.000000
2.114927	0.000000
0.010703	0.000000
0.149675	0.000000
-0.275257	0.000000
0.116680	0.000000
0.057158	0.000000
0.410370	0.000000
0.178262	0.000000
0.341651	0.000000
1.324379	0.000000
0.158654	0.000000
0.158618	0.000000
0.072588	0.000000
0.504082	0.000000
0.018684	0.000000
0.166664	0.000000
0.067194	0.000000
-0.108067	0.000000
0.100203	0.000000
0.132339	0.000000
0.955969	0.000000
0.005012	0.000000
0.133117	0.000000
0.438768	0.000000
-0.750922	0.000000
0.297166	0.000000
0.117375	0.000000
0.377166	0.000000
0.098768	0.000000
0.085903	0.000000
1.196256	0.000000
0.030047	0.000000
0.188944	0.000000
6.235680	0.000000
0.246041	0.000000
0.033050	0.000000
0.276134	0.000000
0.125444	0.000000
0.658882	0.000000
0.123063	0.000000
0.002314	0.000000
0.066840	0.000000
0.162577	0.000000
0.226862	0.000000
0.121206	0.000000
0.166759	0.000000
0.009482	0.000000
0.096903	0.000000
-0.166535	0.000000
-0.331481	0.000000
0.178200	0.000000
1.219255	0.000000
0.332687	0.000000
0.333436	0.000000
0.055068	0.000000
0.002576	0.000000
0.073403	0.000000
0.058814	0.000000
1.558251	0.000000
0.233366	0.000000
0.331586	0.000000
0.002143	0.000000
0.020867	0.000000
-0.039614	0.000000
0.036033	0.000000
0.339319	0.000000
0.200328	0.000000
0.096571	0.000000
0.368261	0.000000
0.327678	0.000000
-0.111260	0.000000
0.697060	0.000000
0.184085	0.000000
0.223169	0.000000
0.036017	0.000000
0.051096	0.000000
0.137341	0.000000
0.542225	0.000000
0.148427	0.000000
0.176129	0.000000
0.192428	0.000000
0.119619	0.000000
0.070067	0.000000
0.150071	0.000000
0.384947	0.000000
0.169316	0.000000
0.133798	0.000000
0.181014	0.000000
0.112293	0.000000
0.848847	0.000000
-0.030605	0.000000
0.018397	0.000000
3.993273	0.000000
0.103354	0.000000
0.435582	0.000000
-0.004494	0.000000
0.261335	0.000000
0.097997	0.000000
0.234533	0.000000
0.154723	0.000000
0.013618	0.000000
0.134355	0.000000
0.266918	0.000000
0.612998	0.000000
0.812956	0.000000
0.087890	0.000000
0.136431	0.000000
0.009073	0.000000
0.226470	0.000000
0.479682	0.000000
0.094899	0.000000
0.543417	0.000000
0.044221	0.000000
0.214977	0.000000
0.031206	0.000000
0.001843	0.000000
0.209825	0.000000
4.817634	0.000000
0.169294	0.000000
0.030558	0.000000
0.421078	0.000000
0.023425	0.000000
0.126047	0.000000
3.933398	0.000000
0.855435	0.000000
0.357256	0.000000
0.174043	0.000000
0.036321	0.000000
0.317915	0.000000
0.092199	0.000000
0.088062	0.000000
0.160073	0.000000
0.075646	0.000000
0.343356	0.000000
0.082084	0.000000
0.233311	0.000000
0.484582	0.000000
0.365650	0.000000
0.106321	0.000000
-0.053925	0.000000
0.193034	0.000000
0.022131	0.000000
0.037876	0.000000
0.184334	0.000000
0.554472	0.000000
0.117310	0.000000
6.255061	0.000000
0.123350	0.000000
0.071291	0.000000
0.061640	0.000000
0.087665	0.000000
0.016367	0.000000
1.387517	0.000000
0.423636	0.000000
0.339121	0.000000
-0.074707	0.000000
0.294086	0.000000
0.242661	0.000000
0.064767	0.000000
0.218894	0.000000
0.004753	0.000000
0.252010	0.000000
0.148663	0.000000
2.738449	0.000000
4.309224	0.000000
0.094575	0.000000
0.170357	0.000000
0.191299	0.000000
0.009784	0.000000
0.586342	0.000000
0.946768	0.000000
1.198369	0.000000
0.066136	0.000000
-0.092214	0.000000
0.009089	0.000000
0.007349	0.000000
0.589079	0.000000
0.035999	0.000000
0.129506	0.000000
0.065116	0.000000
1.218221	0.000000
0.016665	0.000000
0.182565	0.000000
0.121635	0.000000
0.603485	0.000000
0.070412	0.000000
0.339634	0.000000
0.376048	0.000000
0.685363	0.000000
0.066041	0.000000
0.460579	0.000000
0.781788	0.000000
0.104003	0.000000
0.186628	0.000000
0.040342	0.000000
0.350104	0.000000
1.152046	0.000000
0.053877	0.000000
0.063853	0.000000
0.726808	0.000000
0.058779	0.000000
0.072182	0.000000
0.046227	0.000000
0.035900	0.000000
0.536175	0.000000
0.138191	0.000000
0.140811	0.000000
0.485787	0.000000
0.154242	0.000000
0.187738	0.000000
-0.021549	0.000000
0.013525	0.000000
3.588274	0.000000
0.217023	0.000000
0.338386	0.000000
0.018065	0.000000
0.133642	0.000000
0.084278	0.000000
0.077939	0.000000
0.839055	0.000000
0.012550	0.000000
0.045643	0.000000
2.033785	0.000000
0.192118	0.000000
1.138638	0.000000
-0.032077	0.000000
0.352447	0.000000
0.246251	0.000000
0.285785	0.000000
0.010199	0.000000
0.062524	0.000000
0.789338	0.000000
0.066356	0.000000
0.520927	0.000000
0.023397	0.000000
0.003033	0.000000
0.080833	0.000000
0.049165	0.000000
0.205537	0.000000
5.493800	0.000000
-2.093271	0.000000
0.003330	0.000000
0.074192	0.000000
0.118641	0.000000
0.075416	0.000000
0.378304	0.000000
0.057557	0.000000
0.080477	0.000000
0.125575	0.000000
0.066369	0.000000
0.230795	0.000000
0.265242	0.000000
0.048451	0.000000
0.384874	0.000000
0.054819	0.000000
0.190639	0.000000
0.160436	0.000000
0.156600	0.000000
0.111146	0.000000
0.400060	0.000000
0.125431	0.000000
-0.128440	0.000000
0.110483	0.000000
0.214928	0.000000
0.135258	0.000000
0.086544	0.000000
0.064722	0.000000
-0.128698	0.000000
0.106134	0.000000
0.067349	0.000000
5.433603	0.000000
0.048541	0.000000
0.316277	0.000000
0.336492	0.000000
0.650180	0.000000
0.050214	0.000000
5.433094	0.000000
0.127997	0.000000
0.415464	0.000000
1.900897	0.000000
0.011908	0.000000
0.079102	0.000000
4.840816	0.000000
0.240313	0.000000
0.059143	0.000000
0.062817	0.000000
0.303429	0.000000
0.074662	0.000000
0.866650	0.000000
0.101985	0.000000
0.006224	0.000000
0.474980	0.000000
0.666657	0.000000
0.884287	0.000000
0.090589	0.000000
0.001245	0.000000
0.867979	0.000000
-0.052275	0.000000
0.294100	0.000000
0.037083	0.000000
2.023425	0.000000
0.012630	0.000000
0.212836	0.000000
0.303493	0.000000
0.169929	0.000000
0.072036	0.000000
0.497607	0.000000
0.032335	0.000000
0.074650	0.000000
0.050376	0.000000
0.024641	0.000000
0.621502	0.000000
0.274647	0.000000
0.315186	0.000000
0.097784	0.000000
0.275420	0.000000
0.117005	0.000000
0.175845	0.000000
0.040062	0.000000
0.482988	0.000000
-0.092211	0.000000
0.260021	0.000000
0.294232	0.000000
2.062957	0.000000
-0.078851	0.000000
0.077770	0.000000
0.077499	0.000000
0.338751	0.000000
0.241321	0.000000
0.093671	0.000000
0.051914	0.000000
-0.059610	0.000000
0.388780	0.000000
0.152584	0.000000
0.621847	0.000000
0.036973	0.000000
0.589156	0.000000
0.196296	0.000000
-0.200633	0.000000
0.859278	0.000000
0.055019	0.000000
0.044499	0.000000
0.479698	0.000000
0.132776	0.000000
0.163741	0.000000
0.063607	0.000000
0.228232	0.000000
0.095786	0.000000
0.296798	0.000000
0.301144	0.000000
0.178562	0.000000
0.053232	0.000000
0.075824	0.000000
1.001800	0.000000
0.014989	0.000000
0.004968	0.000000
0.079565	0.000000
0.029103	0.000000
0.186591	0.000000
0.157532	0.000000
0.178925	0.000000
0.033236	0.000000
0.033549	0.000000
0.926639	0.000000
0.097127	0.000000
0.092258	0.000000
-0.054695	0.000000
0.014702	0.000000
0.090870	0.000000
0.071403	0.000000
0.040717	0.000000
-0.503333	0.000000
0.056092	0.000000
0.084126	0.000000
-0.009250	0.000000
0.066528	0.000000
0.097192	0.000000
0.056865	0.000000
0.201100	0.000000
0.384319	0.000000
0.098522	0.000000
0.088455	0.000000
0.100974	0.000000
0.406862	0.000000
0.085064	0.000000
0.243822	0.000000
0.118622	0.000000
0.327313	0.000000
0.230993	0.000000
0.191635	0.000000
-0.054165	0.000000
7.812343	0.000000
0.096982	0.000000
0.527983	0.000000
0.194696	0.000000
0.021922	0.000000
0.056713	0.000000
0.328422	0.000000
0.082170	0.000000
0.454261	0.000000
0.049346	0.000000
0.235441	0.000000
0.152437	0.000000
0.868186	0.000000
-0.014940	0.000000
0.047231	0.000000
0.689092	0.000000
-0.054133	0.000000
0.150688	0.000000
0.197991	0.000000
1.616897	0.000000
-0.510147	0.000000
0.006422	0.000000
0.614339	0.000000
0.010265	0.000000
0.005812	0.000000
0.131617	0.000000
0.072880	0.000000
0.169591	0.000000
0.160812	0.000000
2.320513	0.000000
0.004148	0.000000
1.361676	0.000000
0.365973	0.000000
0.353755	0.000000
0.022172	0.000000
0.354169	0.000000
0.339467	0.000000
1.332497	0.000000
0.175405	0.000000
0.059163	0.000000
0.537042	0.000000
0.053108	0.000000
0.246808	0.000000
0.051340	0.000000
0.216663	0.000000
0.303626	0.000000
0.123003	0.000000
0.907910	0.000000
0.218636	0.000000
0.839989	0.000000
0.026115	0.000000
0.161078	0.000000
0.257485	0.000000
0.277076	0.000000
0.215685	0.000000
0.080967	0.000000
-0.549365	0.000000
0.212463	0.000000
0.086189	0.000000
0.086232	0.000000
0.056946	0.000000
0.181518	0.000000
0.083577	0.000000
0.153105	0.000000
0.188562	0.000000
0.209363	0.000000
0.849920	0.000000
0.023701	0.000000
1.281948	0.000000
0.004565	0.000000
0.888353	0.000000
0.087821	0.000000
0.049227	0.000000
0.349738	0.000000
0.757715	0.000000
0.262917	0.000000
0.142811	0.000000
0.038715	0.000000
0.864941	0.000000
0.659456	0.000000
2.744182	0.000000
0.256624	0.000000
0.028098	0.000000
0.004638	0.000000
0.000836	0.000000
0.144513	0.000000
0.009862	0.000000
1.299503	0.000000
0.016313	0.000000
0.649309	0.000000
0.005632	0.000000
0.554784	0.000000
0.124663	0.000000
0.026292	0.000000
-0.073478	0.000000
0.212587	0.000000
0.090419	0.000000
0.355832	0.000000
0.058494	0.000000
0.277325	0.000000
0.244630	0.000000
0.283651	0.000000
0.292345	0.000000
0.052586	0.000000
0.019198	0.000000
1.267064	0.000000
0.357960	0.000000
0.117184	0.000000
0.530605	0.000000
0.129335	0.000000
0.077482	0.000000
0.202475	0.000000
0.333585	0.000000
0.553944	0.000000
0.660812	0.000000
0.117513	0.000000
0.368785	0.000000
0.595189	0.000000
0.120425	0.000000
0.096416	0.000000
0.041414	0.000000
0.163791	0.000000
0.209010	0.000000
0.534878	0.000000
0.034914	0.000000
5.248695	0.000000
0.664780	0.000000
0.252345	0.000000
0.263707	0.000000
0.043514	0.000000
0.140328	0.000000
0.245556	0.000000
0.144965	0.000000
0.206635	0.000000
3.387948	0.000000
0.394276	0.000000
0.219123	0.000000
0.077850	0.000000
0.160143	0.000000
-0.182236	0.000000
0.552738	0.000000
0.039376	0.000000
0.225304	0.000000
0.001336	0.000000
0.003347	0.000000
0.181250	0.000000
0.530394	0.000000
0.188396	0.000000
0.074635	0.000000
2.376519	0.000000
7.826998	0.000000
0.092235	0.000000
0.100828	0.000000
0.321524	0.000000
-0.513036	0.000000
0.244441	0.000000
0.097228	0.000000
0.630295	0.000000
0.019176	0.000000
1.113131	0.000000
0.393929	0.000000
0.040052	0.000000
-0.130600	0.000000
0.328884	0.000000
0.113823	0.000000
0.450547	0.000000
1.407244	0.000000
0.071688	0.000000
0.369888	0.000000
0.090221	0.000000
0.074044	0.000000
0.052877	0.000000
3.498074	0.000000
0.800795	0.000000
0.624528	0.000000
0.129974	0.000000
0.271043	0.000000
0.490659	0.000000
0.062984	0.000000
0.160120	0.000000
0.018217	0.000000
0.471556	0.000000
0.352267	0.000000
0.817126	0.000000
0.017250	0.000000
0.841150	0.000000
0.306121	0.000000
0.154418	0.000000
0.276390	0.000000
7.827769	0.000000
0.057257	0.000000
0.959125	0.000000
0.769274	0.000000
0.343266	0.000000
0.241536	0.000000
0.103852	0.000000
0.109158	0.000000
0.107322	0.000000
-0.187292	0.000000
0.066167	0.000000
0.276024	0.000000
0.101908	0.000000
0.022754	0.000000
0.027867	0.000000
0.000237	0.000000
0.127768	0.000000
0.055477	0.000000
-0.049112	0.000000
0.046577	0.000000
0.094262	0.000000
0.016671	0.000000
0.067486	0.000000
0.103113	0.000000
0.098020	0.000000
0.123421	0.000000
3.381154	0.000000
0.646903	0.000000
0.688779	0.000000
0.632600	0.000000
0.485026	0.000000
0.346780	0.000000
0.136248	0.000000
0.468624	0.000000
0.177330	0.000000
0.171898	0.000000
0.064979	0.000000
0.111506	0.000000
0.143992	0.000000
0.932691	0.000000
0.219313	0.000000
0.026901	0.000000
0.078702	0.000000
1.616572	0.000000
0.321974	0.000000
0.160692	0.000000
0.423365	0.000000
0.643819	0.000000
0.204464	0.000000
0.052129	0.000000
0.060273	0.000000
0.044299	0.000000
0.274110	0.000000
0.199090	0.000000
1.648275	0.000000
-0.013721	0.000000
0.092755	0.000000
0.095013	0.000000
0.371523	0.000000
0.310057	0.000000
0.003596	0.000000
0.547635	0.000000
0.136786	0.000000
0.123396	0.000000
0.184104	0.000000
0.080030	0.000000
0.115384	0.000000
0.422205	0.000000
0.234568	0.000000
0.119605	0.000000
0.361345	0.000000
0.129656	0.000000
0.084302	0.000000
0.520099	0.000000
0.016926	0.000000
0.001310	0.000000
0.019657	0.000000
2.488028	0.000000
0.955213	0.000000
0.164958	0.000000
0.290662	0.000000
0.007961	0.000000
1.293505	0.000000
0.619123	0.000000
0.137073	0.000000
0.061039	0.000000
0.091946	0.000000
0.015123	0.000000
0.747608	0.000000
0.253526	0.000000
0.110629	0.000000
2.267364	0.000000
-0.038396	0.000000
0.224762	0.000000
0.040761	0.000000
0.245871	0.000000
0.037268	0.000000
0.162560	0.000000
0.067661	0.000000
0.210363	0.000000
0.080193	0.000000
4.247572	0.000000
0.210620	0.000000
2.653204	0.000000
-0.192179	0.000000
0.082954	0.000000
0.078541	0.000000
0.357122	0.000000
0.148622	0.000000
0.139007	0.000000
0.022212	0.000000
0.008279	0.000000
0.876001	0.000000
0.060718	0.000000
0.202551	0.000000
0.026961	0.000000
0.881728	0.000000
0.206894	0.000000
0.317287	0.000000
0.566886	0.000000
0.006780	0.000000
0.042104	0.000000
0.235828	0.000000
0.291224	0.000000
1.023520	0.000000
0.114452	0.000000
0.172628	0.000000
6.665620	0.000000
0.099957	0.000000
0.243414	0.000000
0.347827	0.000000
0.388229	0.000000
0.123818	0.000000
0.091757	0.000000
0.154226	0.000000
0.001392	0.000000
6.586300	0.000000
0.003281	0.000000
0.298940	0.000000
0.037200	0.000000
0.713668	0.000000
0.049251	0.000000
0.044688	0.000000
1.403839	0.000000
0.021227	0.000000
7.170949	0.000000
-0.940132	0.000000
-0.201936	0.000000
0.819189	0.000000
-0.405402	0.000000
0.529128	0.000000
0.268099	0.000000
0.167742	0.000000
0.088598	0.000000
0.054308	0.000000
0.392803	0.000000
0.098525	0.000000
0.346479	0.000000
0.261682	0.000000
0.440051	0.000000
0.208583	0.000000
0.124293	0.000000
0.165012	0.000000
0.290303	0.000000
0.803001	0.000000
0.159876	0.000000
0.096024	0.000000
0.395577	0.000000
0.299889	0.000000
0.682712	0.000000
0.111225	0.000000
0.032400	0.000000
0.247941	0.000000
0.400074	0.000000
0.498785	0.000000
0.033687	0.000000
-0.044261	0.000000
0.557729	0.000000
0.147229	0.000000
0.164460	0.000000
0.008194	0.000000
-0.035697	0.000000
0.403613	0.000000
0.545424	0.000000
0.107531	0.000000
0.037009	0.000000
1.696688	0.000000
-0.016129	0.000000
0.132373	0.000000
0.224688	0.000000
0.173505	0.000000
0.613585	0.000000
-0.008827	0.000000
0.395426	0.000000
0.020404	0.000000
0.002200	0.000000
1.135870	0.000000
0.049022	0.000000
0.017319	0.000000
5.736930	0.000000
0.245895	0.000000
0.007297	0.000000
-0.009017	0.000000
0.685479	0.000000
0.265221	0.000000
0.139994	0.000000
5.081320	0.000000
0.011023	0.000000
0.258995	0.000000
0.104948	0.000000
0.050307	0.000000
0.844149	0.000000
6.401412	0.000000
0.102700	0.000000
0.167681	0.000000
0.363453	0.000000
0.180150	0.000000
0.207310	0.000000
0.119503	0.000000
0.511105	0.000000
0.135547	0.000000
0.072963	0.000000
0.029527	0.000000
0.318795	0.000000
0.378866	0.000000
0.211039	0.000000
0.251275	0.000000
0.501138	0.000000
0.140653	0.000000
-0.115066	0.000000
0.086134	0.000000
0.025691	0.000000
0.536287	0.000000
-0.183662	0.000000
0.212143	0.000000
0.164067	0.000000
0.237501	0.000000
0.104293	0.000000
0.212626	0.000000
0.176603	0.000000
-0.025994	0.000000
0.104530	0.000000
0.133839	0.000000
0.042422	0.000000
0.127167	0.000000
0.073403	0.000000
0.655840	0.000000
0.025449	0.000000
0.182172	0.000000
4.658344	0.000000
0.098024	0.000000
1.114124	0.000000
0.548695	0.000000
0.055749	0.000000
0.029446	0.000000
0.002638	0.000000
0.953084	0.000000
0.039484	0.000000
3.178928	0.000000
0.003190	0.000000
1.152107	0.000000
0.000321	0.000000
0.248857	0.000000
0.086954	0.000000
0.035217	0.000000
0.095981	0.000000
0.265947	0.000000
0.029539	0.000000
2.196232	0.000000
0.239787	0.000000
0.096039	0.000000
0.639682	0.000000
0.064916	0.000000
0.098260	0.000000
0.151957	0.000000
0.060264	0.000000
-0.251915	0.000000
0.257929	0.000000
0.125493	0.000000
-0.088520	0.000000
0.240360	0.000000
0.027920	0.000000
0.086900	0.000000
0.314979	0.000000
0.155193	0.000000
0.115745	0.000000
0.081729	0.000000
0.478764	0.000000
0.097302	0.000000
0.059058	0.000000
0.028111	0.000000
0.018200	0.000000
0.986789	0.000000
0.082025	0.000000
0.101173	0.000000
0.019298	0.000000
0.320103	0.000000
0.186965	0.000000
0.190040	0.000000
0.640314	0.000000
0.077983	0.000000
0.073973	0.000000
-0.030269	0.000000
0.118101	0.000000
0.119254	0.000000
0.496536	0.000000
0.162592	0.000000
0.082477	0.000000
0.315245	0.000000
1.591790	0.000000
-0.099303	0.000000
0.422596	0.000000
0.490192	0.000000
0.097470	0.000000
0.104127	0.000000
0.000610	0.000000
0.057486	0.000000
0.035475	0.000000
0.145101	0.000000
0.021008	0.000000
0.073629	0.000000
0.006740	0.000000
0.048052	0.000000
-0.062072	0.000000
0.048357	0.000000
0.037196	0.000000
2.212029	0.000000
0.031959	0.000000
0.285479	0.000000
-0.046231	0.000000
0.082487	0.000000
0.466878	0.000000
0.251508	0.000000
0.151025	0.000000
0.349436	0.000000
0.130650	0.000000
0.060770	0.000000
0.379169	0.000000
0.058374	0.000000
0.104226	0.000000
0.361784	0.000000
0.034969	0.000000
0.188406	0.000000
0.305841	0.000000
0.108191	0.000000
0.164302	0.000000
0.315739	0.000000
0.299770	0.000000
0.141540	0.000000
0.762101	0.000000
0.067903	0.000000
0.112470	0.000000
0.163478	0.000000
0.091898	0.000000
0.591960	0.000000
0.025128	0.000000
0.184111	0.000000
0.143773	0.000000
0.241477	0.000000
0.204000	0.000000
0.013737	0.000000
0.055259	0.000000
0.196024	0.000000
0.806627	0.000000
0.376905	0.000000
-0.065038	0.000000
0.149647	0.000000
-0.027095	0.000000
0.100808	0.000000
0.072254	0.000000
0.178633	0.000000
0.696109	0.000000
0.054308	0.000000
0.323812	0.000000
7.823631	0.000000
0.006049	0.000000
0.081867	0.000000
0.427359	0.000000
0.210305	0.000000
0.014601	0.000000
0.483730	0.000000
0.000541	0.000000
0.049527	0.000000
0.233545	0.000000
0.074510	0.000000
0.060886	0.000000
0.722496	0.000000
0.036355	0.000000
0.216350	0.000000
0.139179	0.000000
0.067692	0.000000
1.600890	0.000000
1.433174	0.000000
2.939703	0.000000
7.828602	0.000000
0.297003	0.000000
0.329791	0.000000
0.201028	0.000000
0.075713	0.000000
0.912505	0.000000
-0.098061	0.000000
0.038318	0.000000
0.053078	0.000000
0.568512	0.000000
0.077090	0.000000
0.083837	0.000000
0.614277	0.000000
0.260583	0.000000
0.308073	0.000000
0.269898	0.000000
0.018444	0.000000
-0.021148	0.000000
1.993542	0.000000
0.216749	0.000000
0.140256	0.000000
0.222201	0.000000
0.123751	0.000000
0.172140	0.000000
0.421055	0.000000
0.185927	0.000000
0.006829	0.000000
0.103871	0.000000
0.709774	0.000000
0.055456	0.000000
0.048854	0.000000
0.240337	0.000000
0.049353	0.000000
0.221541	0.000000
0.863648	0.000000
0.189576	0.000000
0.295707	0.000000
0.406562	0.000000
0.806315	0.000000
1.862801	0.000000
-0.028935	0.000000
0.002522	0.000000
4.172633	0.000000
0.021090	0.000000
0.248410	0.000000
0.119400	0.000000
0.217911	0.000000
0.016626	0.000000
0.006645	0.000000
0.233771	0.000000
0.205682	0.000000
0.087420	0.000000
0.227883	0.000000
0.150607	0.000000
1.325439	0.000000
0.100758	0.000000
0.101970	0.000000
0.107146	0.000000
-0.032824	0.000000
0.594100	0.000000
0.022577	0.000000
0.267570	0.000000
0.059374	0.000000
0.208265	0.000000
0.147362	0.000000
-0.009444	0.000000
3.352287	0.000000
0.007797	0.000000
0.210203	0.000000
0.244395	0.000000
0.282649	0.000000
0.088419	0.000000
0.331085	0.000000
0.215340	0.000000
0.104354	0.000000
0.077307	0.000000
0.061400	0.000000
-0.077137	0.000000
2.302408	0.000000
0.106886	0.000000
0.166177	0.000000
0.024767	0.000000
0.199144	0.000000
0.323784	0.000000
7.643648	0.000000
-0.001496	0.000000
0.019221	0.000000
0.210626	0.000000
0.519006	0.000000
0.160056	0.000000
0.085944	0.000000
0.134059	0.000000
0.154179	0.000000
3.842963	0.000000
0.056036	0.000000
0.060869	0.000000
-0.077062	0.000000
2.117221	0.000000
-0.069182	0.000000
0.191588	0.000000
0.010200	0.000000
0.000745	0.000000
0.370595	0.000000
0.246651	0.000000
0.759181	0.000000
0.019811	0.000000
0.256939	0.000000
0.006002	0.000000
0.077184	0.000000
0.019444	0.000000
0.045471	0.000000
0.827546	0.000000
0.090843	0.000000
0.058748	0.000000
0.192620	0.000000
0.410422	0.000000
0.087378	0.000000
6.533982	0.000000
0.589084	0.000000
0.121248	0.000000
0.015190	0.000000
0.157291	0.000000
0.007589	0.000000
3.619360	0.000000
0.060569	0.000000
0.167800	0.000000
0.161454	0.000000
0.849581	0.000000
0.574202	0.000000
0.424119	0.000000
0.422260	0.000000
0.129935	0.000000
0.166646	0.000000
0.240655	0.000000
0.066891	0.000000
0.185433	0.000000
0.061861	0.000000
0.074866	0.000000
0.808011	0.000000
0.222335	0.000000
0.153483	0.000000
7.801340	0.000000
0.266830	0.000000
0.188408	0.000000
0.736206	0.000000
0.445073	0.000000
0.006464	0.000000
0.026839	0.000000
0.162962	0.000000
0.147852	0.000000
0.480753	0.000000
0.205400	0.000000
0.085124	0.000000
1.107065	0.000000
2.445889	0.000000
0.161702	0.000000
0.415587	0.000000
0.915988	0.000000
0.640020	0.000000
0.065506	0.000000
0.036240	0.000000
0.012920	0.000000
0.242218	0.000000
0.015881	0.000000
-1.062894	0.000000
0.010612	0.000000
0.477483	0.000000
0.005841	0.000000
0.239797	0.000000
0.137335	0.000000
0.004531	0.000000
0.006968	0.000000
0.221322	0.000000
0.056145	0.000000
0.185149	0.000000
1.564862	0.000000
0.126852	0.000000
0.229091	0.000000
4.135582	0.000000
0.029452	0.000000
0.327925	0.000000
0.112442	0.000000
0.975857	0.000000
0.190514	0.000000
1.078094	0.000000
0.187808	0.000000
0.339161	0.000000
0.148955	0.000000
0.098093	0.000000
0.256120	0.000000
0.122596	0.000000
0.060835	0.000000
0.736409	0.000000
0.969166	0.000000
0.079933	0.000000
0.213635	0.000000
0.159219	0.000000
0.016163	0.000000
0.441207	0.000000
0.107743	0.000000
0.190472	0.000000
0.205820	0.000000
0.298689	0.000000
0.265695	0.000000
0.344550	0.000000
0.492222	0.000000
0.048195	0.000000
0.509568	0.000000
0.289144	0.000000
3.748944	0.000000
0.236528	0.000000
0.072121	0.000000
0.681606	0.000000
0.402706	0.000000
0.189782	0.000000
0.382449	0.000000
0.083210	0.000000
0.298825	0.000000
0.054152	0.000000
0.112109	0.000000
0.079574	0.000000
0.007857	0.000000
0.058976	0.000000
2.273507	0.000000
0.334331	0.000000
0.030106	0.000000
0.469001	0.000000
0.008721	0.000000
0.071097	0.000000
1.770770	0.000000
0.048341	0.000000
0.008769	0.000000
3.065164	0.000000
1.291779	0.000000
0.133032	0.000000
0.122475	0.000000
0.120389	0.000000
3.311374	0.000000
0.297442	0.000000
1.058964	0.000000
0.015810	0.000000
0.002956	0.000000
0.185117	0.000000
0.293348	0.000000
0.138165	0.000000
-0.390760	0.000000
0.705875	0.000000
0.028867	0.000000
0.125755	0.000000
0.210304	0.000000
0.589617	0.000000
0.029169	0.000000
0.360706	0.000000
0.110900	0.000000
0.072994	0.000000
0.237031	0.000000
0.039189	0.000000
0.038372	0.000000
0.174845	0.000000
0.071401	0.000000
0.676332	0.000000
0.263180	0.000000
0.423943	0.000000
0.529363	0.000000
0.032361	0.000000
0.030686	0.000000
0.017801	0.000000
0.095572	0.000000
0.050173	0.000000
0.118227	0.000000
0.574107	0.000000
0.172061	0.000000
0.024786	0.000000
0.201153	0.000000
0.100706	0.000000
0.152746	0.000000
-0.167259	0.000000
0.620093	0.000000
0.143723	0.000000
0.242484	0.000000
0.005275	0.000000
0.040999	0.000000
0.026883	0.000000
0.232854	0.000000
1.015642	0.000000
0.031150	0.000000
3.487542	0.000000
0.013985	0.000000
0.095192	0.000000
0.014105	0.000000
0.051744	0.000000
1.945819	0.000000
0.022551	0.000000
0.015978	0.000000
0.178074	0.000000
0.061936	0.000000
0.080963	0.000000
0.321793	0.000000
0.087602	0.000000
0.422835	0.000000
0.110313	0.000000
0.129519	0.000000
0.199934	0.000000
0.133907	0.000000
6.277578	0.000000
0.652992	0.000000
0.244225	0.000000
0.020042	0.000000
-0.008521	0.000000
0.420555	0.000000
0.484462	0.000000
0.513564	0.000000
0.065171	0.000000
0.416117	0.000000
0.836296	0.000000
0.088135	0.000000
0.023520	0.000000
0.277588	0.000000
0.167985	0.000000
1.322648	0.000000
1.319456	0.000000
0.050497	0.000000
0.338671	0.000000
0.223660	0.000000
0.324815	0.000000
0.426543	0.000000
0.098563	0.000000
0.302569	0.000000
0.096134	0.000000
0.249454	0.000000
0.158536	0.000000
0.271718	0.000000
0.660167	0.000000
0.176074	0.000000
0.710278	0.000000
0.185208	0.000000
0.329913	0.000000
0.436969	0.000000
0.025194	0.000000
0.127944	0.000000
0.076282	0.000000
0.005465	0.000000
0.043430	0.000000
0.198093	0.000000
0.049922	0.000000
0.032500	0.000000
0.396531	0.000000
0.002189	0.000000
0.245302	0.000000
0.133043	0.000000
0.070599	0.000000
1.889746	0.000000
0.243829	0.000000
0.004467	0.000000
0.534316	0.000000
0.119392	0.000000
0.154932	0.000000
0.100722	0.000000
0.179325	0.000000
0.247132	0.000000
0.019173	0.000000
0.409379	0.000000
0.149596	0.000000
0.083319	0.000000
0.044767	0.000000
0.697659	0.000000
0.118030	0.000000
0.026932	0.000000
0.158214	0.000000
0.137432	0.000000
0.210046	0.000000
0.077611	0.000000
-0.220496	0.000000
0.276006	0.000000
0.009449	0.000000
0.454870	0.000000
1.671020	0.000000
0.013474	0.000000
0.301166	0.000000
0.218219	0.000000
0.169881	0.000000
0.003441	0.000000
0.132052	0.000000
-0.038758	0.000000
1.088319	0.000000
3.542270	0.000000
0.076684	0.000000
0.487102	0.000000
0.247703	0.000000
0.523076	0.000000
-0.059985	0.000000
0.047888	0.000000
0.142613	0.000000
0.039662	0.000000
0.099636	0.000000
0.337243	0.000000
0.098455	0.000000
0.227095	0.000000
0.235911	0.000000
0.305232	0.000000
0.018292	0.000000
0.001788	0.000000
0.184330	0.000000
0.065988	0.000000
0.120353	0.000000
0.025411	0.000000
-0.234856	0.000000
0.008942	0.000000
0.556676	0.000000
0.060210	0.000000
-0.039413	0.000000
0.002688	0.000000
0.152621	0.000000
0.002581	0.000000
0.011798	0.000000
0.015495	0.000000
0.026516	0.000000
0.546648	0.000000
0.203711	0.000000
0.895273	0.000000
0.307222	0.000000
0.339379	0.000000
5.446751	0.000000
0.266355	0.000000
0.273900	0.000000
0.208480	0.000000
1.933270	0.000000
0.097659	0.000000
0.331513	0.000000
0.434019	0.000000
0.205302	0.000000
0.258087	0.000000
3.024519	0.000000
0.446109	0.000000
0.869132	0.000000
0.184436	0.000000
0.042171	0.000000
0.011309	0.000000
-0.152005	0.000000
0.824449	0.000000
1.162926	0.000000
-0.007707	0.000000
0.180502	0.000000
0.139661	0.000000
0.160416	0.000000
0.204950	0.000000
0.022684	0.000000
0.562825	0.000000
0.060458	0.000000
0.207665	0.000000
0.551038	0.000000
-0.713180	0.000000
0.268624	0.000000
0.280404	0.000000
0.209443	0.000000
0.676041	0.000000
0.213063	0.000000
2.148241	0.000000
0.119495	0.000000
0.108456	0.000000
0.008638	0.000000
0.017240	0.000000
0.107401	0.000000
0.357741	0.000000
0.121193	0.000000
-0.008025	0.000000
0.223190	0.000000
0.012185	0.000000
0.042948	0.000000
0.608685	0.000000
0.222701	0.000000
0.099752	0.000000
0.310154	0.000000
0.090406	0.000000
0.718679	0.000000
0.006111	0.000000
6.725555	0.000000
0.877058	0.000000
0.147222	0.000000
1.379724	0.000000
0.324587	0.000000
0.069736	0.000000
0.414514	0.000000
4.815906	0.000000
0.084809	0.000000
-0.092335	0.000000
0.310426	0.000000
0.162638	0.000000
0.032111	0.000000
0.056586	0.000000
-0.203289	0.000000
0.513552	0.000000
0.131293	0.000000
2.277526	0.000000
0.099482	0.000000
0.020241	0.000000
0.042981	0.000000
0.011135	0.000000
0.705768	0.000000
0.399415	0.000000
1.801286	0.000000
0.154697	0.000000
-1.206171	0.000000
0.367513	0.000000
0.345644	0.000000
0.136921	0.000000
0.022579	0.000000
0.560506	0.000000
0.122877	0.000000
0.553786	0.000000
0.145104	0.000000
0.244958	0.000000
0.399296	0.000000
0.279669	0.000000
0.340485	0.000000
0.605916	0.000000
0.052452	0.000000
0.455264	0.000000
0.055769	0.000000
0.524210	0.000000
0.291532	0.000000
0.023245	0.000000
0.230153	0.000000
1.120249	0.000000
0.220693	0.000000
0.020130	0.000000
0.448532	0.000000
0.007445	0.000000
0.069703	0.000000
0.126529	0.000000
0.092724	0.000000
0.073835	0.000000
0.246289	0.000000
0.130525	0.000000
0.045140	0.000000
5.209512	0.000000
0.009236	0.000000
0.660843	0.000000
0.303284	0.000000
0.084464	0.000000
0.026058	0.000000
-0.284509	0.000000
0.215540	0.000000
0.220504	0.000000
0.070530	0.000000
0.487591	0.000000
0.192253	0.000000
0.119726	0.000000
0.414002	0.000000
0.213543	0.000000
0.096434	0.000000
0.415310	0.000000
0.302048	0.000000
0.751519	0.000000
0.195486	0.000000
0.025573	0.000000
0.043105	0.000000
0.076140	0.000000
0.050271	0.000000
0.484664	0.000000
0.404841	0.000000
0.017389	0.000000
0.135998	0.000000
0.156217	0.000000
0.075651	0.000000
0.364034	0.000000
-0.001376	0.000000
0.784639	0.000000
0.266076	0.000000
0.051529	0.000000
0.036422	0.000000
0.031391	0.000000
0.808505	0.000000
0.099506	0.000000
0.396933	0.000000
0.286265	0.000000
0.137784	0.000000
2.837752	0.000000
0.214283	0.000000
0.038707	0.000000
0.009059	0.000000
0.003972	0.000000
1.751739	0.000000
0.039730	0.000000
0.418562	0.000000
-0.077460	0.000000
0.257420	0.000000
0.049289	0.000000
0.041094	0.000000
4.264884	0.000000
0.066922	0.000000
0.280322	0.000000
0.193992	0.000000
0.034509	0.000000
0.196259	0.000000
0.143679	0.000000
0.132498	0.000000
0.031525	0.000000
0.081167	0.000000
0.059546	0.000000
-0.082753	0.000000
0.178361	0.000000
0.362289	0.000000
0.189731	0.000000
0.050245	0.000000
0.843107	0.000000
0.139305	0.000000
0.577462	0.000000
0.363440	0.000000
-0.154331	0.000000
0.713118	0.000000
5.939004	0.000000
0.284443	0.000000
1.429419	0.000000
0.971181	0.000000
1.311909	0.000000
0.072154	0.000000
0.013046	0.000000
0.491452	0.000000
0.521666	0.000000
0.298864	0.000000
0.147467	0.000000
0.066760	0.000000
-0.066715	0.000000
0.758974	0.000000
0.183108	0.000000
0.134262	0.000000
0.077162	0.000000
1.318693	0.000000
0.124958	0.000000
0.120224	0.000000
0.276195	0.000000
0.889735	0.000000
0.138219	0.000000
0.278124	0.000000
0.095604	0.000000
0.453810	0.000000
0.709860	0.000000
0.089252	0.000000
0.451669	0.000000
0.017391	0.000000
0.008042	0.000000
0.187531	0.000000
0.057002	0.000000
6.905266	0.000000
0.025756	0.000000
3.515088	0.000000
0.151420	0.000000
0.105851	0.000000
1.115744	0.000000
2.134656	0.000000
0.186329	0.000000
0.080794	0.000000
0.279100	0.000000
1.216206	0.000000
0.241860	0.000000
0.558619	0.000000
0.110583	0.000000
0.001038	0.000000
