0.018012	0.000000
0.071076	0.000000
0.078674	0.000000
0.016994	0.000000
0.097104	0.000000
0.057596	0.000000
0.134389	0.000000
0.193742	0.000000
0.103983	0.000000
0.227226	0.000000
0.291415	0.000000
0.062648	0.000000
0.033291	0.000000
0.034867	0.000000
3.706466	0.000000
0.803718	0.000000
0.258690	0.000000
0.044250	0.000000
3.644027	0.000000
2.541370	0.000000
0.098833	0.000000
0.007038	0.000000
0.067135	0.000000
0.103607	0.000000
0.495399	0.000000
0.245106	0.000000
0.138388	0.000000
0.259569	0.000000
0.095961	0.000000
0.061601	0.000000
0.057812	0.000000
0.072584	0.000000
0.134615	0.000000
1.190668	0.000000
0.359695	0.000000
4.714953	0.000000
0.121800	0.000000
0.159087	0.000000
0.068464	0.000000
0.032503	0.000000
0.005935	0.000000
0.549532	0.000000
0.539129	0.000000
0.147201	0.000000
0.129805	0.000000
0.009959	0.000000
0.333114	0.000000
0.164051	0.000000
0.012919	0.000000
0.030132	0.000000
2.803648	0.000000
0.244989	0.000000
0.025456	0.000000
-0.071337	0.000000
0.132321	0.000000
0.123590	0.000000
0.042402	0.000000
0.085876	0.000000
0.067211	0.000000
0.046705	0.000000
0.300979	0.000000
0.016300	0.000000
0.252313	0.000000
1.738195	0.000000
0.074237	0.000000
0.063242	0.000000
0.389925	0.000000
0.426127	0.000000
0.084144	0.000000
6.503169	0.000000
0.219356	0.000000
0.115106	0.000000
0.191688	0.000000
0.036609	0.000000
0.378100	0.000000
0.280476	0.000000
0.267836	0.000000
0.055417	0.000000
0.411860	0.000000
1.133580	0.000000
0.155143	0.000000
0.002615	0.000000
0.021082	0.000000
-0.363227	0.000000
0.024527	0.000000
0.090701	0.000000
0.128815	0.000000
0.045367	0.000000
0.046694	0.000000
0.014054	0.000000
0.149509	0.000000
5.677915	0.000000
0.022924	0.000000
0.221076	0.000000
0.454622	0.000000
0.263097	0.000000
0.100668	0.000000
0.333811	0.000000
0.821491	0.000000
0.177372	0.000000
0.421571	0.000000
1.571090	0.000000
0.324171	0.000000
0.224895	0.000000
0.169248	0.000000
0.009447	0.000000
2.712493	0.000000
0.537318	0.000000
0.024316	0.000000
0.042294	0.000000
0.445668	0.000000
0.066985	0.000000
0.000947	0.000000
0.062189	0.000000
0.136419	0.000000
0.105526	0.000000
0.032402	0.000000
1.844255	0.000000
0.560440	0.000000
0.636203	0.000000
0.149704	0.000000
0.316187	0.000000
0.002148	0.000000
0.098747	0.000000
0.170517	0.000000
0.629792	0.000000
-0.047910	0.000000
1.716795	0.000000
0.027417	0.000000
0.180428	0.000000
0.632497	0.000000
0.219279	0.000000
0.270307	0.000000
7.838525	0.000000
0.450798	0.000000
1.417450	0.000000
0.907831	0.000000
0.158447	0.000000
0.441023	0.000000
0.108312	0.000000
0.116927	0.000000
0.003794	0.000000
0.053245	0.000000
0.066170	0.000000
0.029225	0.000000
0.145621	0.000000
0.056456	0.000000
0.388639	0.000000
1.648321	0.000000
0.005347	0.000000
0.349685	0.000000
0.029174	0.000000
0.245289	0.000000
0.268410	0.000000
0.240400	0.000000
0.569420	0.000000
0.084045	0.000000
0.516590	0.000000
0.511430	0.000000
-0.274058	0.000000
-0.003243	0.000000
0.535267	0.000000
0.547827	0.000000
0.304988	0.000000
-0.087323	0.000000
0.183703	0.000000
3.054547	0.000000
1.260063	0.000000
0.010045	0.000000
0.160427	0.000000
0.805539	0.000000
0.329117	0.000000
0.355510	0.000000
0.188055	0.000000
0.048979	0.000000
0.777408	0.000000
0.012493	0.000000
0.191363	0.000000
0.350318	0.000000
1.044889	0.000000
0.204198	0.000000
3.479357	0.000000
0.269717	0.000000
0.002430	0.000000
0.275112	0.000000
0.051972	0.000000
0.121387	0.000000
1.309539	0.000000
0.112662	0.000000
0.047687	0.000000
1.097435	0.000000
1.120994	0.000000
0.159468	0.000000
0.077705	0.000000
2.634538	0.000000
1.064317	0.000000
0.550632	0.000000
0.087338	0.000000
0.173681	0.000000
1.505356	0.000000
0.025188	0.000000
1.139913	0.000000
0.056322	0.000000
0.079204	0.000000
0.013862	0.000000
0.155507	0.000000
-0.214796	0.000000
0.268494	0.000000
0.118710	0.000000
0.018950	0.000000
0.142290	0.000000
-0.267543	0.000000
0.169147	0.000000
0.613712	0.000000
0.237957	0.000000
0.362576	0.000000
1.520898	0.000000
0.600673	0.000000
0.297475	0.000000
0.078473	0.000000
-0.018945	0.000000
4.188073	0.000000
0.921550	0.000000
0.284318	0.000000
-0.053593	0.000000
-0.012408	0.000000
6.819777	0.000000
0.718674	0.000000
0.032352	0.000000
0.016397	0.000000
0.214427	0.000000
0.848527	0.000000
0.103275	0.000000
5.091372	0.000000
0.107081	0.000000
0.021550	0.000000
7.806621	0.000000
0.635523	0.000000
0.237586	0.000000
0.103711	0.000000
0.569568	0.000000
0.141487	0.000000
0.057231	0.000000
0.018153	0.000000
0.004942	0.000000
7.704198	0.000000
0.066736	0.000000
1.907250	0.000000
0.144165	0.000000
0.050680	0.000000
0.376864	0.000000
0.320325	0.000000
0.053345	0.000000
0.518870	0.000000
0.542082	0.000000
0.422785	0.000000
0.301373	0.000000
0.268695	0.000000
0.302301	0.000000
0.376162	0.000000
0.055533	0.000000
0.003323	0.000000
0.126296	0.000000
0.052994	0.000000
0.029691	0.000000
0.251221	0.000000
0.095441	0.000000
7.614044	0.000000
-0.043553	0.000000
0.024577	0.000000
0.169206	0.000000
-0.027027	0.000000
0.179438	0.000000
0.930888	0.000000
0.034062	0.000000
1.005197	0.000000
0.556224	0.000000
0.126264	0.000000
0.127746	0.000000
-3.278632	0.000000
0.010464	0.000000
-0.078895	0.000000
0.067247	0.000000
0.520145	0.000000
0.892209	0.000000
0.180333	0.000000
-0.417402	0.000000
-0.151848	0.000000
0.020464	0.000000
0.065418	0.000000
0.162593	0.000000
-0.031266	0.000000
0.196246	0.000000
0.166502	0.000000
0.142660	0.000000
-0.079941	0.000000
0.016067	0.000000
-0.118403	0.000000
0.421518	0.000000
0.041991	0.000000
0.551353	0.000000
0.452419	0.000000
0.935591	0.000000
0.030645	0.000000
6.643758	0.000000
0.004746	0.000000
-0.041140	0.000000
0.695529	0.000000
0.065527	0.000000
0.128234	0.000000
0.184654	0.000000
0.299041	0.000000
0.060095	0.000000
-0.013134	0.000000
0.170847	0.000000
1.738403	0.000000
0.466411	0.000000
-0.046104	0.000000
0.091710	0.000000
0.241007	0.000000
7.540820	0.000000
0.003353	0.000000
0.071332	0.000000
0.057805	0.000000
0.019335	0.000000
0.219587	0.000000
0.046817	0.000000
0.121482	0.000000
0.353394	0.000000
0.048557	0.000000
0.144169	0.000000
0.256528	0.000000
0.652578	0.000000
1.290557	0.000000
0.109069	0.000000
0.601411	0.000000
0.033870	0.000000
0.218912	0.000000
0.070871	0.000000
0.290077	0.000000
0.020785	0.000000
0.285786	0.000000
0.102514	0.000000
0.437439	0.000000
0.451633	0.000000
0.041968	0.000000
0.877533	0.000000
1.210897	0.000000
0.005407	0.000000
0.013629	0.000000
-2.062093	0.000000
0.648764	0.000000
-0.180528	0.000000
4.241136	0.000000
-0.139678	0.000000
0.192802	0.000000
0.006347	0.000000
0.664447	0.000000
0.754690	0.000000
0.093699	0.000000
0.927924	0.000000
0.306862	0.000000
0.108506	0.000000
0.053970	0.000000
0.022397	0.000000
0.017849	0.000000
0.012389	0.000000
0.371837	0.000000
0.112125	0.000000
0.328938	0.000000
0.258962	0.000000
1.253809	0.000000
0.155913	0.000000
0.249949	0.000000
1.258806	0.000000
1.089079	0.000000
0.458042	0.000000
0.140079	0.000000
0.151188	0.000000
-0.083319	0.000000
1.215502	0.000000
0.008993	0.000000
0.037808	0.000000
0.173824	0.000000
0.084034	0.000000
0.224774	0.000000
0.009807	0.000000
0.150089	0.000000
0.116074	0.000000
0.090828	0.000000
0.401819	0.000000
0.065369	0.000000
0.163860	0.000000
0.375419	0.000000
0.302283	0.000000
0.032226	0.000000
4.171514	0.000000
0.153503	0.000000
6.983762	0.000000
3.596665	0.000000
0.043886	0.000000
0.589605	0.000000
0.140266	0.000000
2.527631	0.000000
0.173024	0.000000
0.054776	0.000000
0.476747	0.000000
-0.596639	0.000000
0.031656	0.000000
0.056419	0.000000
0.591679	0.000000
0.108269	0.000000
0.055218	0.000000
1.155391	0.000000
0.094148	0.000000
0.258545	0.000000
0.036294	0.000000
0.098734	0.000000
0.261294	0.000000
0.346553	0.000000
0.860009	0.000000
-0.043516	0.000000
1.458200	0.000000
0.374623	0.000000
0.585606	0.000000
0.123205	0.000000
0.325170	0.000000
0.002804	0.000000
0.128378	0.000000
0.158781	0.000000
-0.096135	0.000000
0.405252	0.000000
0.905346	0.000000
0.052426	0.000000
1.342206	0.000000
2.392138	0.000000
0.301187	0.000000
0.027222	0.000000
0.072235	0.000000
1.246960	0.000000
0.042856	0.000000
-0.001779	0.000000
-0.001303	0.000000
1.747584	0.000000
0.374460	0.000000
0.154078	0.000000
0.073760	0.000000
0.238278	0.000000
0.721331	0.000000
0.063904	0.000000
1.786098	0.000000
0.222728	0.000000
1.198071	0.000000
2.627005	0.000000
0.162243	0.000000
-0.083307	0.000000
0.494533	0.000000
0.228413	0.000000
0.052043	0.000000
0.159319	0.000000
0.057479	0.000000
-0.016759	0.000000
0.069855	0.000000
0.708323	0.000000
0.163080	0.000000
0.009420	0.000000
1.464590	0.000000
0.585815	0.000000
0.033055	0.000000
0.056305	0.000000
1.410998	0.000000
0.084823	0.000000
-0.003987	0.000000
0.134918	0.000000
0.635485	0.000000
0.201354	0.000000
0.159519	0.000000
0.071405	0.000000
0.218392	0.000000
0.102109	0.000000
0.404441	0.000000
0.149198	0.000000
0.452337	0.000000
0.048483	0.000000
0.096010	0.000000
-0.027152	0.000000
0.105436	0.000000
0.112244	0.000000
0.009157	0.000000
0.059595	0.000000
0.040418	0.000000
0.284573	0.000000
0.030150	0.000000
0.065436	0.000000
-0.343636	0.000000
0.516053	0.000000
1.942397	0.000000
0.052819	0.000000
0.088057	0.000000
0.522079	0.000000
0.085580	0.000000
0.003341	0.000000
0.037218	0.000000
0.249836	0.000000
0.029670	0.000000
0.192413	0.000000
0.285790	0.000000
0.133178	0.000000
0.110897	0.000000
0.047288	0.000000
1.683629	0.000000
0.058379	0.000000
0.215387	0.000000
0.285560	0.000000
0.120551	0.000000
0.139724	0.000000
-0.324957	0.000000
0.233603	0.000000
0.272226	0.000000
-4.961824	0.000000
0.007937	0.000000
0.771924	0.000000
0.880529	0.000000
0.416134	0.000000
0.162300	0.000000
0.018021	0.000000
0.460507	0.000000
0.460148	0.000000
0.044501	0.000000
0.050314	0.000000
0.456541	0.000000
0.330045	0.000000
0.064522	0.000000
0.091035	0.000000
0.392064	0.000000
0.067403	0.000000
0.024457	0.000000
0.239191	0.000000
0.388338	0.000000
0.077336	0.000000
0.253196	0.000000
4.429244	0.000000
0.086310	0.000000
0.006043	0.000000
0.051440	0.000000
0.058677	0.000000
0.143410	0.000000
0.160971	0.000000
0.030785	0.000000
0.005429	0.000000
0.817638	0.000000
0.492335	0.000000
0.218234	0.000000
0.106883	0.000000
0.797597	0.000000
0.535166	0.000000
0.198087	0.000000
0.076461	0.000000
0.360546	0.000000
-0.267176	0.000000
0.057311	0.000000
0.011622	0.000000
0.026603	0.000000
0.086296	0.000000
0.391862	0.000000
0.395673	0.000000
0.085424	0.000000
-0.198072	0.000000
0.114065	0.000000
0.008987	0.000000
0.113772	0.000000
0.099045	0.000000
0.302902	0.000000
0.155245	0.000000
0.061612	0.000000
-5.572924	0.000000
0.663639	0.000000
0.417943	0.000000
0.446644	0.000000
0.042603	0.000000
0.016241	0.000000
0.714739	0.000000
0.233451	0.000000
0.277984	0.000000
0.505708	0.000000
0.057171	0.000000
0.090180	0.000000
1.846802	0.000000
0.042560	0.000000
0.028625	0.000000
0.499412	0.000000
0.208106	0.000000
0.055453	0.000000
0.128619	0.000000
1.077824	0.000000
0.194800	0.000000
0.052683	0.000000
0.176186	0.000000
0.221693	0.000000
0.098913	0.000000
0.453898	0.000000
-0.008333	0.000000
0.191302	0.000000
0.184833	0.000000
0.092967	0.000000
0.016200	0.000000
0.092603	0.000000
0.145805	0.000000
0.083910	0.000000
0.118325	0.000000
0.033670	0.000000
0.062246	0.000000
0.145077	0.000000
0.230604	0.000000
0.185915	0.000000
0.869580	0.000000
0.589593	0.000000
0.028352	0.000000
0.074854	0.000000
-0.110840	0.000000
0.282407	0.000000
0.001462	0.000000
0.022526	0.000000
0.059330	0.000000
0.015079	0.000000
0.099285	0.000000
0.078821	0.000000
0.019871	0.000000
0.285782	0.000000
-0.046267	0.000000
0.450142	0.000000
0.080100	0.000000
2.744269	0.000000
0.208476	0.000000
0.091573	0.000000
0.192600	0.000000
1.182876	0.000000
0.143122	0.000000
0.271820	0.000000
0.194152	0.000000
0.022255	0.000000
0.289227	0.000000
0.089386	0.000000
2.524129	0.000000
0.055090	0.000000
0.019491	0.000000
0.588285	0.000000
-0.032738	0.000000
-0.002797	0.000000
0.076975	0.000000
0.795973	0.000000
-0.051230	0.000000
0.008234	0.000000
0.184300	0.000000
0.429496	0.000000
0.069905	0.000000
0.047202	0.000000
0.148600	0.000000
-0.226366	0.000000
0.097442	0.000000
0.104522	0.000000
0.113134	0.000000
0.083681	0.000000
0.202189	0.000000
0.090672	0.000000
0.066091	0.000000
0.760321	0.000000
0.494377	0.000000
0.068834	0.000000
0.491412	0.000000
0.504100	0.000000
0.015843	0.000000
0.231305	0.000000
-0.024655	0.000000
1.493834	0.000000
0.885801	0.000000
1.839825	0.000000
0.172251	0.000000
0.138133	0.000000
0.992977	0.000000
0.053029	0.000000
0.003350	0.000000
0.034806	0.000000
0.062913	0.000000
0.048092	0.000000
0.070030	0.000000
0.126647	0.000000
0.058702	0.000000
0.040073	0.000000
0.063422	0.000000
0.365411	0.000000
3.592172	0.000000
0.034761	0.000000
0.254878	0.000000
0.189457	0.000000
0.234171	0.000000
0.372646	0.000000
0.038387	0.000000
0.153740	0.000000
0.097812	0.000000
0.039695	0.000000
0.176039	0.000000
0.230307	0.000000
1.335526	0.000000
0.079266	0.000000
0.019911	0.000000
0.829142	0.000000
0.850203	0.000000
0.006890	0.000000
0.007385	0.000000
0.439082	0.000000
-0.088154	0.000000
0.007590	0.000000
0.078785	0.000000
0.187984	0.000000
0.297340	0.000000
0.027958	0.000000
0.140034	0.000000
0.289016	0.000000
4.447815	0.000000
0.098109	0.000000
0.400452	0.000000
0.164717	0.000000
0.005263	0.000000
0.151774	0.000000
0.014961	0.000000
0.126949	0.000000
1.937468	0.000000
0.031563	0.000000
0.331850	0.000000
0.472184	0.000000
0.275260	0.000000
0.012949	0.000000
0.066081	0.000000
0.213249	0.000000
0.314047	0.000000
0.653753	0.000000
0.021960	0.000000
0.209958	0.000000
0.159108	0.000000
0.127539	0.000000
0.010442	0.000000
0.018251	0.000000
0.224903	0.000000
0.073347	0.000000
0.096094	0.000000
0.313954	0.000000
0.211542	0.000000
7.329397	0.000000
0.061523	0.000000
0.058376	0.000000
0.176352	0.000000
0.171327	0.000000
0.506760	0.000000
0.152995	0.000000
0.085479	0.000000
0.139903	0.000000
0.118709	0.000000
0.127623	0.000000
0.307887	0.000000
0.010976	0.000000
0.091836	0.000000
0.074915	0.000000
0.410832	0.000000
0.053867	0.000000
0.020563	0.000000
0.039276	0.000000
0.415940	0.000000
0.066360	0.000000
0.350501	0.000000
1.457800	0.000000
0.889749	0.000000
0.032192	0.000000
0.209972	0.000000
0.040321	0.000000
0.071995	0.000000
0.027303	0.000000
0.200299	0.000000
0.105964	0.000000
0.106014	0.000000
0.274074	0.000000
0.093526	0.000000
6.857257	0.000000
0.060931	0.000000
0.543921	0.000000
0.013315	0.000000
0.662890	0.000000
0.047727	0.000000
0.091769	0.000000
0.177433	0.000000
0.078100	0.000000
0.031969	0.000000
0.126480	0.000000
0.005572	0.000000
0.981251	0.000000
0.560166	0.000000
0.370505	0.000000
0.037992	0.000000
3.150462	0.000000
0.630609	0.000000
0.092505	0.000000
0.005237	0.000000
0.037352	0.000000
0.014322	0.000000
0.210166	0.000000
0.082224	0.000000
0.074923	0.000000
0.463176	0.000000
0.463701	0.000000
0.035861	0.000000
0.084016	0.000000
0.191205	0.000000
0.062298	0.000000
0.671102	0.000000
0.289209	0.000000
0.804935	0.000000
0.033861	0.000000
0.227541	0.000000
0.063248	0.000000
0.120535	0.000000
-0.012814	0.000000
2.544761	0.000000
0.072074	0.000000
0.498930	0.000000
0.146523	0.000000
0.025076	0.000000
0.307053	0.000000
1.805770	0.000000
0.016882	0.000000
0.026159	0.000000
0.313629	0.000000
-0.006014	0.000000
0.032276	0.000000
-0.138312	0.000000
1.084414	0.000000
0.146810	0.000000
0.064302	0.000000
0.163381	0.000000
0.674269	0.000000
0.105611	0.000000
1.087789	0.000000
0.081512	0.000000
0.117128	0.000000
0.155014	0.000000
0.139109	0.000000
-0.010697	0.000000
0.522652	0.000000
0.227895	0.000000
0.228251	0.000000
0.499992	0.000000
0.170231	0.000000
0.908897	0.000000
0.069705	0.000000
0.066756	0.000000
0.040893	0.000000
0.998696	0.000000
1.541965	0.000000
0.264136	0.000000
0.170609	0.000000
0.281975	0.000000
-0.000275	0.000000
0.020208	0.000000
0.014374	0.000000
-0.204391	0.000000
0.010486	0.000000
1.795678	0.000000
0.021421	0.000000
0.576127	0.000000
0.055451	0.000000
0.049812	0.000000
0.418083	0.000000
0.448084	0.000000
0.174357	0.000000
3.106670	0.000000
-0.035824	0.000000
-0.108546	0.000000
0.820848	0.000000
0.137763	0.000000
0.223501	0.000000
0.123482	0.000000
0.062950	0.000000
3.642172	0.000000
0.125688	0.000000
1.694358	0.000000
0.331074	0.000000
-0.019672	0.000000
0.370213	0.000000
2.814857	0.000000
0.011946	0.000000
0.072849	0.000000
0.472162	0.000000
2.825321	0.000000
0.152538	0.000000
0.056996	0.000000
0.388269	0.000000
0.136844	0.000000
0.016341	0.000000
0.131121	0.000000
0.197337	0.000000
0.635158	0.000000
0.585055	0.000000
0.033390	0.000000
0.052778	0.000000
0.163673	0.000000
0.031502	0.000000
0.039354	0.000000
0.234284	0.000000
0.850767	0.000000
0.047026	0.000000
0.103471	0.000000
0.210092	0.000000
-0.077570	0.000000
0.052662	0.000000
0.060501	0.000000
0.290457	0.000000
0.078928	0.000000
0.683206	0.000000
0.090479	0.000000
0.035798	0.000000
0.601346	0.000000
0.178897	0.000000
0.002618	0.000000
0.029241	0.000000
0.062710	0.000000
0.030149	0.000000
-0.250853	0.000000
0.041695	0.000000
0.291629	0.000000
0.045595	0.000000
0.012796	0.000000
0.630130	0.000000
0.078373	0.000000
0.047049	0.000000
0.137055	0.000000
0.050120	0.000000
-0.007177	0.000000
0.115091	0.000000
0.377461	0.000000
0.159938	0.000000
-0.054476	0.000000
0.021122	0.000000
0.267478	0.000000
0.170778	0.000000
0.679662	0.000000
-0.181861	0.000000
0.104819	0.000000
0.264756	0.000000
0.188203	0.000000
0.018514	0.000000
0.063044	0.000000
0.684900	0.000000
0.102030	0.000000
0.020711	0.000000
0.053407	0.000000
0.260453	0.000000
0.189243	0.000000
0.022376	0.000000
0.177937	0.000000
0.200186	0.000000
0.099592	0.000000
0.429005	0.000000
0.037888	0.000000
0.169668	0.000000
0.055859	0.000000
0.040876	0.000000
0.030801	0.000000
0.230754	0.000000
0.062743	0.000000
0.300820	0.000000
0.052650	0.000000
0.071326	0.000000
0.342229	0.000000
-0.094125	0.000000
0.052316	0.000000
0.577627	0.000000
-0.703553	0.000000
0.049941	0.000000
0.082925	0.000000
2.531423	0.000000
1.256981	0.000000
0.096047	0.000000
0.002341	0.000000
0.014927	0.000000
0.063530	0.000000
0.156591	0.000000
0.326374	0.000000
0.041183	0.000000
2.207288	0.000000
0.453198	0.000000
0.018473	0.000000
0.143718	0.000000
0.211210	0.000000
-0.105821	0.000000
0.170118	0.000000
1.510665	0.000000
0.072865	0.000000
0.803029	0.000000
0.286896	0.000000
0.094328	0.000000
0.057668	0.000000
0.025387	0.000000
0.487847	0.000000
0.137555	0.000000
0.255921	0.000000
0.096584	0.000000
0.011208	0.000000
0.625008	0.000000
-0.142384	0.000000
0.010045	0.000000
0.021651	0.000000
0.420630	0.000000
0.170410	0.000000
0.031787	0.000000
0.208966	0.000000
0.244172	0.000000
0.100168	0.000000
0.112270	0.000000
0.245206	0.000000
0.120112	0.000000
0.137284	0.000000
0.151786	0.000000
0.157104	0.000000
0.394846	0.000000
0.060908	0.000000
0.075790	0.000000
0.042657	0.000000
0.417038	0.000000
0.076448	0.000000
0.063381	0.000000
0.117556	0.000000
0.093662	0.000000
0.251254	0.000000
0.064721	0.000000
0.028788	0.000000
-0.386909	0.000000
1.488504	0.000000
0.668941	0.000000
0.006580	0.000000
4.567703	0.000000
0.123681	0.000000
0.523602	0.000000
0.022336	0.000000
0.030604	0.000000
0.053392	0.000000
0.028580	0.000000
0.142266	0.000000
0.101793	0.000000
0.057486	0.000000
0.120835	0.000000
0.031507	0.000000
1.136039	0.000000
0.383759	0.000000
0.134978	0.000000
0.318317	0.000000
0.395593	0.000000
0.471135	0.000000
0.101700	0.000000
0.370782	0.000000
0.201124	0.000000
0.337880	0.000000
0.009594	0.000000
0.701203	0.000000
6.319729	0.000000
0.272372	0.000000
-0.044950	0.000000
0.017272	0.000000
0.096962	0.000000
5.863417	0.000000
0.021647	0.000000
0.008764	0.000000
0.791108	0.000000
0.436009	0.000000
0.027912	0.000000
0.191050	0.000000
0.065741	0.000000
0.150456	0.000000
0.082701	0.000000
0.124136	0.000000
0.452395	0.000000
0.210242	0.000000
5.034075	0.000000
0.093938	0.000000
0.273781	0.000000
0.049182	0.000000
0.055092	0.000000
0.012904	0.000000
0.126433	0.000000
0.125827	0.000000
0.073777	0.000000
0.150330	0.000000
0.253811	0.000000
0.010703	0.000000
0.098321	0.000000
0.835767	0.000000
0.199776	0.000000
0.232995	0.000000
4.476526	0.000000
0.807986	0.000000
0.016265	0.000000
0.280295	0.000000
0.879327	0.000000
0.017124	0.000000
0.182777	0.000000
0.056126	0.000000
0.043868	0.000000
0.258719	0.000000
-0.128080	0.000000
0.172627	0.000000
0.464783	0.000000
0.059082	0.000000
0.060062	0.000000
0.388638	0.000000
0.895234	0.000000
0.582551	0.000000
0.100917	0.000000
0.026858	0.000000
0.413435	0.000000
0.434486	0.000000
0.114456	0.000000
0.093775	0.000000
0.018819	0.000000
1.471858	0.000000
0.303843	0.000000
3.915397	0.000000
0.132716	0.000000
0.010417	0.000000
0.212560	0.000000
0.541629	0.000000
0.024241	0.000000
0.022863	0.000000
0.652913	0.000000
1.642899	0.000000
0.058982	0.000000
0.071858	0.000000
0.515280	0.000000
0.051364	0.000000
0.094675	0.000000
0.183315	0.000000
0.358067	0.000000
-0.215840	0.000000
0.976363	0.000000
0.258836	0.000000
0.029217	0.000000
0.243538	0.000000
0.063303	0.000000
0.029171	0.000000
0.151638	0.000000
0.413221	0.000000
0.137354	0.000000
0.197419	0.000000
0.691064	0.000000
0.600145	0.000000
0.056518	0.000000
0.145653	0.000000
0.253178	0.000000
1.212413	0.000000
4.391976	0.000000
0.014387	0.000000
0.116092	0.000000
0.030754	0.000000
0.301887	0.000000
0.021970	0.000000
0.037565	0.000000
0.115826	0.000000
0.031405	0.000000
0.119131	0.000000
0.046007	0.000000
-0.074159	0.000000
0.120151	0.000000
0.128686	0.000000
0.209486	0.000000
0.121953	0.000000
0.221067	0.000000
0.418109	0.000000
0.410526	0.000000
0.150573	0.000000
0.053228	0.000000
0.431667	0.000000
0.339438	0.000000
0.445066	0.000000
0.014160	0.000000
0.808267	0.000000
0.823399	0.000000
0.756464	0.000000
0.070160	0.000000
-0.004099	0.000000
1.404040	0.000000
2.659943	0.000000
-0.068690	0.000000
0.048081	0.000000
1.494370	0.000000
0.192656	0.000000
0.029497	0.000000
0.111331	0.000000
0.228976	0.000000
0.086269	0.000000
0.157286	0.000000
0.139677	0.000000
0.229948	0.000000
0.183045	0.000000
0.428387	0.000000
0.326412	0.000000
0.050658	0.000000
0.031124	0.000000
0.033913	0.000000
1.401360	0.000000
2.208600	0.000000
0.187542	0.000000
0.039835	0.000000
0.108984	0.000000
1.734950	0.000000
0.186545	0.000000
0.198222	0.000000
0.021966	0.000000
0.343115	0.000000
1.877308	0.000000
0.417338	0.000000
0.252701	0.000000
1.147507	0.000000
1.307294	0.000000
0.009195	0.000000
0.003055	0.000000
0.047125	0.000000
0.210826	0.000000
0.025594	0.000000
0.396191	0.000000
0.025076	0.000000
-0.048566	0.000000
1.542796	0.000000
0.111798	0.000000
4.308899	0.000000
0.112072	0.000000
0.106967	0.000000
1.016198	0.000000
0.052431	0.000000
-0.057755	0.000000
0.245518	0.000000
0.164124	0.000000
0.082332	0.000000
1.599598	0.000000
0.040614	0.000000
0.149651	0.000000
0.200087	0.000000
0.648513	0.000000
0.135763	0.000000
0.268044	0.000000
0.854990	0.000000
0.150168	0.000000
0.012221	0.000000
0.007207	0.000000
0.195308	0.000000
0.408879	0.000000
0.051699	0.000000
0.145700	0.000000
0.056022	0.000000
0.145081	0.000000
0.465476	0.000000
0.072699	0.000000
1.232403	0.000000
0.280900	0.000000
0.364205	0.000000
0.052792	0.000000
0.071414	0.000000
6.478536	0.000000
-0.018490	0.000000
0.025821	0.000000
0.263396	0.000000
0.342991	0.000000
0.029081	0.000000
0.447022	0.000000
0.102314	0.000000
0.062695	0.000000
0.318481	0.000000
0.092784	0.000000
1.106442	0.000000
0.218366	0.000000
0.121987	0.000000
0.114374	0.000000
0.530892	0.000000
4.798522	0.000000
0.039504	0.000000
0.000490	0.000000
0.020106	0.000000
0.146866	0.000000
-7.650921	0.000000
0.050524	0.000000
0.030821	0.000000
0.393927	0.000000
0.086737	0.000000
0.028351	0.000000
0.050596	0.000000
-0.025973	0.000000
0.064928	0.000000
0.296352	0.000000
1.242423	0.000000
0.254426	0.000000
0.060013	0.000000
0.594910	0.000000
0.361191	0.000000
0.043355	0.000000
0.003059	0.000000
0.849202	0.000000
0.076703	0.000000
0.339528	0.000000
0.063288	0.000000
0.031608	0.000000
0.178925	0.000000
0.440185	0.000000
0.017921	0.000000
0.009543	0.000000
0.760395	0.000000
0.068761	0.000000
0.002898	0.000000
0.053987	0.000000
0.169412	0.000000
0.132336	0.000000
0.129878	0.000000
0.333735	0.000000
0.142878	0.000000
0.199913	0.000000
0.408487	0.000000
0.070809	0.000000
0.127485	0.000000
0.045622	0.000000
0.136866	0.000000
0.048985	0.000000
0.110113	0.000000
0.347361	0.000000
0.072103	0.000000
0.131918	0.000000
0.293415	0.000000
0.082298	0.000000
0.144204	0.000000
0.024705	0.000000
0.287251	0.000000
0.749671	0.000000
0.517985	0.000000
0.068822	0.000000
1.289919	0.000000
0.215291	0.000000
0.117655	0.000000
0.004673	0.000000
0.002875	0.000000
0.076836	0.000000
0.033564	0.000000
5.977799	0.000000
0.051170	0.000000
0.068158	0.000000
0.090189	0.000000
0.499565	0.000000
0.314721	0.000000
1.960498	0.000000
0.050551	0.000000
1.267063	0.000000
0.135513	0.000000
0.655459	0.000000
0.274716	0.000000
0.102140	0.000000
0.119966	0.000000
0.059317	0.000000
7.817219	0.000000
0.218440	0.000000
0.172647	0.000000
3.765942	0.000000
0.112645	0.000000
0.161398	0.000000
0.921807	0.000000
0.418566	0.000000
0.009953	0.000000
0.037878	0.000000
0.389583	0.000000
1.895697	0.000000
-0.101156	0.000000
0.299672	0.000000
1.046849	0.000000
0.136244	0.000000
0.026696	0.000000
0.069841	0.000000
0.140269	0.000000
4.109529	0.000000
0.361160	0.000000
1.036245	0.000000
0.079344	0.000000
0.023236	0.000000
0.034953	0.000000
0.013608	0.000000
0.418634	0.000000
7.156383	0.000000
0.605302	0.000000
0.574828	0.000000
0.310015	0.000000
0.121092	0.000000
0.702031	0.000000
0.114036	0.000000
1.737210	0.000000
0.266498	0.000000
-0.488208	0.000000
0.065437	0.000000
0.091304	0.000000
0.584165	0.000000
0.289559	0.000000
0.017210	0.000000
0.022406	0.000000
0.008464	0.000000
0.023771	0.000000
0.235122	0.000000
5.305948	0.000000
0.082232	0.000000
0.042318	0.000000
0.067506	0.000000
0.453261	0.000000
0.162082	0.000000
0.080416	0.000000
0.317038	0.000000
0.333888	0.000000
0.613821	0.000000
0.172473	0.000000
0.100027	0.000000
0.271285	0.000000
2.652440	0.000000
0.653446	0.000000
0.201912	0.000000
2.384797	0.000000
0.650467	0.000000
0.264254	0.000000
0.015291	0.000000
0.084405	0.000000
0.805790	0.000000
0.019785	0.000000
0.022851	0.000000
0.378179	0.000000
0.237471	0.000000
0.479456	0.000000
0.127707	0.000000
0.068962	0.000000
0.140717	0.000000
0.406492	0.000000
0.101367	0.000000
0.417466	0.000000
0.047969	0.000000
5.214761	0.000000
0.129493	0.000000
0.054270	0.000000
0.010788	0.000000
0.022620	0.000000
0.021416	0.000000
0.231327	0.000000
2.297650	0.000000
0.063766	0.000000
3.026568	0.000000
0.184531	0.000000
-0.051250	0.000000
0.431503	0.000000
0.175035	0.000000
0.161848	0.000000
0.767783	0.000000
2.001402	0.000000
0.065788	0.000000
0.223506	0.000000
0.378782	0.000000
0.117700	0.000000
7.755129	0.000000
-0.008141	0.000000
0.026776	0.000000
0.002640	0.000000
0.106771	0.000000
1.255410	0.000000
0.135824	0.000000
0.114334	0.000000
0.016054	0.000000
0.109049	0.000000
0.101095	0.000000
0.162701	0.000000
0.180391	0.000000
0.051016	0.000000
0.405882	0.000000
0.446700	0.000000
0.144867	0.000000
0.368973	0.000000
-0.062423	0.000000
0.036138	0.000000
-0.559209	0.000000
1.403966	0.000000
0.675985	0.000000
0.119637	0.000000
0.017106	0.000000
0.191837	0.000000
0.768616	0.000000
0.010363	0.000000
0.032955	0.000000
1.148294	0.000000
0.126015	0.000000
0.040085	0.000000
0.980455	0.000000
0.132472	0.000000
0.173145	0.000000
0.305917	0.000000
1.845983	0.000000
0.123552	0.000000
0.051409	0.000000
0.418567	0.000000
0.105762	0.000000
0.212103	0.000000
-0.002453	0.000000
0.016975	0.000000
0.039493	0.000000
0.470036	0.000000
0.092021	0.000000
0.093780	0.000000
0.385125	0.000000
0.547924	0.000000
0.088658	0.000000
0.020490	0.000000
0.067869	0.000000
4.003496	0.000000
1.108900	0.000000
1.235731	0.000000
0.047791	0.000000
0.206556	0.000000
0.577863	0.000000
0.322872	0.000000
0.001842	0.000000
0.590341	0.000000
0.020212	0.000000
0.035919	0.000000
0.014167	0.000000
0.492676	0.000000
0.204382	0.000000
-0.055037	0.000000
0.009432	0.000000
0.198017	0.000000
0.154854	0.000000
-0.078637	0.000000
0.554783	0.000000
0.453541	0.000000
0.574688	0.000000
0.121551	0.000000
6.045632	0.000000
0.235609	0.000000
0.017022	0.000000
0.042223	0.000000
4.688881	0.000000
0.292962	0.000000
0.333521	0.000000
0.140063	0.000000
-0.038310	0.000000
0.510587	0.000000
0.582977	0.000000
0.010717	0.000000
0.192371	0.000000
0.654577	0.000000
0.177304	0.000000
-1.468001	0.000000
0.568618	0.000000
2.441260	0.000000
0.168225	0.000000
0.016112	0.000000
4.218321	0.000000
0.118817	0.000000
0.276121	0.000000
-0.247536	0.000000
0.242749	0.000000
0.149289	0.000000
0.283908	0.000000
0.067910	0.000000
0.019249	0.000000
0.037746	0.000000
0.167363	0.000000
0.470438	0.000000
0.404972	0.000000
0.813052	0.000000
0.335253	0.000000
0.808738	0.000000
0.088073	0.000000
0.132260	0.000000
0.289632	0.000000
0.708653	0.000000
0.167745	0.000000
0.808823	0.000000
0.600712	0.000000
0.064684	0.000000
0.002923	0.000000
0.024829	0.000000
7.344125	0.000000
0.791032	0.000000
1.605931	0.000000
0.008180	0.000000
0.071926	0.000000
0.070115	0.000000
0.032565	0.000000
0.144393	0.000000
0.056000	0.000000
-0.199296	0.000000
0.272643	0.000000
0.271479	0.000000
1.180724	0.000000
0.195335	0.000000
0.158376	0.000000
0.363405	0.000000
0.130739	0.000000
0.227392	0.000000
0.920802	0.000000
1.124679	0.000000
0.377847	0.000000
0.116797	0.000000
0.031952	0.000000
1.146824	0.000000
-1.048055	0.000000
0.076405	0.000000
0.012543	0.000000
1.172445	0.000000
0.256707	0.000000
7.580997	0.000000
0.231081	0.000000
0.284109	0.000000
1.094691	0.000000
0.100406	0.000000
0.078526	0.000000
0.324090	0.000000
0.768693	0.000000
0.646490	0.000000
0.064885	0.000000
0.103109	0.000000
0.017187	0.000000
2.745128	0.000000
-0.000081	0.000000
0.189167	0.000000
0.142909	0.000000
0.057175	0.000000
0.184708	0.000000
0.158419	0.000000
0.112132	0.000000
0.411957	0.000000
0.164515	0.000000
0.654037	0.000000
0.965469	0.000000
1.626188	0.000000
0.040446	0.000000
0.312990	0.000000
0.091508	0.000000
0.057321	0.000000
0.018222	0.000000
-0.054612	0.000000
0.030423	0.000000
0.021722	0.000000
0.130453	0.000000
0.061099	0.000000
0.013905	0.000000
0.320906	0.000000
0.038008	0.000000
0.557947	0.000000
0.191386	0.000000
0.146938	0.000000
-0.236894	0.000000
0.443069	0.000000
0.165855	0.000000
0.266339	0.000000
0.060587	0.000000
0.759426	0.000000
0.134940	0.000000
0.035164	0.000000
3.229941	0.000000
0.131356	0.000000
0.454909	0.000000
-0.150860	0.000000
0.026587	0.000000
0.459467	0.000000
0.519779	0.000000
0.047477	0.000000
0.007473	0.000000
0.414333	0.000000
0.237394	0.000000
0.096105	0.000000
0.198667	0.000000
0.092340	0.000000
0.136679	0.000000
0.092922	0.000000
0.949775	0.000000
0.382428	0.000000
1.120090	0.000000
0.255304	0.000000
0.061299	0.000000
3.485336	0.000000
0.034513	0.000000
0.137863	0.000000
0.113559	0.000000
0.104375	0.000000
0.662261	0.000000
0.116553	0.000000
0.079578	0.000000
1.405086	0.000000
0.074831	0.000000
7.781160	0.000000
0.415167	0.000000
0.131091	0.000000
0.158387	0.000000
1.086314	0.000000
0.084778	0.000000
1.218328	0.000000
0.695828	0.000000
0.585345	0.000000
0.002685	0.000000
0.039373	0.000000
0.087626	0.000000
0.029108	0.000000
0.274448	0.000000
0.061041	0.000000
0.371202	0.000000
0.011378	0.000000
0.020750	0.000000
-1.351689	0.000000
0.090930	0.000000
0.155998	0.000000
0.688392	0.000000
0.364903	0.000000
0.070912	0.000000
0.745205	0.000000
0.297411	0.000000
3.712128	0.000000
0.186007	0.000000
0.029025	0.000000
0.894819	0.000000
0.086796	0.000000
1.001507	0.000000
0.092894	0.000000
0.049021	0.000000
0.478830	0.000000
0.382991	0.000000
0.229869	0.000000
0.068734	0.000000
1.472550	0.000000
0.097410	0.000000
0.317711	0.000000
0.279369	0.000000
0.293765	0.000000
1.075877	0.000000
-0.085200	0.000000
0.365940	0.000000
1.460833	0.000000
1.006331	0.000000
0.376754	0.000000
0.050298	0.000000
0.030895	0.000000
0.015742	0.000000
0.048085	0.000000
0.138589	0.000000
0.503117	0.000000
0.284723	0.000000
0.105431	0.000000
-0.056262	0.000000
1.322059	0.000000
0.402730	0.000000
0.446646	0.000000
0.103311	0.000000
0.202198	0.000000
0.275461	0.000000
0.340938	0.000000
0.054395	0.000000
0.511311	0.000000
1.720600	0.000000
0.750015	0.000000
0.008443	0.000000
0.235953	0.000000
0.040807	0.000000
0.022977	0.000000
0.040581	0.000000
0.157053	0.000000
0.063961	0.000000
-0.058139	0.000000
0.001427	0.000000
0.277372	0.000000
0.583667	0.000000
0.109792	0.000000
0.946659	0.000000
0.421565	0.000000
-0.048883	0.000000
0.538043	0.000000
0.113056	0.000000
0.201966	0.000000
0.050580	0.000000
0.025555	0.000000
1.710413	0.000000
0.410572	0.000000
0.093949	0.000000
0.439068	0.000000
7.835286	0.000000
0.286048	0.000000
0.829699	0.000000
-0.002423	0.000000
1.971235	0.000000
1.092162	0.000000
0.137223	0.000000
0.402506	0.000000
4.215823	0.000000
0.133475	0.000000
0.551911	0.000000
0.006385	0.000000
0.044753	0.000000
0.397868	0.000000
2.986299	0.000000
0.507088	0.000000
0.093807	0.000000
0.250793	0.000000
0.027413	0.000000
0.053447	0.000000
0.033546	0.000000
0.233069	0.000000
1.183195	0.000000
0.472594	0.000000
0.051552	0.000000
0.358211	0.000000
0.062854	0.000000
0.025628	0.000000
0.031451	0.000000
0.725359	0.000000
5.962903	0.000000
0.654205	0.000000
0.428617	0.000000
0.166841	0.000000
0.124593	0.000000
1.506191	0.000000
0.004874	0.000000
0.011943	0.000000
0.143433	0.000000
0.019615	0.000000
0.125869	0.000000
0.039415	0.000000
0.454007	0.000000
1.218498	0.000000
0.041494	0.000000
0.013671	0.000000
0.571695	0.000000
0.180791	0.000000
1.052401	0.000000
0.375830	0.000000
0.543649	0.000000
0.733745	0.000000
0.086894	0.000000
0.075542	0.000000
0.105994	0.000000
-0.029124	0.000000
0.746547	0.000000
0.397053	0.000000
0.595937	0.000000
0.415511	0.000000
0.028141	0.000000
0.569633	0.000000
0.448108	0.000000
0.020398	0.000000
0.076600	0.000000
1.529179	0.000000
0.162684	0.000000
0.393565	0.000000
0.779768	0.000000
0.835971	0.000000
7.646212	0.000000
0.012836	0.000000
0.230033	0.000000
0.410455	0.000000
0.732641	0.000000
0.123532	0.000000
3.936692	0.000000
0.032212	0.000000
0.016430	0.000000
0.044753	0.000000
0.096767	0.000000
0.147008	0.000000
0.391529	0.000000
0.060203	0.000000
0.108042	0.000000
0.223949	0.000000
2.247418	0.000000
0.130626	0.000000
0.073145	0.000000
0.747586	0.000000
0.291486	0.000000
2.844369	0.000000
0.118047	0.000000
0.707969	0.000000
0.307430	0.000000
0.078971	0.000000
0.002581	0.000000
0.590907	0.000000
-0.119221	0.000000
0.020391	0.000000
0.349174	0.000000
0.034638	0.000000
0.157935	0.000000
0.094775	0.000000
0.182352	0.000000
0.714819	0.000000
0.009679	0.000000
0.274665	0.000000
0.408253	0.000000
5.108795	0.000000
0.382890	0.000000
0.436597	0.000000
0.081436	0.000000
0.157987	0.000000
-0.062017	0.000000
0.006775	0.000000
0.487447	0.000000
0.374277	0.000000
0.823488	0.000000
0.272628	0.000000
0.015763	0.000000
0.200450	0.000000
0.783820	0.000000
0.309752	0.000000
0.005353	0.000000
0.343375	0.000000
0.108136	0.000000
0.040323	0.000000
0.580479	0.000000
0.161679	0.000000
0.190265	0.000000
0.016928	0.000000
0.132493	0.000000
0.064658	0.000000
0.130894	0.000000
0.323401	0.000000
0.034365	0.000000
0.181243	0.000000
0.004274	0.000000
0.042573	0.000000
0.260821	0.000000
0.278561	0.000000
0.543529	0.000000
0.133144	0.000000
0.278864	0.000000
6.023246	0.000000
0.019153	0.000000
-0.168226	0.000000
0.020928	0.000000
0.392308	0.000000
0.375734	0.000000
0.214303	0.000000
0.051146	0.000000
0.740118	0.000000
0.529540	0.000000
0.170362	0.000000
0.005643	0.000000
0.009848	0.000000
0.048844	0.000000
0.023594	0.000000
0.096056	0.000000
0.121189	0.000000
0.042395	0.000000
0.116205	0.000000
0.032543	0.000000
0.390195	0.000000
0.104520	0.000000
0.012487	0.000000
0.902501	0.000000
0.974538	0.000000
0.027570	0.000000
2.451727	0.000000
0.258259	0.000000
0.135191	0.000000
0.019180	0.000000
0.019940	0.000000
0.846416	0.000000
0.189385	0.000000
0.272012	0.000000
0.146165	0.000000
0.054622	0.000000
0.194728	0.000000
2.285650	0.000000
0.005494	0.000000
0.024182	0.000000
0.598544	0.000000
6.983318	0.000000
0.002695	0.000000
0.064743	0.000000
0.123905	0.000000
0.170350	0.000000
0.055584	0.000000
-0.102900	0.000000
0.096240	0.000000
0.139152	0.000000
0.210141	0.000000
0.081743	0.000000
0.123348	0.000000
0.065302	0.000000
0.070779	0.000000
0.124520	0.000000
0.228158	0.000000
0.702562	0.000000
0.027119	0.000000
0.081203	0.000000
0.275663	0.000000
-0.103084	0.000000
0.528066	0.000000
0.050588	0.000000
1.630400	0.000000
0.238937	0.000000
0.296922	0.000000
0.056070	0.000000
0.367944	0.000000
0.597390	0.000000
0.240899	0.000000
0.007128	0.000000
0.200838	0.000000
0.031392	0.000000
0.023369	0.000000
0.163905	0.000000
0.043614	0.000000
0.148603	0.000000
0.138767	0.000000
0.030023	0.000000
0.487160	0.000000
0.087543	0.000000
0.218530	0.000000
0.016254	0.000000
0.035664	0.000000
0.785307	0.000000
0.333221	0.000000
0.230394	0.000000
0.319069	0.000000
0.096993	0.000000
0.451135	0.000000
0.378316	0.000000
0.317008	0.000000
0.258698	0.000000
0.300285	0.000000
-0.033046	0.000000
1.268766	0.000000
0.427113	0.000000
0.019433	0.000000
0.008122	0.000000
0.472239	0.000000
0.120413	0.000000
0.064555	0.000000
0.073696	0.000000
0.222005	0.000000
0.061275	0.000000
0.005551	0.000000
0.269850	0.000000
-0.710637	0.000000
0.279366	0.000000
-0.180004	0.000000
0.158362	0.000000
0.113353	0.000000
0.049087	0.000000
0.022690	0.000000
0.044646	0.000000
0.511076	0.000000
0.162568	0.000000
0.062489	0.000000
0.029404	0.000000
0.382191	0.000000
0.050664	0.000000
0.193419	0.000000
0.089337	0.000000
0.248506	0.000000
1.007438	0.000000
3.429603	0.000000
0.187453	0.000000
0.148009	0.000000
0.735689	0.000000
0.033845	0.000000
0.029648	0.000000
0.043237	0.000000
0.091875	0.000000
0.014632	0.000000
0.356486	0.000000
0.109968	0.000000
0.211103	0.000000
0.217960	0.000000
0.056125	0.000000
0.295953	0.000000
4.190171	0.000000
0.663704	0.000000
0.163965	0.000000
0.010465	0.000000
1.284875	0.000000
0.638026	0.000000
1.497134	0.000000
0.124846	0.000000
0.132136	0.000000
0.035655	0.000000
0.116902	0.000000
0.067034	0.000000
-0.003063	0.000000
6.959203	0.000000
0.051427	0.000000
0.342791	0.000000
0.290267	0.000000
0.043280	0.000000
0.136588	0.000000
-0.138116	0.000000
0.633297	0.000000
0.197762	0.000000
0.323818	0.000000
0.089884	0.000000
0.205829	0.000000
0.028246	0.000000
0.016876	0.000000
-0.018892	0.000000
0.196582	0.000000
3.833913	0.000000
0.370260	0.000000
-0.342506	0.000000
0.038721	0.000000
0.880614	0.000000
-0.005557	0.000000
0.036815	0.000000
0.159622	0.000000
0.059560	0.000000
3.707810	0.000000
0.758155	0.000000
0.127232	0.000000
0.128050	0.000000
0.138905	0.000000
0.388518	0.000000
1.118914	0.000000
0.175093	0.000000
0.632045	0.000000
0.107593	0.000000
-0.138000	0.000000
0.088587	0.000000
0.007561	0.000000
0.147751	0.000000
0.204599	0.000000
0.075568	0.000000
0.249011	0.000000
0.610784	0.000000
0.033676	0.000000
0.031315	0.000000
0.015494	0.000000
0.994078	0.000000
0.180237	0.000000
0.044479	0.000000
1.525881	0.000000
1.753982	0.000000
0.007581	0.000000
0.439002	0.000000
0.464380	0.000000
0.484813	0.000000
0.100358	0.000000
0.049755	0.000000
-0.000315	0.000000
1.291800	0.000000
0.229450	0.000000
0.060721	0.000000
0.018781	0.000000
0.401164	0.000000
1.722610	0.000000
0.087095	0.000000
0.062350	0.000000
0.344010	0.000000
0.087710	0.000000
0.028380	0.000000
0.066841	0.000000
0.242874	0.000000
-0.028223	0.000000
0.056927	0.000000
0.512266	0.000000
0.537815	0.000000
0.504870	0.000000
0.173365	0.000000
0.042540	0.000000
0.103626	0.000000
2.017427	0.000000
0.039954	0.000000
-0.007470	0.000000
3.180980	0.000000
0.370581	0.000000
0.023924	0.000000
0.244785	0.000000
2.209445	0.000000
0.248271	0.000000
0.067476	0.000000
0.015097	0.000000
0.862411	0.000000
-0.293253	0.000000
1.924856	0.000000
0.032496	0.000000
0.041642	0.000000
0.260760	0.000000
0.069882	0.000000
0.002532	0.000000
0.021189	0.000000
0.095986	0.000000
-0.006798	0.000000
0.043705	0.000000
0.051365	0.000000
0.063917	0.000000
0.115356	0.000000
0.046129	0.000000
0.357723	0.000000
0.241813	0.000000
3.824452	0.000000
-0.209989	0.000000
0.263409	0.000000
0.379126	0.000000
0.013002	0.000000
1.462563	0.000000
0.053313	0.000000
0.233514	0.000000
0.003703	0.000000
0.270861	0.000000
0.073311	0.000000
0.168044	0.000000
0.045009	0.000000
0.111944	0.000000
0.255732	0.000000
0.731074	0.000000
0.021474	0.000000
0.036984	0.000000
0.480823	0.000000
0.070343	0.000000
0.054253	0.000000
0.045449	0.000000
0.062551	0.000000
0.060408	0.000000
0.052518	0.000000
0.225869	0.000000
-1.543534	0.000000
0.096516	0.000000
0.390881	0.000000
0.103683	0.000000
0.165726	0.000000
0.242028	0.000000
0.031786	0.000000
0.040825	0.000000
0.112026	0.000000
0.219629	0.000000
-0.227904	0.000000
0.103115	0.000000
-0.153181	0.000000
0.050771	0.000000
0.050631	0.000000
0.031574	0.000000
0.142121	0.000000
0.831980	0.000000
-0.260145	0.000000
0.147764	0.000000
-0.245905	0.000000
0.701934	0.000000
0.050027	0.000000
0.003499	0.000000
0.025097	0.000000
0.061696	0.000000
0.016049	0.000000
3.155329	0.000000
0.057666	0.000000
0.057109	0.000000
0.077583	0.000000
0.048459	0.000000
0.123985	0.000000
0.037181	0.000000
0.213711	0.000000
1.022020	0.000000
1.156119	0.000000
0.747646	0.000000
1.610848	0.000000
0.009213	0.000000
0.066361	0.000000
0.117636	0.000000
0.021418	0.000000
0.523249	0.000000
0.049885	0.000000
0.781407	0.000000
0.155887	0.000000
0.035545	0.000000
1.866229	0.000000
0.700299	0.000000
0.023623	0.000000
0.019954	0.000000
0.342420	0.000000
0.582743	0.000000
0.011115	0.000000
0.375428	0.000000
0.111835	0.000000
0.116622	0.000000
0.066144	0.000000
0.090160	0.000000
0.071025	0.000000
0.784354	0.000000
0.231908	0.000000
0.489887	0.000000
0.280009	0.000000
0.046438	0.000000
0.070548	0.000000
0.015843	0.000000
2.283306	0.000000
0.049781	0.000000
0.054157	0.000000
-0.086825	0.000000
0.318409	0.000000
0.043020	0.000000
0.065726	0.000000
0.019114	0.000000
0.268931	0.000000
-0.369015	0.000000
0.248160	0.000000
0.082818	0.000000
0.135053	0.000000
0.416123	0.000000
0.077700	0.000000
0.010044	0.000000
0.052721	0.000000
0.018665	0.000000
0.080963	0.000000
0.144861	0.000000
0.091709	0.000000
0.612552	0.000000
1.924106	0.000000
0.042567	0.000000
0.173202	0.000000
0.197745	0.000000
0.057697	0.000000
1.227739	0.000000
0.138769	0.000000
0.589703	0.000000
0.166413	0.000000
0.288591	0.000000
0.013029	0.000000
0.442109	0.000000
0.020635	0.000000
0.281403	0.000000
0.211833	0.000000
0.314419	0.000000
0.033099	0.000000
0.014819	0.000000
0.777373	0.000000
0.129883	0.000000
0.021106	0.000000
0.016558	0.000000
-0.026718	0.000000
0.151884	0.000000
0.052216	0.000000
0.213856	0.000000
1.471848	0.000000
0.053048	0.000000
0.123124	0.000000
0.085622	0.000000
0.132406	0.000000
0.071355	0.000000
0.172685	0.000000
0.230476	0.000000
0.883718	0.000000
-0.039566	0.000000
3.404536	0.000000
0.065998	0.000000
6.812084	0.000000
0.122063	0.000000
-7.594665	0.000000
0.028422	0.000000
0.914636	0.000000
0.088982	0.000000
0.617463	0.000000
0.067762	0.000000
0.271078	0.000000
0.352837	0.000000
0.690794	0.000000
0.147031	0.000000
0.200206	0.000000
0.978517	0.000000
1.824356	0.000000
0.002526	0.000000
0.061062	0.000000
1.577396	0.000000
0.049701	0.000000
-0.045979	0.000000
0.048645	0.000000
0.030725	0.000000
0.145788	0.000000
0.009675	0.000000
0.268131	0.000000
0.078960	0.000000
0.004372	0.000000
0.296525	0.000000
0.312751	0.000000
0.376629	0.000000
0.581101	0.000000
0.356008	0.000000
1.012242	0.000000
0.011582	0.000000
0.143445	0.000000
0.406238	0.000000
0.210258	0.000000
2.678312	0.000000
0.508405	0.000000
-0.008273	0.000000
0.495391	0.000000
-0.594472	0.000000
0.015800	0.000000
0.204306	0.000000
0.285374	0.000000
0.323895	0.000000
0.004678	0.000000
0.157493	0.000000
0.169754	0.000000
0.471673	0.000000
0.128837	0.000000
0.339313	0.000000
0.195339	0.000000
0.111876	0.000000
0.111308	0.000000
4.020826	0.000000
0.093977	0.000000
0.033830	0.000000
0.061591	0.000000
0.030596	0.000000
0.236326	0.000000
0.369429	0.000000
0.021781	0.000000
0.292720	0.000000
0.145554	0.000000
0.150507	0.000000
0.142563	0.000000
0.043891	0.000000
1.021815	0.000000
1.141359	0.000000
2.504266	0.000000
0.043134	0.000000
0.105428	0.000000
0.316630	0.000000
0.134824	0.000000
0.004638	0.000000
7.799546	0.000000
0.375856	0.000000
0.050769	0.000000
0.188615	0.000000
0.236980	0.000000
0.033929	0.000000
0.061868	0.000000
0.039316	0.000000
0.224276	0.000000
0.067400	0.000000
0.108825	0.000000
6.462180	0.000000
0.228811	0.000000
0.068502	0.000000
0.519262	0.000000
0.414845	0.000000
0.181360	0.000000
0.471434	0.000000
0.002998	0.000000
0.499208	0.000000
0.118963	0.000000
2.286295	0.000000
0.020144	0.000000
0.068650	0.000000
1.380082	0.000000
0.276914	0.000000
0.049435	0.000000
-0.034379	0.000000
0.164650	0.000000
0.688885	0.000000
0.020039	0.000000
0.261097	0.000000
0.153073	0.000000
0.124734	0.000000
0.016407	0.000000
0.321378	0.000000
0.238627	0.000000
0.141764	0.000000
0.578796	0.000000
0.323055	0.000000
0.091245	0.000000
0.652694	0.000000
0.028789	0.000000
0.061561	0.000000
0.322080	0.000000
0.112314	0.000000
0.060177	0.000000
0.086857	0.000000
0.214819	0.000000
0.052452	0.000000
0.081390	0.000000
0.275928	0.000000
-0.049219	0.000000
0.259575	0.000000
1.061551	0.000000
0.314279	0.000000
0.870622	0.000000
0.378188	0.000000
0.048611	0.000000
0.006868	0.000000
0.016639	0.000000
0.060181	0.000000
0.354175	0.000000
2.828573	0.000000
0.116731	0.000000
0.630390	0.000000
0.315055	0.000000
0.170599	0.000000
0.695877	0.000000
0.203770	0.000000
0.605078	0.000000
0.392880	0.000000
0.111804	0.000000
0.135141	0.000000
0.174322	0.000000
0.208658	0.000000
0.158967	0.000000
0.205654	0.000000
0.025580	0.000000
0.026612	0.000000
0.147589	0.000000
0.741181	0.000000
0.492064	0.000000
0.023344	0.000000
0.326258	0.000000
1.585723	0.000000
0.034824	0.000000
0.018363	0.000000
0.091706	0.000000
1.437627	0.000000
0.083243	0.000000
0.129341	0.000000
0.125377	0.000000
0.230718	0.000000
0.042497	0.000000
0.052889	0.000000
0.202193	0.000000
0.127876	0.000000
0.584198	0.000000
0.548789	0.000000
0.799341	0.000000
-0.124933	0.000000
0.022074	0.000000
0.012086	0.000000
0.040483	0.000000
0.041042	0.000000
0.322739	0.000000
0.071969	0.000000
0.332938	0.000000
0.113382	0.000000
0.041064	0.000000
0.032834	0.000000
0.241957	0.000000
0.664246	0.000000
0.788772	0.000000
7.839073	0.000000
-0.077544	0.000000
1.648410	0.000000
0.115466	0.000000
0.008251	0.000000
0.035588	0.000000
2.028098	0.000000
0.259593	0.000000
0.300002	0.000000
0.253502	0.000000
0.107312	0.000000
0.052206	0.000000
0.070095	0.000000
0.913539	0.000000
0.261697	0.000000
0.157173	0.000000
1.203803	0.000000
0.073600	0.000000
0.675033	0.000000
0.108654	0.000000
0.094768	0.000000
0.714858	0.000000
0.177357	0.000000
0.000863	0.000000
0.375692	0.000000
0.009346	0.000000
0.516343	0.000000
0.015756	0.000000
0.022615	0.000000
0.758357	0.000000
0.179343	0.000000
0.016944	0.000000
0.018264	0.000000
0.636424	0.000000
0.154615	0.000000
0.014371	0.000000
2.194526	0.000000
6.811470	0.000000
0.250670	0.000000
0.080031	0.000000
0.058812	0.000000
0.824308	0.000000
0.108691	0.000000
0.381140	0.000000
0.040949	0.000000
0.068449	0.000000
0.020631	0.000000
0.042851	0.000000
0.016279	0.000000
1.554014	0.000000
0.168077	0.000000
0.081034	0.000000
0.072468	0.000000
0.644664	0.000000
0.177936	0.000000
0.245972	0.000000
0.049363	0.000000
1.059587	0.000000
1.407519	0.000000
0.344923	0.000000
0.030125	0.000000
1.410814	0.000000
0.473789	0.000000
0.129333	0.000000
0.003863	0.000000
0.258490	0.000000
0.040140	0.000000
0.037038	0.000000
0.043045	0.000000
0.058976	0.000000
0.099801	0.000000
0.207705	0.000000
0.011920	0.000000
0.472714	0.000000
0.157320	0.000000
0.069402	0.000000
0.105852	0.000000
0.235105	0.000000
0.060996	0.000000
0.049518	0.000000
0.619471	0.000000
0.035724	0.000000
0.247557	0.000000
0.089190	0.000000
0.629902	0.000000
0.093214	0.000000
0.047721	0.000000
0.158061	0.000000
0.131540	0.000000
0.660572	0.000000
0.362585	0.000000
0.021185	0.000000
0.206462	0.000000
0.781911	0.000000
0.113014	0.000000
0.014188	0.000000
0.116333	0.000000
0.173680	0.000000
0.129526	0.000000
0.013642	0.000000
0.159770	0.000000
1.358723	0.000000
0.097719	0.000000
0.458262	0.000000
0.132590	0.000000
0.253910	0.000000
0.034810	0.000000
0.260818	0.000000
0.395776	0.000000
0.253032	0.000000
0.152866	0.000000
0.112598	0.000000
1.143710	0.000000
-0.093673	0.000000
0.094422	0.000000
0.054190	0.000000
0.095284	0.000000
1.193429	0.000000
1.518108	0.000000
0.672695	0.000000
0.025676	0.000000
0.149166	0.000000
0.251181	0.000000
0.086072	0.000000
0.003378	0.000000
0.026388	0.000000
0.183191	0.000000
0.041126	0.000000
-0.492860	0.000000
0.151690	0.000000
0.110482	0.000000
0.101833	0.000000
0.186119	0.000000
0.537883	0.000000
0.631719	0.000000
0.179412	0.000000
1.450004	0.000000
5.902381	0.000000
-0.027638	0.000000
0.255439	0.000000
0.833529	0.000000
0.091904	0.000000
-0.393168	0.000000
0.008385	0.000000
1.650215	0.000000
0.022364	0.000000
1.195361	0.000000
0.005434	0.000000
-0.010029	0.000000
0.116613	0.000000
0.772674	0.000000
0.010175	0.000000
0.030903	0.000000
6.773174	0.000000
1.779224	0.000000
0.028312	0.000000
0.236967	0.000000
2.356188	0.000000
0.047351	0.000000
0.263253	0.000000
6.437279	0.000000
7.393184	0.000000
1.070856	0.000000
0.066900	0.000000
0.057862	0.000000
0.700971	0.000000
0.004843	0.000000
1.121667	0.000000
0.031522	0.000000
0.426526	0.000000
0.060259	0.000000
0.076056	0.000000
0.107328	0.000000
0.207839	0.000000
0.119616	0.000000
0.062330	0.000000
0.027498	0.000000
0.210164	0.000000
2.949136	0.000000
0.515839	0.000000
0.046011	0.000000
0.132589	0.000000
0.157095	0.000000
0.707075	0.000000
0.022000	0.000000
0.202046	0.000000
0.050452	0.000000
0.025184	0.000000
0.203973	0.000000
0.039840	0.000000
0.081857	0.000000
0.293448	0.000000
7.673943	0.000000
0.100274	0.000000
0.163034	0.000000
-0.052579	0.000000
1.306180	0.000000
0.253184	0.000000
0.310600	0.000000
5.667129	0.000000
0.333573	0.000000
0.129805	0.000000
0.063333	0.000000
0.082230	0.000000
0.359863	0.000000
0.117209	0.000000
3.783092	0.000000
0.087985	0.000000
0.002191	0.000000
0.133180	0.000000
0.584686	0.000000
0.021695	0.000000
0.025228	0.000000
0.701000	0.000000
0.145640	0.000000
0.022576	0.000000
0.589872	0.000000
0.066827	0.000000
-0.173595	0.000000
0.063493	0.000000
0.065654	0.000000
0.283022	0.000000
0.385680	0.000000
-0.051728	0.000000
0.636026	0.000000
0.310026	0.000000
0.308832	0.000000
0.154667	0.000000
-0.057046	0.000000
0.237320	0.000000
-0.008298	0.000000
0.099621	0.000000
0.022762	0.000000
0.911343	0.000000
0.197073	0.000000
0.278031	0.000000
-0.026755	0.000000
0.132986	0.000000
1.009993	0.000000
1.500562	0.000000
0.022536	0.000000
0.221642	0.000000
3.613882	0.000000
0.298868	0.000000
0.002884	0.000000
0.097025	0.000000
0.034280	0.000000
0.011285	0.000000
0.156256	0.000000
-0.035749	0.000000
0.372615	0.000000
0.211659	0.000000
0.014412	0.000000
0.203529	0.000000
0.132012	0.000000
0.078722	0.000000
0.214825	0.000000
0.075628	0.000000
0.186083	0.000000
0.660642	0.000000
1.378853	0.000000
0.156405	0.000000
0.098775	0.000000
0.147234	0.000000
0.630886	0.000000
0.095333	0.000000
0.558358	0.000000
0.019578	0.000000
0.020100	0.000000
0.039219	0.000000
0.925058	0.000000
0.011451	0.000000
0.043860	0.000000
0.461212	0.000000
0.180449	0.000000
0.045265	0.000000
0.034180	0.000000
0.146057	0.000000
0.077032	0.000000
0.014675	0.000000
0.141398	0.000000
0.194869	0.000000
0.171013	0.000000
0.076801	0.000000
0.144025	0.000000
0.250872	0.000000
0.069117	0.000000
0.031328	0.000000
-0.022427	0.000000
0.346951	0.000000
0.298894	0.000000
0.081453	0.000000
0.265541	0.000000
0.402002	0.000000
0.152526	0.000000
0.058604	0.000000
0.289210	0.000000
1.579426	0.000000
0.307938	0.000000
0.342650	0.000000
0.637181	0.000000
0.415650	0.000000
4.761723	0.000000
0.029052	0.000000
0.004947	0.000000
0.021111	0.000000
0.053436	0.000000
0.024212	0.000000
0.151891	0.000000
0.086323	0.000000
-0.097559	0.000000
0.041700	0.000000
0.055195	0.000000
0.077581	0.000000
-0.027768	0.000000
0.481645	0.000000
0.340991	0.000000
0.086073	0.000000
0.749371	0.000000
0.314560	0.000000
0.264503	0.000000
0.046934	0.000000
0.100314	0.000000
0.011441	0.000000
0.731909	0.000000
0.095351	0.000000
0.291270	0.000000
0.078940	0.000000
0.028232	0.000000
0.422718	0.000000
0.061536	0.000000
0.012413	0.000000
0.012576	0.000000
0.231362	0.000000
0.167730	0.000000
0.001295	0.000000
0.246764	0.000000
0.086611	0.000000
0.033137	0.000000
0.041025	0.000000
0.134701	0.000000
0.289317	0.000000
0.313517	0.000000
0.167547	0.000000
0.375340	0.000000
0.118438	0.000000
0.065776	0.000000
0.029050	0.000000
0.032368	0.000000
0.063783	0.000000
0.255560	0.000000
-0.153101	0.000000
0.113189	0.000000
0.099656	0.000000
0.124064	0.000000
0.059632	0.000000
0.035381	0.000000
0.271304	0.000000
1.229680	0.000000
0.127951	0.000000
0.122191	0.000000
0.367144	0.000000
2.048130	0.000000
0.089455	0.000000
0.011924	0.000000
0.030860	0.000000
0.070618	0.000000
0.014574	0.000000
0.044133	0.000000
0.099716	0.000000
0.233295	0.000000
1.264612	0.000000
0.020513	0.000000
0.140381	0.000000
1.062241	0.000000
0.066940	0.000000
0.362266	0.000000
-0.043127	0.000000
0.546407	0.000000
0.254548	0.000000
0.628800	0.000000
-0.008231	0.000000
0.044275	0.000000
0.063413	0.000000
0.596563	0.000000
0.136477	0.000000
0.302192	0.000000
0.044844	0.000000
0.027157	0.000000
0.194535	0.000000
-0.044332	0.000000
0.002665	0.000000
7.621852	0.000000
1.027750	0.000000
0.175372	0.000000
0.065556	0.000000
0.071317	0.000000
0.728315	0.000000
0.006442	0.000000
0.024710	0.000000
0.108650	0.000000
0.397719	0.000000
0.092080	0.000000
0.226936	0.000000
0.144287	0.000000
0.448184	0.000000
0.020379	0.000000
0.104644	0.000000
0.029842	0.000000
0.328569	0.000000
0.133791	0.000000
0.087132	0.000000
0.062991	0.000000
2.242459	0.000000
0.101703	0.000000
1.213398	0.000000
0.061470	0.000000
0.941797	0.000000
2.822508	0.000000
-0.242645	0.000000
0.038423	0.000000
-0.211058	0.000000
0.635943	0.000000
0.025605	0.000000
0.000647	0.000000
0.056934	0.000000
0.052600	0.000000
0.052580	0.000000
-0.311635	0.000000
0.042514	0.000000
0.095072	0.000000
0.275735	0.000000
1.517770	0.000000
0.742806	0.000000
0.040846	0.000000
0.140296	0.000000
0.137921	0.000000
0.459508	0.000000
0.309908	0.000000
0.358267	0.000000
0.197929	0.000000
0.100024	0.000000
1.005307	0.000000
0.189049	0.000000
0.163724	0.000000
0.089718	0.000000
2.954987	0.000000
-0.025668	0.000000
0.029099	0.000000
0.556790	0.000000
0.197359	0.000000
7.832106	0.000000
0.001971	0.000000
0.290867	0.000000
0.056062	0.000000
0.019034	0.000000
0.035607	0.000000
0.038585	0.000000
0.149806	0.000000
1.024059	0.000000
0.949483	0.000000
0.106946	0.000000
0.298655	0.000000
0.514319	0.000000
0.048640	0.000000
0.189072	0.000000
0.006113	0.000000
0.031451	0.000000
0.212853	0.000000
0.144069	0.000000
0.349659	0.000000
0.044314	0.000000
0.115070	0.000000
0.731512	0.000000
0.096508	0.000000
0.061758	0.000000
0.084272	0.000000
0.318335	0.000000
0.883023	0.000000
0.906707	0.000000
0.139762	0.000000
0.153935	0.000000
0.887296	0.000000
0.060929	0.000000
0.001145	0.000000
0.046584	0.000000
0.094128	0.000000
0.047100	0.000000
0.683894	0.000000
0.146348	0.000000
0.076416	0.000000
0.462462	0.000000
0.110699	0.000000
0.609796	0.000000
-0.016456	0.000000
0.140752	0.000000
0.183670	0.000000
0.189681	0.000000
0.039555	0.000000
0.011668	0.000000
-0.064011	0.000000
0.093174	0.000000
0.030493	0.000000
0.018970	0.000000
0.008386	0.000000
0.173688	0.000000
0.822791	0.000000
0.534740	0.000000
0.032536	0.000000
0.259058	0.000000
0.234572	0.000000
0.129169	0.000000
0.021568	0.000000
0.033565	0.000000
0.364177	0.000000
0.085654	0.000000
0.172510	0.000000
0.087981	0.000000
0.017995	0.000000
0.147884	0.000000
0.154662	0.000000
0.403190	0.000000
0.141246	0.000000
0.202653	0.000000
0.112938	0.000000
0.135334	0.000000
0.176417	0.000000
0.042109	0.000000
0.057854	0.000000
0.305260	0.000000
0.113898	0.000000
0.150609	0.000000
0.097901	0.000000
4.482288	0.000000
0.367527	0.000000
0.161759	0.000000
0.070050	0.000000
5.338205	0.000000
0.626066	0.000000
0.308052	0.000000
0.117285	0.000000
3.465573	0.000000
0.357326	0.000000
0.699203	0.000000
0.000423	0.000000
0.525784	0.000000
0.041064	0.000000
0.022346	0.000000
0.048223	0.000000
0.122649	0.000000
0.035991	0.000000
0.034464	0.000000
0.000002	0.000000
0.338820	0.000000
0.012885	0.000000
6.479625	0.000000
0.165266	0.000000
0.403544	0.000000
0.109934	0.000000
0.218767	0.000000
0.773899	0.000000
0.166256	0.000000
0.070786	0.000000
0.030258	0.000000
1.529522	0.000000
0.179362	0.000000
0.025073	0.000000
1.300885	0.000000
-0.016260	0.000000
0.336191	0.000000
0.793172	0.000000
0.011569	0.000000
0.015547	0.000000
0.477662	0.000000
0.014897	0.000000
0.023341	0.000000
0.138252	0.000000
0.604805	0.000000
0.143832	0.000000
0.070862	0.000000
0.214957	0.000000
0.139161	0.000000
0.198664	0.000000
0.038978	0.000000
0.378745	0.000000
-0.435968	0.000000
0.058846	0.000000
0.028318	0.000000
0.119741	0.000000
0.008348	0.000000
-0.198316	0.000000
0.074417	0.000000
0.314177	0.000000
0.316361	0.000000
0.008739	0.000000
0.071564	0.000000
0.049789	0.000000
0.592177	0.000000
0.154430	0.000000
0.156815	0.000000
0.027054	0.000000
0.419909	0.000000
0.390429	0.000000
0.087851	0.000000
0.006115	0.000000
0.068409	0.000000
0.295720	0.000000
0.025154	0.000000
2.622379	0.000000
5.859925	0.000000
0.181666	0.000000
-0.496723	0.000000
0.075533	0.000000
0.690289	0.000000
0.462453	0.000000
0.067994	0.000000
0.838034	0.000000
0.275577	0.000000
0.080482	0.000000
0.297171	0.000000
0.476573	0.000000
0.268930	0.000000
0.053343	0.000000
0.004296	0.000000
0.668971	0.000000
0.138744	0.000000
0.188961	0.000000
0.036999	0.000000
-0.007419	0.000000
0.712085	0.000000
0.519411	0.000000
0.011779	0.000000
0.015541	0.000000
0.622465	0.000000
0.076162	0.000000
0.004917	0.000000
0.048968	0.000000
0.185474	0.000000
0.170145	0.000000
0.072472	0.000000
0.342866	0.000000
0.091904	0.000000
4.607355	0.000000
1.259787	0.000000
0.051282	0.000000
0.095070	0.000000
1.310758	0.000000
0.067078	0.000000
0.990463	0.000000
0.990073	0.000000
0.147285	0.000000
0.050501	0.000000
0.084719	0.000000
0.346359	0.000000
-0.068036	0.000000
0.298791	0.000000
0.061426	0.000000
0.067229	0.000000
0.193418	0.000000
0.319282	0.000000
-0.020271	0.000000
0.016341	0.000000
0.155751	0.000000
0.123238	0.000000
0.001923	0.000000
0.041716	0.000000
0.068829	0.000000
0.146207	0.000000
0.269567	0.000000
0.085179	0.000000
0.159601	0.000000
0.093880	0.000000
0.084811	0.000000
0.845942	0.000000
0.380565	0.000000
0.124504	0.000000
0.078086	0.000000
0.153573	0.000000
0.048671	0.000000
0.378588	0.000000
0.347966	0.000000
0.180234	0.000000
0.071496	0.000000
0.029126	0.000000
-0.031826	0.000000
3.105434	0.000000
0.159086	0.000000
0.056568	0.000000
0.023493	0.000000
0.107713	0.000000
2.797385	0.000000
0.005885	0.000000
0.012645	0.000000
0.286368	0.000000
0.196833	0.000000
0.033237	0.000000
0.008703	0.000000
0.060507	0.000000
0.067218	0.000000
0.053704	0.000000
0.051417	0.000000
0.942960	0.000000
0.109118	0.000000
0.234270	0.000000
0.153477	0.000000
0.090936	0.000000
0.137895	0.000000
0.030310	0.000000
0.081842	0.000000
0.110260	0.000000
0.389852	0.000000
0.315835	0.000000
0.368784	0.000000
0.711991	0.000000
0.088410	0.000000
0.075674	0.000000
0.040753	0.000000
1.411423	0.000000
-1.564391	0.000000
0.299596	0.000000
0.040741	0.000000
0.967692	0.000000
0.285322	0.000000
0.052403	0.000000
0.005229	0.000000
-0.230794	0.000000
0.063609	0.000000
0.056227	0.000000
1.145802	0.000000
0.111963	0.000000
0.006121	0.000000
0.225643	0.000000
0.012212	0.000000
1.242482	0.000000
0.082114	0.000000
0.134149	0.000000
1.598182	0.000000
0.212074	0.000000
0.445907	0.000000
-0.294559	0.000000
0.304472	0.000000
1.632212	0.000000
0.082837	0.000000
0.019870	0.000000
0.255271	0.000000
3.270203	0.000000
0.733177	0.000000
1.359193	0.000000
0.012000	0.000000
0.550120	0.000000
0.776262	0.000000
0.046018	0.000000
0.060010	0.000000
0.253354	0.000000
0.910813	0.000000
0.006213	0.000000
-0.269845	0.000000
0.010110	0.000000
1.853229	0.000000
0.010869	0.000000
0.071551	0.000000
0.141708	0.000000
-0.228294	0.000000
0.158984	0.000000
0.029623	0.000000
0.256953	0.000000
0.007100	0.000000
0.062860	0.000000
0.037722	0.000000
0.279771	0.000000
0.235092	0.000000
0.021698	0.000000
-0.056770	0.000000
0.098721	0.000000
0.112787	0.000000
0.122646	0.000000
0.061257	0.000000
0.295426	0.000000
0.555437	0.000000
1.352829	0.000000
0.073843	0.000000
0.015403	0.000000
0.268874	0.000000
0.095195	0.000000
0.000380	0.000000
0.014883	0.000000
0.159591	0.000000
-0.027149	0.000000
0.069826	0.000000
0.471458	0.000000
0.058596	0.000000
0.951281	0.000000
0.045936	0.000000
6.302440	0.000000
0.070927	0.000000
0.161870	0.000000
0.237508	0.000000
0.129306	0.000000
0.268872	0.000000
0.290375	0.000000
0.131924	0.000000
0.117704	0.000000
0.011228	0.000000
0.014627	0.000000
0.444363	0.000000
0.174674	0.000000
0.638312	0.000000
0.072547	0.000000
0.008234	0.000000
0.130887	0.000000
0.164980	0.000000
0.015796	0.000000
0.031219	0.000000
0.100190	0.000000
0.072466	0.000000
0.319960	0.000000
0.048760	0.000000
2.585120	0.000000
0.007085	0.000000
0.034886	0.000000
0.052692	0.000000
0.543551	0.000000
0.599193	0.000000
0.217531	0.000000
0.115746	0.000000
0.065724	0.000000
3.811470	0.000000
0.075100	0.000000
0.045663	0.000000
0.214201	0.000000
0.461145	0.000000
0.877978	0.000000
0.131814	0.000000
0.855074	0.000000
0.075611	0.000000
0.128347	0.000000
0.180173	0.000000
0.136683	0.000000
0.429824	0.000000
1.683714	0.000000
0.076860	0.000000
0.441419	0.000000
0.872925	0.000000
0.780144	0.000000
0.041513	0.000000
0.012407	0.000000
0.749462	0.000000
0.223185	0.000000
0.044942	0.000000
0.157821	0.000000
0.558370	0.000000
0.218438	0.000000
0.008053	0.000000
0.094710	0.000000
0.090979	0.000000
0.122055	0.000000
0.237898	0.000000
0.030846	0.000000
0.551477	0.000000
0.247622	0.000000
0.395269	0.000000
0.761431	0.000000
0.140431	0.000000
0.019162	0.000000
0.191743	0.000000
0.528835	0.000000
0.201236	0.000000
0.763822	0.000000
0.023026	0.000000
0.506265	0.000000
0.724138	0.000000
0.030060	0.000000
0.721001	0.000000
1.676918	0.000000
0.011726	0.000000
0.087752	0.000000
0.226208	0.000000
0.045864	0.000000
0.163551	0.000000
0.002195	0.000000
0.012544	0.000000
0.130939	0.000000
0.056978	0.000000
0.226240	0.000000
2.530314	0.000000
0.118568	0.000000
0.670017	0.000000
-0.006914	0.000000
0.151767	0.000000
0.115004	0.000000
0.036779	0.000000
0.061089	0.000000
0.060037	0.000000
0.180625	0.000000
0.128865	0.000000
0.127007	0.000000
0.051256	0.000000
0.274895	0.000000
0.020485	0.000000
1.133942	0.000000
0.025059	0.000000
0.163409	0.000000
0.287683	0.000000
0.100354	0.000000
0.006616	0.000000
0.038109	0.000000
-0.040892	0.000000
0.123069	0.000000
1.743009	0.000000
0.039258	0.000000
0.107092	0.000000
-0.076633	0.000000
0.025021	0.000000
0.378340	0.000000
0.086506	0.000000
0.069622	0.000000
0.538285	0.000000
0.041186	0.000000
0.289737	0.000000
0.599033	0.000000
0.445987	0.000000
0.126756	0.000000
0.005363	0.000000
0.018334	0.000000
0.048662	0.000000
0.078017	0.000000
0.873009	0.000000
3.542585	0.000000
0.010902	0.000000
0.313874	0.000000
1.023923	0.000000
0.008875	0.000000
0.046536	0.000000
0.239690	0.000000
0.418597	0.000000
0.008953	0.000000
0.081455	0.000000
0.031939	0.000000
0.169317	0.000000
0.039127	0.000000
0.015785	0.000000
0.238242	0.000000
0.144943	0.000000
0.083525	0.000000
0.253472	0.000000
-0.147516	0.000000
0.020289	0.000000
0.138226	0.000000
0.055619	0.000000
0.259529	0.000000
0.187302	0.000000
0.104845	0.000000
0.158056	0.000000
0.186043	0.000000
0.070121	0.000000
0.107531	0.000000
-0.030979	0.000000
0.610092	0.000000
0.205702	0.000000
0.179472	0.000000
0.067073	0.000000
0.379347	0.000000
0.279742	0.000000
0.418895	0.000000
0.004139	0.000000
0.007049	0.000000
0.117390	0.000000
0.060294	0.000000
0.063137	0.000000
0.115404	0.000000
0.180292	0.000000
0.397113	0.000000
0.059791	0.000000
0.685587	0.000000
0.023993	0.000000
0.079147	0.000000
0.732952	0.000000
0.048535	0.000000
0.610609	0.000000
3.369284	0.000000
0.024313	0.000000
0.155539	0.000000
0.005853	0.000000
0.006540	0.000000
0.144807	0.000000
0.573776	0.000000
3.187610	0.000000
0.135798	0.000000
0.014889	0.000000
-0.340165	0.000000
0.182568	0.000000
0.021358	0.000000
0.023908	0.000000
0.147477	0.000000
0.100187	0.000000
0.084887	0.000000
0.272432	0.000000
0.067834	0.000000
0.440300	0.000000
0.029948	0.000000
0.067377	0.000000
0.019627	0.000000
0.058951	0.000000
0.114406	0.000000
0.712860	0.000000
1.749851	0.000000
0.050912	0.000000
0.019619	0.000000
0.021227	0.000000
0.234738	0.000000
-0.026865	0.000000
0.077655	0.000000
0.096288	0.000000
0.077151	0.000000
7.507641	0.000000
0.171319	0.000000
0.063892	0.000000
0.715354	0.000000
1.203260	0.000000
0.144133	0.000000
0.274324	0.000000
2.936107	0.000000
1.586213	0.000000
0.111074	0.000000
0.004785	0.000000
-0.312913	0.000000
0.030609	0.000000
0.015480	0.000000
0.291458	0.000000
0.162555	0.000000
0.656303	0.000000
0.187679	0.000000
1.162978	0.000000
0.635141	0.000000
0.314265	0.000000
0.117998	0.000000
2.866085	0.000000
0.260622	0.000000
0.716366	0.000000
0.233754	0.000000
5.179200	0.000000
0.233925	0.000000
-0.029372	0.000000
0.033397	0.000000
0.542831	0.000000
0.123224	0.000000
0.204894	0.000000
0.326577	0.000000
0.021728	0.000000
0.557241	0.000000
1.038600	0.000000
0.011416	0.000000
0.031979	0.000000
0.365317	0.000000
0.130933	0.000000
1.209466	0.000000
0.020979	0.000000
0.284727	0.000000
0.393550	0.000000
0.007703	0.000000
0.189091	0.000000
0.070348	0.000000
0.005780	0.000000
