-6.896244	0.000000
-1.001758	0.000000
-0.349297	0.000000
-0.375491	0.000000
-1.295345	0.000000
-4.159642	0.000000
-1.074120	0.000000
0.083562	0.000000
0.260844	0.000000
-0.570837	0.000000
-1.184484	0.000000
-2.275118	0.000000
-0.053745	0.000000
-1.640176	0.000000
0.243702	0.000000
2.117588	0.000000
-0.103103	0.000000
0.617023	0.000000
0.702189	0.000000
-1.787738	0.000000
-2.134166	0.000000
-0.491280	0.000000
0.431268	0.000000
0.650232	0.000000
0.999349	0.000000
-1.935104	0.000000
-0.431581	0.000000
0.802577	0.000000
-0.667745	0.000000
-0.755125	0.000000
0.095740	0.000000
-0.665264	0.000000
-1.938829	0.000000
-0.958219	0.000000
-0.205406	0.000000
-0.905983	0.000000
0.310232	0.000000
-0.901875	0.000000
0.142376	0.000000
-1.005826	0.000000
-0.481862	0.000000
-1.158055	0.000000
0.453685	0.000000
-1.242136	0.000000
0.436299	0.000000
0.803794	0.000000
-2.182750	0.000000
1.421376	0.000000
-0.104675	0.000000
-0.105904	0.000000
0.242830	0.000000
-1.927568	0.000000
-1.210050	0.000000
0.075830	0.000000
1.163688	0.000000
-0.744435	0.000000
0.539218	0.000000
-0.725947	0.000000
-0.287017	0.000000
0.092172	0.000000
-0.077396	0.000000
-4.257561	0.000000
0.233192	0.000000
0.075108	0.000000
0.117863	0.000000
-0.623530	0.000000
-0.939545	0.000000
-0.104323	0.000000
-0.037108	0.000000
-0.428113	0.000000
0.000252	0.000000
-0.682366	0.000000
-0.645995	0.000000
-0.937103	0.000000
0.243554	0.000000
-0.140543	0.000000
-0.077226	0.000000
0.719616	0.000000
-0.087601	0.000000
-0.155223	0.000000
0.996482	0.000000
-0.081691	0.000000
-0.322955	0.000000
0.526410	0.000000
-0.554796	0.000000
0.537817	0.000000
0.086540	0.000000
-0.313137	0.000000
0.133740	0.000000
-0.754944	0.000000
-0.286198	0.000000
0.000159	0.000000
0.000097	0.000000
0.000170	0.000000
0.068553	0.000000
0.129454	0.000000
-0.372204	0.000000
-0.257672	0.000000
-0.081314	0.000000
-1.437049	0.000000
-0.602584	0.000000
0.643556	0.000000
-0.226439	0.000000
0.266252	0.000000
0.145478	0.000000
-0.160639	0.000000
-0.484952	0.000000
-0.687585	0.000000
-1.574661	0.000000
0.052983	0.000000
-0.161799	0.000000
-1.360701	0.000000
-0.109903	0.000000
0.075831	0.000000
0.000002	0.000000
1.241373	0.000000
0.269619	0.000000
0.052075	0.000000
0.205139	0.000000
0.391460	0.000000
-0.051634	0.000000
-0.417194	0.000000
-4.657873	0.000000
-0.225224	0.000000
-0.588542	0.000000
-0.311784	0.000000
0.134885	0.000000
-0.250424	0.000000
-0.335037	0.000000
-0.427967	0.000000
-0.118213	0.000000
0.455345	0.000000
-0.484439	0.000000
-0.234101	0.000000
-0.486836	0.000000
-0.140750	0.000000
-0.283467	0.000000
-0.102593	0.000000
-0.789320	0.000000
0.233488	0.000000
0.285178	0.000000
0.655415	0.000000
0.108145	0.000000
-0.216697	0.000000
0.000188	0.000000
0.215180	0.000000
-0.258855	0.000000
0.058767	0.000000
1.068805	0.000000
0.151792	0.000000
0.286612	0.000000
-0.166223	0.000000
0.000057	0.000000
0.383430	0.000000
-0.034211	0.000000
0.873777	0.000000
-0.103391	0.000000
0.258365	0.000000
0.691413	0.000000
1.006260	0.000000
0.120798	0.000000
-0.772026	0.000000
-0.340056	0.000000
-0.709717	0.000000
-0.799747	0.000000
0.321489	0.000000
-0.363749	0.000000
-0.183352	0.000000
1.365167	0.000000
-0.158705	0.000000
-0.323599	0.000000
0.340714	0.000000
0.000037	0.000000
-0.303211	0.000000
-0.169616	0.000000
-0.371997	0.000000
0.539094	0.000000
0.933684	0.000000
0.902633	0.000000
0.598619	0.000000
-0.774848	0.000000
-0.417318	0.000000
0.582505	0.000000
-6.421366	0.000000
1.413515	0.000000
-0.727682	0.000000
0.940001	0.000000
0.396646	0.000000
0.000055	0.000000
0.071608	0.000000
2.013990	0.000000
-0.454696	0.000000
-0.861419	0.000000
-0.468196	0.000000
-0.242927	0.000000
1.270790	0.000000
0.025788	0.000000
1.541789	0.000000
-0.263073	0.000000
0.388816	0.000000
0.712018	0.000000
0.819287	0.000000
-0.107486	0.000000
0.108409	0.000000
1.221175	0.000000
1.505872	0.000000
0.431723	0.000000
0.352380	0.000000
1.202504	0.000000
0.302547	0.000000
1.241598	0.000000
0.582280	0.000000
0.674567	0.000000
0.319536	0.000000
0.308242	0.000000
-0.355837	0.000000
0.537709	0.000000
-0.644561	0.000000
0.427066	0.000000
1.293786	0.000000
-0.361159	0.000000
1.030231	0.000000
-0.112921	0.000000
-0.532359	0.000000
0.872694	0.000000
0.257205	0.000000
0.364282	0.000000
0.733663	0.000000
1.785439	0.000000
1.218160	0.000000
0.323687	0.000000
0.113722	0.000000
-0.660101	0.000000
0.417079	0.000000
0.218245	0.000000
-0.868168	0.000000
0.449387	0.000000
-0.155360	0.000000
-0.122913	0.000000
0.115145	0.000000
-0.180708	0.000000
0.083529	0.000000
0.349712	0.000000
-0.112634	0.000000
-4.122302	0.000000
0.104261	0.000000
0.000244	0.000000
0.271416	0.000000
0.447022	0.000000
-0.785035	0.000000
-0.117975	0.000000
0.000289	0.000000
0.054068	0.000000
0.000076	0.000000
-0.486337	0.000000
0.423555	0.000000
-0.128793	0.000000
0.103160	0.000000
0.351127	0.000000
0.077788	0.000000
0.426948	0.000000
0.000366	0.000000
0.000485	0.000000
0.232279	0.000000
-0.443855	0.000000
-0.967540	0.000000
-0.431441	0.000000
-0.391451	0.000000
0.000547	0.000000
0.302809	0.000000
-0.286257	0.000000
-0.415696	0.000000
-0.336873	0.000000
-0.383135	0.000000
0.000037	0.000000
0.000029	0.000000
0.268920	0.000000
-0.773384	0.000000
0.040735	0.000000
0.287868	0.000000
-0.481844	0.000000
0.257529	0.000000
-0.339719	0.000000
-0.177240	0.000000
-0.363338	0.000000
-0.321386	0.000000
-0.727174	0.000000
0.000013	0.000000
-0.104794	0.000000
0.953203	0.000000
-0.269612	0.000000
-0.907194	0.000000
0.990578	0.000000
-0.151609	0.000000
0.145540	0.000000
0.248469	0.000000
-0.628740	0.000000
-0.155427	0.000000
0.123189	0.000000
-0.092072	0.000000
-0.490711	0.000000
0.167233	0.000000
0.582696	0.000000
-0.112552	0.000000
-0.117622	0.000000
-3.119882	0.000000
-0.134083	0.000000
0.480154	0.000000
0.111897	0.000000
0.071403	0.000000
0.118960	0.000000
0.114280	0.000000
0.161749	0.000000
-0.351137	0.000000
0.000082	0.000000
-0.423225	0.000000
0.051570	0.000000
-0.410693	0.000000
0.263451	0.000000
0.155606	0.000000
0.712156	0.000000
-0.163747	0.000000
0.323807	0.000000
-0.185723	0.000000
0.333110	0.000000
0.000098	0.000000
0.345435	0.000000
-0.058701	0.000000
0.534879	0.000000
-0.150445	0.000000
-0.286393	0.000000
-0.166099	0.000000
-0.589975	0.000000
-0.255554	0.000000
-0.342309	0.000000
0.000043	0.000000
0.289516	0.000000
-0.902105	0.000000
-0.081334	0.000000
0.000389	0.000000
0.602718	0.000000
0.643964	0.000000
0.453714	0.000000
-0.443333	0.000000
-0.436031	0.000000
-0.192784	0.000000
-0.121176	0.000000
0.275081	0.000000
-0.209826	0.000000
0.264829	0.000000
0.134911	0.000000
0.000351	0.000000
-0.109865	0.000000
0.075904	0.000000
0.266674	0.000000
0.248242	0.000000
0.000192	0.000000
0.518747	0.000000
-0.122934	0.000000
0.092165	0.000000
0.232498	0.000000
-0.500702	0.000000
0.582332	0.000000
-0.112591	0.000000
0.589391	0.000000
-0.519623	0.000000
-4.296402	0.000000
0.083568	0.000000
0.000108	0.000000
0.214318	0.000000
-0.355099	0.000000
-0.454796	0.000000
-0.215288	0.000000
-0.351062	0.000000
0.243536	0.000000
0.141268	0.000000
0.051603	0.000000
0.513916	0.000000
0.087831	0.000000
0.544296	0.000000
0.000035	0.000000
-0.573304	0.000000
0.000340	0.000000
-0.201208	0.000000
0.555154	0.000000
0.538103	0.000000
0.000025	0.000000
0.019574	0.000000
-0.533792	0.000000
-0.604363	0.000000
-0.763883	0.000000
0.166359	0.000000
0.000264	0.000000
-0.574964	0.000000
-0.171067	0.000000
-0.096974	0.000000
-0.165407	0.000000
-0.515457	0.000000
0.162704	0.000000
-0.143113	0.000000
0.120548	0.000000
0.772484	0.000000
-0.113286	0.000000
0.000162	0.000000
-0.290805	0.000000
-0.417820	0.000000
0.485402	0.000000
0.000187	0.000000
-0.944652	0.000000
-0.105788	0.000000
0.107907	0.000000
0.340752	0.000000
-0.109805	0.000000
0.151811	0.000000
0.460702	0.000000
0.248669	0.000000
-0.269350	0.000000
-0.103720	0.000000
0.123073	0.000000
0.046145	0.000000
0.620002	0.000000
-0.584123	0.000000
-0.116229	0.000000
0.262959	0.000000
0.118244	0.000000
0.832391	0.000000
0.671437	0.000000
-7.159324	0.000000
0.260711	0.000000
0.642632	0.000000
0.473892	0.000000
1.024393	0.000000
0.861793	0.000000
-1.522912	0.000000
1.582743	0.000000
0.282308	0.000000
0.128974	0.000000
0.000431	0.000000
-0.701794	0.000000
0.388849	0.000000
-0.284052	0.000000
0.900923	0.000000
0.754635	0.000000
1.548158	0.000000
1.221628	0.000000
0.860591	0.000000
-0.258966	0.000000
-0.136984	0.000000
2.404835	0.000000
-2.266615	0.000000
0.382308	0.000000
0.332688	0.000000
0.337244	0.000000
2.491957	0.000000
0.753516	0.000000
0.679711	0.000000
0.930593	0.000000
2.578832	0.000000
0.793054	0.000000
1.294006	0.000000
2.049219	0.000000
-2.445130	0.000000
2.607836	0.000000
2.573492	0.000000
0.363777	0.000000
1.157436	0.000000
0.242794	0.000000
0.412698	0.000000
2.205290	0.000000
0.582573	0.000000
0.215786	0.000000
-0.680393	0.000000
1.650680	0.000000
-0.189543	0.000000
-0.145372	0.000000
1.241062	0.000000
-0.628558	0.000000
1.140993	0.000000
0.697509	0.000000
1.266298	0.000000
0.464967	0.000000
0.167230	0.000000
-1.047810	0.000000
0.112685	0.000000
1.295704	0.000000
0.832278	0.000000
0.940139	0.000000
-0.125176	0.000000
-6.405657	0.000000
-0.356588	0.000000
0.829393	0.000000
1.365684	0.000000
0.592381	0.000000
-0.117026	0.000000
-1.217049	0.000000
0.000296	0.000000
-0.335110	0.000000
0.719624	0.000000
-1.228296	0.000000
-0.544079	0.000000
-2.561298	0.000000
0.081906	0.000000
-0.969906	0.000000
0.216790	0.000000
0.333478	0.000000
0.000285	0.000000
-1.554082	0.000000
0.274079	0.000000
0.134036	0.000000
0.302726	0.000000
-1.241082	0.000000
0.831895	0.000000
-1.517199	0.000000
-1.149988	0.000000
-0.513633	0.000000
-0.161666	0.000000
0.413624	0.000000
0.902748	0.000000
0.101729	0.000000
-0.574347	0.000000
0.361620	0.000000
0.772736	0.000000
1.133915	0.000000
0.443719	0.000000
0.072790	0.000000
0.643029	0.000000
0.363979	0.000000
-0.183362	0.000000
-1.154764	0.000000
-1.323807	0.000000
0.593438	0.000000
0.000256	0.000000
-2.200580	0.000000
-0.227412	0.000000
0.048546	0.000000
0.000507	0.000000
-0.269133	0.000000
0.518729	0.000000
0.574318	0.000000
0.506533	0.000000
-0.077391	0.000000
0.250805	0.000000
0.116628	0.000000
-0.375439	0.000000
-0.353269	0.000000
0.520284	0.000000
-0.671176	0.000000
0.354874	0.000000
0.484190	0.000000
-5.495794	0.000000
1.421493	0.000000
1.137897	0.000000
0.484791	0.000000
-0.117153	0.000000
1.217641	0.000000
0.706335	0.000000
-0.103043	0.000000
0.925321	0.000000
1.316347	0.000000
0.388775	0.000000
1.423431	0.000000
1.965753	0.000000
0.539262	0.000000
0.247765	0.000000
0.333557	0.000000
0.860420	0.000000
2.331539	0.000000
-0.391452	0.000000
-0.400554	0.000000
0.000035	0.000000
0.191250	0.000000
0.332859	0.000000
0.168943	0.000000
1.469582	0.000000
1.164410	0.000000
-0.097047	0.000000
0.082774	0.000000
0.773963	0.000000
0.610039	0.000000
1.150224	0.000000
-0.241021	0.000000
0.000562	0.000000
-0.226541	0.000000
-0.532235	0.000000
-0.290585	0.000000
0.128610	0.000000
0.363921	0.000000
0.596182	0.000000
0.945201	0.000000
0.106027	0.000000
0.323760	0.000000
1.020726	0.000000
0.330275	0.000000
-0.341068	0.000000
0.218281	0.000000
0.869256	0.000000
1.257794	0.000000
0.051872	0.000000
-0.205103	0.000000
0.092177	0.000000
-0.413144	0.000000
0.250619	0.000000
0.000350	0.000000
-0.150083	0.000000
-0.235191	0.000000
-0.207905	0.000000
-0.268047	0.000000
0.020891	0.000000
-0.074466	0.000000
-0.570714	0.000000
-3.671758	0.000000
-0.796252	0.000000
0.484748	0.000000
-0.116778	0.000000
0.243960	0.000000
1.129542	0.000000
-0.180432	0.000000
0.411564	0.000000
0.439108	0.000000
-0.077439	0.000000
0.000398	0.000000
0.000159	0.000000
-0.430785	0.000000
0.387067	0.000000
0.666401	0.000000
-0.537338	0.000000
-0.431484	0.000000
-0.352287	0.000000
-0.133036	0.000000
0.755858	0.000000
-0.477270	0.000000
-0.415460	0.000000
-0.421325	0.000000
-0.830326	0.000000
0.000028	0.000000
0.064804	0.000000
-0.144749	0.000000
-0.257737	0.000000
-0.264262	0.000000
0.000079	0.000000
-0.361284	0.000000
0.129300	0.000000
0.680490	0.000000
-0.266207	0.000000
-0.072472	0.000000
0.739398	0.000000
-0.242172	0.000000
-0.274878	0.000000
0.210101	0.000000
-0.105799	0.000000
-0.080834	0.000000
-0.113112	0.000000
0.880401	0.000000
-0.075655	0.000000
0.169734	0.000000
0.372604	0.000000
0.090081	0.000000
0.311239	0.000000
0.123200	0.000000
-0.069047	0.000000
-0.490643	0.000000
-0.083481	0.000000
-0.232411	0.000000
0.262903	0.000000
-0.117247	0.000000
-0.207595	0.000000
-0.805310	0.000000
0.062686	0.000000
0.000000	0.000000
-0.285482	0.000000
-0.117982	0.000000
-3.982079	0.000000
-0.376706	0.000000
-0.585663	0.000000
0.365657	0.000000
0.705722	0.000000
-0.103069	0.000000
0.103157	0.000000
0.175663	0.000000
-0.854817	0.000000
0.000174	0.000000
-0.163440	0.000000
0.323715	0.000000
0.402582	0.000000
0.444080	0.000000
-0.752650	0.000000
0.086620	0.000000
-0.215281	0.000000
-0.667727	0.000000
-0.452932	0.000000
-1.145636	0.000000
-0.415555	0.000000
-0.421238	0.000000
-0.319343	0.000000
0.000076	0.000000
-0.323457	0.000000
-0.124054	0.000000
-0.902239	0.000000
-0.243971	0.000000
-0.287254	0.000000
-0.481791	0.000000
0.257989	0.000000
0.680342	0.000000
0.089085	0.000000
0.072818	0.000000
0.000021	0.000000
0.242804	0.000000
0.183550	0.000000
-0.209955	0.000000
-0.052826	0.000000
0.054062	0.000000
-1.247202	0.000000
0.220118	0.000000
-0.379102	0.000000
0.775777	0.000000
-0.123544	0.000000
-0.089817	0.000000
-0.103635	0.000000
-0.122919	0.000000
-0.045965	0.000000
-0.103295	0.000000
-1.252214	0.000000
-0.581794	0.000000
-0.488104	0.000000
0.353862	0.000000
-0.831818	0.000000
0.134746	0.000000
-0.250463	0.000000
0.298054	0.000000
0.142781	0.000000
0.592437	0.000000
0.113941	0.000000
-6.192701	0.000000
-0.233856	0.000000
-0.851627	0.000000
-1.128950	0.000000
0.077392	0.000000
-0.308038	0.000000
-1.228411	0.000000
0.311096	0.000000
-0.853601	0.000000
-0.409388	0.000000
-0.538546	0.000000
0.077464	0.000000
-0.443883	0.000000
-0.214948	0.000000
-0.258899	0.000000
0.332765	0.000000
0.133673	0.000000
-0.755525	0.000000
0.573166	0.000000
-0.249477	0.000000
1.602133	0.000000
1.214178	0.000000
-0.342378	0.000000
-0.032330	0.000000
-0.372185	0.000000
-1.804446	0.000000
0.691417	0.000000
0.575452	0.000000
-1.084350	0.000000
-0.385929	0.000000
0.907276	0.000000
0.177838	0.000000
0.799886	0.000000
0.610831	0.000000
0.485315	0.000000
-0.320814	0.000000
0.210333	0.000000
0.211846	0.000000
0.053960	0.000000
-0.907191	0.000000
0.330569	0.000000
0.417185	0.000000
0.169766	0.000000
-0.868662	0.000000
-0.898336	0.000000
-0.725968	0.000000
0.041132	0.000000
0.023076	0.000000
-0.361582	0.000000
-0.083439	0.000000
-0.232587	0.000000
-0.187695	0.000000
-0.117636	0.000000
-0.311926	0.000000
0.000253	0.000000
-0.313009	0.000000
0.074499	0.000000
0.071605	0.000000
0.118736	0.000000
-0.113648	0.000000
-0.376772	0.000000
-3.983552	0.000000
0.121930	0.000000
1.270281	0.000000
0.077368	0.000000
0.411156	0.000000
-0.087511	0.000000
-0.310854	0.000000
0.285213	0.000000
-0.081684	0.000000
0.539125	0.000000
0.000040	0.000000
-0.887650	0.000000
-0.322348	0.000000
-0.431559	0.000000
-0.039113	0.000000
-0.133324	0.000000
-0.603763	0.000000
0.286524	0.000000
0.083238	0.000000
-0.168531	0.000000
-0.447180	0.000000
0.068532	0.000000
-0.323575	0.000000
0.289586	0.000000
1.031443	0.000000
-0.386319	0.000000
1.006330	0.000000
-0.481766	0.000000
-0.128547	0.000000
0.453733	0.000000
0.177555	0.000000
-0.290806	0.000000
0.289449	0.000000
-0.242496	0.000000
0.366868	0.000000
0.525178	0.000000
0.529627	0.000000
0.027061	0.000000
-0.226430	0.000000
0.990406	0.000000
0.265435	0.000000
0.509120	0.000000
0.744973	0.000000
0.000228	0.000000
-0.414860	0.000000
0.328343	0.000000
-0.207151	0.000000
0.232490	0.000000
0.167030	0.000000
-0.465599	0.000000
-0.187651	0.000000
0.353358	0.000000
-0.207541	0.000000
0.805779	0.000000
-0.020854	0.000000
-0.409640	0.000000
0.214431	0.000000
0.473846	0.000000
-0.455106	0.000000
-0.161442	0.000000
0.703542	0.000000
-2.555779	0.000000
0.000467	0.000000
0.154759	0.000000
0.616910	0.000000
-0.175458	0.000000
0.077823	0.000000
0.284988	0.000000
0.082012	0.000000
-0.323181	0.000000
-0.046414	0.000000
0.111431	0.000000
0.752772	0.000000
0.259091	0.000000
-0.332733	0.000000
1.469584	0.000000
-0.302040	0.000000
0.095589	0.000000
-0.332578	0.000000
-0.084146	0.000000
0.319757	0.000000
-0.102678	0.000000
0.453123	0.000000
-0.082648	0.000000
-0.257780	0.000000
-0.081302	0.000000
0.718787	0.000000
0.602816	0.000000
0.128880	0.000000
-0.113100	0.000000
-0.354949	0.000000
-0.290789	0.000000
0.064385	0.000000
0.606402	0.000000
0.366923	0.000000
0.315368	0.000000
-0.105829	0.000000
-0.161811	0.000000
0.340544	0.000000
0.220482	0.000000
-0.416952	0.000000
0.800090	0.000000
-0.744295	0.000000
0.000212	0.000000
-0.362985	0.000000
0.533400	0.000000
0.713725	0.000000
0.335878	0.000000
0.083677	0.000000
-0.698585	0.000000
0.263018	0.000000
-0.824112	0.000000
-0.103562	0.000000
0.403219	0.000000
0.020923	0.000000
-0.186151	0.000000
0.000006	0.000000
0.947719	0.000000
0.569126	0.000000
-0.322857	0.000000
0.586366	0.000000
-0.608012	0.000000
-3.951445	0.000000
-0.051510	0.000000
-0.924656	0.000000
-0.263129	0.000000
0.000162	0.000000
0.000318	0.000000
1.064812	0.000000
0.862533	0.000000
-0.077391	0.000000
-0.332904	0.000000
1.182977	0.000000
-0.258665	0.000000
0.195796	0.000000
-0.935064	0.000000
-1.359815	0.000000
-0.190971	0.000000
-0.415597	0.000000
-0.505573	0.000000
0.383612	0.000000
-0.547873	0.000000
0.517804	0.000000
-0.289418	0.000000
-0.257815	0.000000
-0.040594	0.000000
0.000141	0.000000
0.602748	0.000000
-0.385635	0.000000
0.453767	0.000000
0.355228	0.000000
-0.145173	0.000000
0.000017	0.000000
0.606456	0.000000
-0.458294	0.000000
0.420415	0.000000
-0.158774	0.000000
-0.377518	0.000000
0.454156	0.000000
-0.659945	0.000000
0.492885	0.000000
0.339490	0.000000
-0.868469	0.000000
-0.358989	0.000000
0.000146	0.000000
-0.246072	0.000000
0.322384	0.000000
-0.309840	0.000000
0.250722	0.000000
-1.979671	0.000000
-0.600776	0.000000
-0.588468	0.000000
1.560086	0.000000
-1.208392	0.000000
-0.020821	0.000000
0.074615	0.000000
0.285642	0.000000
-0.118033	0.000000
-0.796328	0.000000
0.969412	0.000000
-0.468613	0.000000
1.582581	0.000000
-1.411393	0.000000
-7.191937	0.000000
-2.158260	0.000000
-0.877327	0.000000
-0.855006	0.000000
0.142884	0.000000
1.638375	0.000000
0.862533	0.000000
0.325142	0.000000
-1.220964	0.000000
-0.215025	0.000000
-0.517748	0.000000
0.685165	0.000000
-0.801423	0.000000
-0.150734	0.000000
0.095556	0.000000
-0.581844	0.000000
-0.505693	0.000000
0.383560	0.000000
0.034267	0.000000
0.873789	0.000000
0.392955	0.000000
0.387085	0.000000
0.711734	0.000000
2.300165	0.000000
0.361866	0.000000
-0.514334	0.000000
1.247668	0.000000
0.355075	0.000000
-1.235896	0.000000
1.060894	0.000000
-0.242150	0.000000
0.641979	0.000000
0.630407	0.000000
0.211975	0.000000
0.458522	0.000000
-0.113348	0.000000
0.000094	0.000000
0.379246	0.000000
0.969753	0.000000
1.489442	0.000000
0.539167	0.000000
-0.103592	0.000000
0.533406	0.000000
0.414455	0.000000
0.206701	0.000000
0.167215	0.000000
0.000069	0.000000
0.225342	0.000000
0.707111	0.000000
-0.103819	0.000000
0.806291	0.000000
-0.062578	0.000000
0.260844	0.000000
0.428502	0.000000
1.066663	0.000000
0.910622	0.000000
0.323128	0.000000
0.234819	0.000000
0.000243	0.000000
-0.846626	0.000000
0.360949	0.000000
-4.213336	0.000000
0.263499	0.000000
-0.388328	0.000000
0.284638	0.000000
-0.163509	0.000000
0.323891	0.000000
0.216776	0.000000
-0.221576	0.000000
0.430558	0.000000
0.259230	0.000000
-0.039099	0.000000
0.000569	0.000000
0.151178	0.000000
0.191262	0.000000
0.915097	0.000000
0.084644	0.000000
0.127857	0.000000
-0.308156	0.000000
0.194229	0.000000
0.351617	0.000000
-0.257371	0.000000
0.325416	0.000000
1.006354	0.000000
2.531229	0.000000
-0.643411	0.000000
0.567025	0.000000
-0.354623	0.000000
0.218283	0.000000
-0.128514	0.000000
0.970279	0.000000
0.366868	0.000000
0.210489	0.000000
0.317791	0.000000
-0.269660	0.000000
-0.453520	0.000000
0.220526	0.000000
0.227529	0.000000
-0.145388	0.000000
-0.371873	0.000000
-1.706496	0.000000
-0.259166	0.000000
0.574357	0.000000
0.069122	0.000000
0.206636	0.000000
0.584639	0.000000
-0.582127	0.000000
0.000009	0.000000
0.589338	0.000000
0.000340	0.000000
1.477285	0.000000
-0.271287	0.000000
-0.372266	0.000000
0.285558	0.000000
0.355819	0.000000
0.796507	0.000000
-0.107594	0.000000
0.234514	0.000000
-0.121505	0.000000
-0.423370	0.000000
-0.051549	0.000000
-0.513558	0.000000
-3.948276	0.000000
0.000248	0.000000
0.427244	0.000000
-0.245439	0.000000
0.323621	0.000000
-0.170233	0.000000
0.222511	0.000000
0.860715	0.000000
0.000011	0.000000
0.117528	0.000000
0.534474	0.000000
-1.963776	0.000000
0.764018	0.000000
0.166691	0.000000
0.590418	0.000000
0.511360	0.000000
0.137019	0.000000
1.391629	0.000000
0.351621	0.000000
0.257939	0.000000
-0.121976	0.000000
0.287796	0.000000
0.000066	0.000000
-2.316433	0.000000
1.360850	0.000000
-0.798490	0.000000
0.581719	0.000000
0.032267	0.000000
0.606508	0.000000
0.229249	0.000000
0.735376	0.000000
0.423710	0.000000
0.027069	0.000000
-0.226389	0.000000
-0.109902	0.000000
1.023776	0.000000
-0.193840	0.000000
-1.116836	0.000000
-0.089736	0.000000
0.000150	0.000000
-0.287040	0.000000
0.161238	0.000000
-0.258227	0.000000
-0.500623	0.000000
-0.116125	0.000000
0.300447	0.000000
-1.531161	0.000000
-0.623688	0.000000
0.134389	0.000000
-0.104364	0.000000
-0.223368	0.000000
-0.356610	0.000000
-0.355281	0.000000
-0.454942	0.000000
0.431047	0.000000
-0.116997	0.000000
0.609013	0.000000
-1.129037	0.000000
-0.386561	0.000000
-0.616429	0.000000
-0.350918	0.000000
-5.596746	0.000000
0.142627	0.000000
-0.245526	0.000000
0.108130	0.000000
-0.077340	0.000000
0.666114	0.000000
-0.645186	0.000000
-0.776670	0.000000
0.156636	0.000000
-1.335416	0.000000
-0.151045	0.000000
-0.954833	0.000000
-0.083049	0.000000
-0.758465	0.000000
0.128040	0.000000
0.376720	0.000000
-0.097055	0.000000
0.186123	0.000000
-1.030893	0.000000
0.162734	0.000000
-0.286931	0.000000
1.446784	0.000000
0.000555	0.000000
-0.453144	0.000000
0.266333	0.000000
-0.654118	0.000000
0.578750	0.000000
0.000090	0.000000
-0.549974	0.000000
0.210113	0.000000
-0.741299	0.000000
-0.404522	0.000000
-1.134003	0.000000
0.330607	0.000000
-0.265376	0.000000
0.266677	0.000000
-0.372179	0.000000
-0.448788	0.000000
0.207561	0.000000
0.246310	0.000000
-0.115049	0.000000
0.103380	0.000000
0.250624	0.000000
0.116764	0.000000
-0.037437	0.000000
0.117913	0.000000
0.520478	0.000000
-0.805482	0.000000
-0.125191	0.000000
-0.111595	0.000000
0.071597	0.000000
1.303502	0.000000
0.341471	0.000000
0.161649	0.000000
0.820538	0.000000
1.095496	0.000000
-0.987859	0.000000
-0.231987	0.000000
0.000376	0.000000
-0.175422	0.000000
0.078091	0.000000
-3.414772	0.000000
0.737413	0.000000
0.431548	0.000000
-0.092871	0.000000
-0.110662	0.000000
0.000351	0.000000
0.604462	0.000000
-0.019515	0.000000
-0.267100	0.000000
0.000281	0.000000
-0.286288	0.000000
0.416106	0.000000
0.168958	0.000000
0.639034	0.000000
0.342596	0.000000
-0.194053	0.000000
0.165488	0.000000
1.031377	0.000000
0.101757	0.000000
0.431276	0.000000
-0.361579	0.000000
0.386377	0.000000
-0.339821	0.000000
0.621533	0.000000
0.218449	0.000000
-0.128568	0.000000
0.242729	0.000000
1.146146	0.000000
0.735342	0.000000
0.370805	0.000000
0.404582	0.000000
0.000392	0.000000
-0.439932	0.000000
0.000109	0.000000
-0.218110	0.000000
-0.247950	0.000000
0.089878	0.000000
0.000078	0.000000
-0.451099	0.000000
-0.045978	0.000000
0.180825	0.000000
0.500955	0.000000
1.397693	0.000000
-0.074979	0.000000
1.178042	0.000000
-0.415890	0.000000
-0.133962	0.000000
-0.104281	0.000000
0.596045	0.000000
1.499255	0.000000
-0.236515	0.000000
0.000447	0.000000
0.269451	0.000000
0.352036	0.000000
-1.216625	0.000000
0.564789	0.000000
0.541425	0.000000
-0.616233	0.000000
-1.403585	0.000000
0.078030	0.000000
1.138603	0.000000
-6.142284	0.000000
1.293672	0.000000
0.046510	0.000000
0.111469	0.000000
0.323058	0.000000
-0.086219	0.000000
0.156660	0.000000
0.267671	0.000000
-1.057502	0.000000
0.382373	0.000000
0.415858	0.000000
1.264709	0.000000
0.000048	0.000000
0.034266	0.000000
0.679612	0.000000
-0.082672	0.000000
0.000459	0.000000
-0.081265	0.000000
-1.149445	0.000000
-0.481844	0.000000
0.128794	0.000000
0.340347	0.000000
0.443906	0.000000
0.581855	0.000000
-0.417900	0.000000
0.121545	0.000000
-0.183224	0.000000
-0.629785	0.000000
0.105959	0.000000
0.000111	0.000000
0.680861	0.000000
0.770713	0.000000
0.530910	0.000000
-0.048428	0.000000
-0.868618	0.000000
-0.358955	0.000000
-0.259142	0.000000
0.123228	0.000000
-0.161112	0.000000
-0.025762	0.000000
0.000354	0.000000
0.000264	0.000000
-0.225148	0.000000
0.118050	0.000000
0.520273	0.000000
-1.074064	0.000000
-0.166921	0.000000
0.111773	0.000000
0.214405	0.000000
-0.236761	0.000000
-0.455118	0.000000
0.431026	0.000000
-0.702963	0.000000
-0.486466	0.000000
0.000562	0.000000
0.103189	0.000000
0.205916	0.000000
0.087971	0.000000
-0.233071	0.000000
0.427130	0.000000
0.164097	0.000000
-4.635360	0.000000
0.185791	0.000000
0.444084	0.000000
-0.429641	0.000000
0.000213	0.000000
-0.234830	0.000000
0.000294	0.000000
-0.150531	0.000000
-0.286085	0.000000
-0.082968	0.000000
0.168829	0.000000
0.511280	0.000000
-0.205450	0.000000
0.000044	0.000000
-0.144670	0.000000
0.515699	0.000000
0.162707	0.000000
0.575193	0.000000
0.482254	0.000000
0.257942	0.000000
-0.339624	0.000000
0.355298	0.000000
-0.436185	0.000000
0.257274	0.000000
0.363907	0.000000
0.916977	0.000000
0.840096	0.000000
-0.158824	0.000000
0.296750	0.000000
-0.339942	0.000000
0.880662	0.000000
0.075982	0.000000
0.000044	0.000000
-0.247793	0.000000
0.000271	0.000000
0.207517	0.000000
-0.164069	0.000000
-0.529518	0.000000
1.472303	0.000000
3.673457	0.000000
0.000487	0.000000
1.201723	0.000000
-0.353130	0.000000
-1.143984	0.000000
-1.476659	0.000000
1.607289	0.000000
0.893956	0.000000
1.642021	0.000000
0.947684	0.000000
1.820947	0.000000
-0.053710	0.000000
4.335554	0.000000
-0.851557	0.000000
0.141292	0.000000
0.825009	0.000000
-0.308098	0.000000
-1.316137	0.000000
-0.232931	0.000000
-0.853594	0.000000
0.573486	0.000000
2.910965	0.000000
-7.121344	0.000000
-1.110090	0.000000
-0.107421	0.000000
1.899604	0.000000
2.055387	0.000000
0.668473	0.000000
0.906862	0.000000
-0.572882	0.000000
0.665337	0.000000
1.180667	0.000000
-0.894216	0.000000
0.582193	0.000000
0.938514	0.000000
0.000074	0.000000
-2.578223	0.000000
0.793111	0.000000
1.294161	0.000000
-1.446023	0.000000
1.544659	0.000000
-1.813587	0.000000
-1.064566	0.000000
2.399821	0.000000
1.671785	0.000000
-1.697328	0.000000
0.917002	0.000000
1.575213	0.000000
0.000022	0.000000
0.161939	0.000000
1.474498	0.000000
-0.989986	0.000000
0.644666	0.000000
0.169796	0.000000
0.620669	0.000000
0.898678	0.000000
0.622537	0.000000
-0.410163	0.000000
-0.161105	0.000000
0.154986	0.000000
0.417437	0.000000
0.116879	0.000000
0.788634	0.000000
-0.352878	0.000000
0.208010	0.000000
0.268927	0.000000
0.375720	0.000000
-0.074470	0.000000
0.713995	0.000000
-0.236687	0.000000
0.682830	0.000000
-0.807638	0.000000
0.000409	0.000000
-0.608303	0.000000
-0.281824	0.000000
0.232046	0.000000
-0.205545	0.000000
-0.613912	0.000000
1.088369	0.000000
-0.283997	0.000000
-0.081738	0.000000
0.539395	0.000000
-0.216666	0.000000
-3.774051	0.000000
-0.645062	0.000000
0.172800	0.000000
-0.078209	0.000000
0.000099	0.000000
1.208998	0.000000
-0.190617	0.000000
0.000037	0.000000
0.843223	0.000000
-0.447141	0.000000
0.000053	0.000000
-0.291197	0.000000
-0.041328	0.000000
0.258111	0.000000
0.101762	0.000000
0.143742	0.000000
0.000100	0.000000
0.772575	0.000000
0.113769	0.000000
1.064965	0.000000
0.145588	0.000000
-0.321326	0.000000
-0.606239	0.000000
0.183467	0.000000
-0.104973	0.000000
-0.423486	0.000000
0.620393	0.000000
0.567289	0.000000
0.550295	0.000000
0.758404	0.000000
0.121299	0.000000
0.248481	0.000000
-1.078022	0.000000
-0.155353	0.000000
-0.163978	0.000000
-0.161112	0.000000
0.000076	0.000000
0.501212	0.000000
0.116988	0.000000
0.112713	0.000000
0.353516	0.000000
0.104162	0.000000
-0.134049	0.000000
-0.062535	0.000000
0.186368	0.000000
-0.142436	0.000000
-0.236816	0.000000
0.114019	0.000000
0.054072	0.000000
-0.702885	0.000000
0.973926	0.000000
1.411619	0.000000
-0.180363	0.000000
0.205709	0.000000
0.526777	0.000000
-0.077718	0.000000
0.711760	0.000000
-0.245688	0.000000
-1.077851	0.000000
0.000010	0.000000
0.111201	0.000000
-4.838704	0.000000
0.604608	0.000000
-0.019567	0.000000
1.202870	0.000000
0.302239	0.000000
-0.286274	0.000000
0.748814	0.000000
-0.252644	0.000000
0.000103	0.000000
0.068500	0.000000
-0.452965	0.000000
0.248188	0.000000
0.902546	0.000000
-0.081311	0.000000
0.718706	0.000000
-0.602449	0.000000
-0.385899	0.000000
-1.133368	0.000000
-0.443608	0.000000
0.000035	0.000000
-0.160681	0.000000
-0.727644	0.000000
0.137633	0.000000
-0.209896	0.000000
-0.052753	0.000000
0.296707	0.000000
-0.680398	0.000000
-0.660094	0.000000
-0.075726	0.000000
-0.363536	0.000000
0.620818	0.000000
0.808754	0.000000
0.363218	0.000000
0.246244	0.000000
-0.046010	0.000000
0.103346	0.000000
-0.250372	0.000000
0.466113	0.000000
0.187893	0.000000
-0.235049	0.000000
-0.103789	0.000000
1.343160	0.000000
-0.020825	0.000000
-0.670256	0.000000
1.856105	0.000000
0.829604	0.000000
0.455247	0.000000
-0.053706	0.000000
-0.937033	0.000000
0.486907	0.000000
-0.705244	0.000000
-0.257777	0.000000
0.205695	0.000000
-0.526418	0.000000
0.311078	0.000000
-1.137848	0.000000
-0.409459	0.000000
0.215892	0.000000
0.046508	0.000000
0.000234	0.000000
0.107815	0.000000
-4.575989	0.000000
0.626464	0.000000
-0.533869	0.000000
0.151472	0.000000
-0.572548	0.000000
-0.415587	0.000000
-0.590017	0.000000
-0.127726	0.000000
-0.068440	0.000000
0.129464	0.000000
-0.165364	0.000000
-0.644397	0.000000
-0.040630	0.000000
-1.436795	0.000000
-0.964139	0.000000
-0.257209	0.000000
-0.679968	0.000000
0.709978	0.000000
-0.072542	0.000000
-0.289313	0.000000
0.000548	0.000000
-0.366579	0.000000
-0.734641	0.000000
-0.370528	0.000000
-0.188690	0.000000
0.113522	0.000000
-0.990335	0.000000
-0.189491	0.000000
0.000018	0.000000
1.489280	0.000000
0.449222	0.000000
0.000013	0.000000
0.000028	0.000000
-0.161083	0.000000
0.955675	0.000000
-1.669339	0.000000
-1.280847	0.000000
0.413222	0.000000
-1.059585	0.000000
1.040085	0.000000
0.806021	0.000000
0.167066	0.000000
0.782215	0.000000
-1.498665	0.000000
-1.303029	0.000000
0.341615	0.000000
1.346374	0.000000
-0.234095	0.000000
0.365189	0.000000
1.835301	0.000000
1.701455	0.000000
0.822469	0.000000
0.526572	0.000000
1.788202	0.000000
1.565800	0.000000
0.982819	0.000000
-0.970188	0.000000
1.470771	0.000000
-1.887225	0.000000
0.430563	0.000000
3.194726	0.000000
-6.987930	0.000000
2.137897	0.000000
-1.812884	0.000000
0.095861	0.000000
0.915163	0.000000
1.601934	0.000000
0.064029	0.000000
-0.547811	0.000000
0.841432	0.000000
0.144829	0.000000
-0.128821	0.000000
0.488093	0.000000
-0.143366	0.000000
0.482195	0.000000
0.000211	0.000000
-0.453160	0.000000
-1.064670	0.000000
-0.363375	0.000000
-0.192767	0.000000
-0.848576	0.000000
1.421383	0.000000
-2.204768	0.000000
1.006353	0.000000
1.105814	0.000000
-2.041091	0.000000
2.641046	0.000000
-0.075738	0.000000
0.460679	0.000000
0.993023	0.000000
2.245986	0.000000
0.674331	0.000000
0.615458	0.000000
1.358461	0.000000
-0.103232	0.000000
0.000172	0.000000
-0.116349	0.000000
-0.074975	0.000000
-0.353253	0.000000
0.208215	0.000000
-0.536514	0.000000
0.104452	0.000000
0.000062	0.000000
-0.428141	0.000000
0.237024	0.000000
-0.341049	0.000000
0.431004	0.000000
-0.234114	0.000000
0.122062	0.000000
-0.705513	0.000000
-0.128777	0.000000
-0.719196	0.000000
-0.701675	0.000000
-0.621613	0.000000
-0.853570	0.000000
-0.736771	0.000000
0.431512	0.000000
0.278727	0.000000
0.222031	0.000000
0.215114	0.000000
-0.086322	0.000000
0.195794	0.000000
-3.205746	0.000000
0.000691	0.000000
-0.286387	0.000000
-0.165950	0.000000
-0.421391	0.000000
0.319470	0.000000
0.616419	0.000000
0.032382	0.000000
0.020724	0.000000
0.258110	0.000000
-0.101648	0.000000
-0.143248	0.000000
-0.120311	0.000000
-0.128567	0.000000
0.340192	0.000000
0.532804	0.000000
-0.072495	0.000000
-0.385701	0.000000
0.485465	0.000000
-0.366731	0.000000
0.000406	0.000000
-0.317641	0.000000
0.431547	0.000000
0.000333	0.000000
0.330610	0.000000
0.985850	0.000000
0.266695	0.000000
-0.372259	0.000000
0.269689	0.000000
-0.570313	0.000000
-0.205049	0.000000
-0.299270	0.000000
-0.051610	0.000000
-0.417227	0.000000
-0.465416	0.000000
0.075190	0.000000
0.471540	0.000000
-0.103536	0.000000
-0.536675	0.000000
-0.396495	0.000000
-0.111725	0.000000
-0.642093	0.000000
-0.236884	0.000000
0.910341	0.000000
0.377106	0.000000
-0.116997	0.000000
-0.608489	0.000000
0.141679	0.000000
0.206274	0.000000
-0.410995	0.000000
-0.438380	0.000000
0.000322	0.000000
-0.284174	0.000000
0.163999	0.000000
-0.215129	0.000000
-0.433433	0.000000
0.111168	0.000000
0.645372	0.000000
0.172970	0.000000
-0.313141	0.000000
0.267301	0.000000
-3.173129	0.000000
0.000207	0.000000
-0.083000	0.000000
-0.589883	0.000000
-0.638811	0.000000
-0.445165	0.000000
0.258952	0.000000
0.206845	0.000000
-0.515312	0.000000
0.264350	0.000000
-0.286959	0.000000
-0.843341	0.000000
0.515043	0.000000
-0.340106	0.000000
0.088770	0.000000
-0.218132	0.000000
0.675113	0.000000
0.364160	0.000000
0.046038	0.000000
0.420307	0.000000
0.053157	0.000000
-0.269647	0.000000
1.020954	0.000000
-0.770015	0.000000
0.189630	0.000000
0.848518	0.000000
0.248705	0.000000
0.000301	0.000000
-0.155505	0.000000
-0.204978	0.000000
0.000012	0.000000
0.206746	0.000000
0.668124	0.000000
0.116978	0.000000
0.450756	0.000000
0.471298	0.000000
0.832147	0.000000
0.402843	0.000000
-0.333921	0.000000
-0.148872	0.000000
0.071475	0.000000
-0.236511	0.000000
-1.478912	0.000000
0.430924	0.000000
0.000123	0.000000
0.730398	0.000000
-0.141078	0.000000
-0.283463	0.000000
0.102866	0.000000
0.965353	0.000000
0.233279	0.000000
0.000033	0.000000
0.737388	0.000000
-0.107663	0.000000
-0.077390	0.000000
0.222520	0.000000
0.000258	0.000000
-0.345029	0.000000
0.039234	0.000000
0.400895	0.000000
0.453880	0.000000
-4.869575	0.000000
-0.665277	0.000000
-0.337234	0.000000
0.447317	0.000000
0.513791	0.000000
-0.226476	0.000000
-0.082709	0.000000
0.258263	0.000000
-0.060993	0.000000
0.431719	0.000000
0.120737	0.000000
0.514977	0.000000
0.567372	0.000000
0.266422	0.000000
-0.072437	0.000000
0.160868	0.000000
-0.363468	0.000000
-0.320808	0.000000
0.210171	0.000000
0.264827	0.000000
0.027031	0.000000
0.227256	0.000000
0.550648	0.000000
-0.303203	0.000000
0.630422	0.000000
0.124260	0.000000
-0.628685	0.000000
0.363133	0.000000
0.369322	0.000000
0.322382	0.000000
-0.154970	0.000000
-0.166823	0.000000
0.349846	0.000000
-0.112655	0.000000
-0.588410	0.000000
-1.039676	0.000000
0.806024	0.000000
0.083492	0.000000
-0.074412	0.000000
0.071534	0.000000
-0.829044	0.000000
-0.454642	0.000000
0.161556	0.000000
0.703111	0.000000
-0.364958	0.000000
0.141506	0.000000
-0.386569	0.000000
0.205674	0.000000
-0.087539	0.000000
0.155665	0.000000
-0.142047	0.000000
0.901059	0.000000
0.108023	0.000000
-0.170293	0.000000
-0.221944	0.000000
0.538052	0.000000
-0.172287	0.000000
0.371972	0.000000
-1.602580	0.000000
1.964667	0.000000
-0.190814	0.000000
-5.405540	0.000000
-0.421218	0.000000
-0.574838	0.000000
0.205553	0.000000
0.226639	0.000000
-0.227393	0.000000
-0.257654	0.000000
0.142399	0.000000
-0.718225	0.000000
0.361982	0.000000
0.000515	0.000000
-0.226472	0.000000
0.355282	0.000000
0.145675	0.000000
0.096453	0.000000
-1.576222	0.000000
-0.412589	0.000000
-0.419659	0.000000
-0.052916	0.000000
0.000077	0.000000
0.907308	0.000000
0.220097	0.000000
0.000080	0.000000
0.557628	0.000000
0.248566	0.000000
0.089893	0.000000
-0.155568	0.000000
-0.533212	0.000000
0.276357	0.000000
-0.258244	0.000000
0.417613	0.000000
-0.116263	0.000000
0.037715	0.000000
-0.235085	0.000000
-0.311930	0.000000
-1.745467	0.000000
-0.020812	0.000000
-0.484007	0.000000
-0.570696	0.000000
-1.302558	0.000000
-0.227127	0.000000
1.454021	0.000000
-0.820140	0.000000
0.121997	0.000000
0.282311	0.000000
-0.309292	0.000000
0.411136	0.000000
1.228824	0.000000
0.000297	0.000000
-1.422849	0.000000
0.819214	0.000000
0.646914	0.000000
-0.108351	0.000000
1.110203	0.000000
-0.107318	0.000000
-0.518027	0.000000
-0.039072	0.000000
-1.335602	0.000000
-0.754914	0.000000
-0.572561	0.000000
0.083446	0.000000
-4.299677	0.000000
-0.446978	0.000000
0.137014	0.000000
-0.614797	0.000000
0.806548	0.000000
-0.386626	0.000000
0.122030	0.000000
-0.574716	0.000000
-0.602570	0.000000
0.257660	0.000000
-1.246945	0.000000
0.355357	0.000000
-0.436039	0.000000
-0.096306	0.000000
-0.969825	0.000000
-0.091576	0.000000
0.000179	0.000000
-0.211604	0.000000
-0.188745	0.000000
0.227105	0.000000
-0.549702	0.000000
-0.113629	0.000000
0.072802	0.000000
0.000496	0.000000
0.719088	0.000000
0.207601	0.000000
-0.204938	0.000000
0.253292	0.000000
0.154976	0.000000
-0.250136	0.000000
0.000409	0.000000
-0.450465	0.000000
-1.177680	0.000000
-0.727707	0.000000
-1.073985	0.000000
0.271409	0.000000
-0.707551	0.000000
0.642506	0.000000
-1.894858	0.000000
0.000406	0.000000
0.484702	0.000000
-0.585710	0.000000
-1.338709	0.000000
1.411503	0.000000
-0.051548	0.000000
-0.102505	0.000000
-0.789506	0.000000
0.855249	0.000000
-1.138344	0.000000
-0.736738	0.000000
-0.323358	0.000000
-0.170246	0.000000
-1.220941	0.000000
-0.537421	0.000000
-0.258758	0.000000
-0.156562	0.000000
0.000264	0.000000
-0.604195	0.000000
0.668727	0.000000
-0.166073	0.000000
-0.842930	0.000000
-4.983526	0.000000
-0.342359	0.000000
-0.323529	0.000000
0.268874	0.000000
0.257885	0.000000
-0.142278	0.000000
-0.430937	0.000000
0.000554	0.000000
0.901536	0.000000
0.113729	0.000000
0.000339	0.000000
0.072903	0.000000
0.000054	0.000000
-0.363598	0.000000
-0.687551	0.000000
-1.154993	0.000000
-0.847273	0.000000
0.296789	0.000000
1.134555	0.000000
-0.990007	0.000000
-0.113667	0.000000
0.218281	0.000000
-0.992525	0.000000
-0.449128	0.000000
0.207590	0.000000
-0.040884	0.000000
-0.068999	0.000000
0.594111	0.000000
0.083859	0.000000
0.000235	0.000000
0.112711	0.000000
1.767198	0.000000
-1.039755	0.000000
-0.671333	0.000000
0.271372	0.000000
-0.595876	0.000000
1.927254	0.000000
0.711047	0.000000
0.796755	0.000000
-0.322906	0.000000
0.820713	0.000000
-1.094958	0.000000
-1.410787	0.000000
0.412536	0.000000
-1.027475	0.000000
0.088101	0.000000
-0.233075	0.000000
0.427550	0.000000
-0.573237	0.000000
0.539311	0.000000
-0.216666	0.000000
-1.554161	0.000000
1.828149	0.000000
-0.517839	0.000000
-0.273967	0.000000
0.000034	0.000000
-0.754847	0.000000
0.763896	0.000000
0.166705	0.000000
-0.168543	0.000000
-0.255544	0.000000
-7.020116	0.000000
0.064860	0.000000
0.082762	0.000000
-1.675616	0.000000
-0.304925	0.000000
0.000657	0.000000
1.326376	0.000000
2.960544	0.000000
1.700933	0.000000
0.355114	0.000000
0.145502	0.000000
-0.128497	0.000000
1.213000	0.000000
-0.229226	0.000000
0.420250	0.000000
-0.052715	0.000000
-0.242666	0.000000
0.907488	0.000000
-1.870642	0.000000
0.303315	0.000000
0.484965	0.000000
-0.744305	0.000000
-0.898270	0.000000
0.414950	0.000000
-0.533272	0.000000
1.151197	0.000000
-0.284108	0.000000
1.169017	0.000000
-0.232650	0.000000
-0.375374	0.000000
0.824614	0.000000
0.000256	0.000000
-0.402764	0.000000
0.521847	0.000000
0.111865	0.000000
-0.927668	0.000000
2.132758	0.000000
-0.340898	0.000000
-0.269036	0.000000
-0.585667	0.000000
1.704505	0.000000
0.706210	0.000000
0.257846	0.000000
1.644727	0.000000
2.544996	0.000000
-0.777215	0.000000
-0.995593	0.000000
-0.081735	0.000000
0.646921	0.000000
0.154814	0.000000
0.333331	0.000000
-1.935259	0.000000
-0.172441	0.000000
0.704685	0.000000
-0.533880	0.000000
1.511297	0.000000
-0.763490	0.000000
1.164545	0.000000
-1.264579	0.000000
-0.702687	0.000000
-0.273919	0.000000
-6.860242	0.000000
0.889205	0.000000
-1.546809	0.000000
-0.325317	0.000000
-1.293028	0.000000
-2.169359	0.000000
1.802517	0.000000
-1.020056	0.000000
1.508676	0.000000
0.218212	0.000000
-0.128450	0.000000
-0.484685	0.000000
0.183530	0.000000
-0.209854	0.000000
0.741456	0.000000
0.917074	0.000000
-1.020316	0.000000
-1.100189	0.000000
-0.303143	0.000000
0.194035	0.000000
-0.123686	0.000000
-0.269238	0.000000
1.141079	0.000000
-0.163902	0.000000
0.092153	0.000000
0.439099	0.000000
-1.669481	0.000000
0.000218	0.000000
2.440901	0.000000
1.531250	0.000000
1.248464	0.000000
-0.536561	0.000000
0.939333	0.000000
0.707611	0.000000
0.785359	0.000000
-0.829002	0.000000
-1.251557	0.000000
-1.023011	0.000000
0.234799	0.000000
-0.486405	0.000000
-1.975614	0.000000
0.309359	0.000000
0.925361	0.000000
0.789780	0.000000
-0.388492	0.000000
2.704096	0.000000
0.327885	0.000000
-0.431046	0.000000
0.030990	0.000000
1.887419	0.000000
2.473607	0.000000
-1.035864	0.000000
0.528567	0.000000
-0.534230	0.000000
1.209151	0.000000
-1.145789	0.000000
-0.581833	0.000000
2.445011	0.000000
-1.213837	0.000000
0.274085	0.000000
1.100360	0.000000
-7.217002	0.000000
1.160486	0.000000
0.630408	0.000000
-1.437047	0.000000
0.964526	0.000000
0.772646	0.000000
0.000245	0.000000
1.952404	0.000000
1.018016	0.000000
1.382452	0.000000
0.242553	0.000000
0.733736	0.000000
-1.154710	0.000000
-0.476363	0.000000
-0.107809	0.000000
-0.113069	0.000000
-0.659739	0.000000
-0.037833	0.000000
0.581852	0.000000
1.737836	0.000000
2.605634	0.000000
-1.140784	0.000000
0.123102	0.000000
-0.184108	0.000000
-0.103236	0.000000
0.918646	0.000000
0.699191	0.000000
0.000153	0.000000
-1.295518	0.000000
0.312026	0.000000
-0.536604	0.000000
0.041789	0.000000
0.707657	0.000000
-0.071254	0.000000
-0.236682	0.000000
0.114264	0.000000
-0.053664	0.000000
0.468715	0.000000
0.365429	0.000000
-0.705504	0.000000
-0.206156	0.000000
0.308390	0.000000
0.789758	0.000000
0.388855	0.000000
0.569248	0.000000
-0.327597	0.000000
0.539509	0.000000
-0.092852	0.000000
0.222063	0.000000
-0.214723	0.000000
-0.345244	0.000000
0.019596	0.000000
-0.667791	0.000000
0.151694	0.000000
-0.668041	0.000000
-0.249484	0.000000
-0.168521	0.000000
-0.191607	0.000000
0.787653	0.000000
-0.388186	0.000000
0.268915	0.000000
-3.351722	0.000000
-0.203267	0.000000
0.000519	0.000000
-0.120314	0.000000
-0.771847	0.000000
0.453732	0.000000
0.177835	0.000000
-0.581373	0.000000
0.032196	0.000000
-0.120833	0.000000
0.229409	0.000000
0.735528	0.000000
0.476653	0.000000
0.539518	0.000000
0.453925	0.000000
0.550614	0.000000
0.189617	0.000000
0.387916	0.000000
-0.248028	0.000000
-0.359285	0.000000
0.363230	0.000000
0.451334	0.000000
-0.184107	0.000000
0.180821	0.000000
1.920183	0.000000
1.746850	0.000000
0.788630	0.000000
0.235652	0.000000
1.144285	0.000000
2.417232	0.000000
1.001964	0.000000
0.037258	0.000000
1.284819	0.000000
-0.710594	0.000000
-2.958156	0.000000
0.646381	0.000000
0.234447	0.000000
0.243874	0.000000
-0.564343	0.000000
0.644471	0.000000
0.205678	0.000000
-0.087385	0.000000
2.410061	0.000000
0.712190	0.000000
-1.228488	0.000000
0.970295	0.000000
0.557342	0.000000
-0.665707	0.000000
0.322728	0.000000
-0.086260	0.000000
0.587310	0.000000
0.802078	0.000000
-0.151064	0.000000
0.286725	0.000000
1.746623	0.000000
-1.011383	0.000000
0.702925	0.000000
0.376724	0.000000
-0.032281	0.000000
1.199478	0.000000
0.000302	0.000000
-7.300005	0.000000
-2.011498	0.000000
-2.531083	0.000000
0.000137	0.000000
1.247267	0.000000
-0.354747	0.000000
-0.945193	0.000000
0.964546	0.000000
0.000296	0.000000
-0.550054	0.000000
-0.209592	0.000000
0.847392	0.000000
0.404585	0.000000
0.907791	0.000000
-0.770066	0.000000
1.706138	0.000000
0.072790	0.000000
0.372498	0.000000
0.090172	0.000000
0.622378	0.000000
-0.328180	0.000000
0.092198	0.000000
-0.051559	0.000000
-0.834637	0.000000
-0.349295	0.000000
-0.337891	0.000000
0.707157	0.000000
0.520281	0.000000
0.268920	0.000000
-0.020837	0.000000
-0.372381	0.000000
0.071393	0.000000
-0.355172	0.000000
-0.340877	0.000000
-0.053700	0.000000
-0.351162	0.000000
0.487257	0.000000
-0.705452	0.000000
-0.257712	0.000000
0.205806	0.000000
0.000382	0.000000
0.000274	0.000000
0.427165	0.000000
-0.654959	0.000000
0.323838	0.000000
0.634798	0.000000
-0.665851	0.000000
-0.214723	0.000000
-0.172636	0.000000
-0.078296	0.000000
-0.934923	0.000000
0.906755	0.000000
0.000113	0.000000
0.083376	0.000000
0.253179	0.000000
-0.127621	0.000000
0.239844	0.000000
-0.452987	0.000000
-0.165408	0.000000
-0.128699	0.000000
-0.528682	0.000000
-3.305531	0.000000
-0.481823	0.000000
-0.514480	0.000000
-0.226522	0.000000
0.266541	0.000000
-0.290815	0.000000
-0.128498	0.000000
0.606522	0.000000
-0.458298	0.000000
-1.574937	0.000000
-0.105842	0.000000
0.674312	0.000000
-1.247483	0.000000
0.110098	0.000000
0.606615	0.000000
-0.145419	0.000000
0.124281	0.000000
0.000051	0.000000
-0.985241	0.000000
0.000171	0.000000
-0.345333	0.000000
0.335847	0.000000
-0.333828	0.000000
0.233334	0.000000
0.563388	0.000000
-0.235531	0.000000
1.144033	0.000000
-0.402631	0.000000
-0.125207	0.000000
0.633210	0.000000
-0.856280	0.000000
0.118659	0.000000
0.000417	0.000000
-0.215341	0.000000
0.469005	0.000000
0.243606	0.000000
0.282626	0.000000
0.232094	0.000000
1.028154	0.000000
-0.526159	0.000000
0.544278	0.000000
-0.569110	0.000000
0.246057	0.000000
0.539021	0.000000
-0.278604	0.000000
-0.998894	0.000000
0.107841	0.000000
-0.345030	0.000000
-0.097804	0.000000
0.668284	0.000000
-0.301784	0.000000
0.095798	0.000000
-0.748269	0.000000
-0.421387	0.000000
0.383584	0.000000
0.376823	0.000000
-0.258877	0.000000
0.165520	0.000000
0.000489	0.000000
0.061004	0.000000
-0.287064	0.000000
-3.374349	0.000000
0.000259	0.000000
0.000364	0.000000
0.621288	0.000000
0.436294	0.000000
-0.482135	0.000000
-0.969700	0.000000
-0.549944	0.000000
-0.104617	0.000000
0.212015	0.000000
0.054046	0.000000
-0.113059	0.000000
0.220399	0.000000
-0.075700	0.000000
0.024255	0.000000
0.744690	0.000000
-0.089822	0.000000
-0.207267	0.000000
0.123102	0.000000
0.644683	0.000000
-0.232364	0.000000
0.334264	0.000000
-1.280910	0.000000
0.751175	0.000000
0.118153	0.000000
0.000184	0.000000
0.403414	0.000000
-0.041714	0.000000
0.223505	0.000000
0.000111	0.000000
-0.591772	0.000000
-0.227174	0.000000
-0.484585	0.000000
-0.116668	0.000000
0.243632	0.000000
-0.140587	0.000000
0.000020	0.000000
0.205731	0.000000
-0.613977	0.000000
0.077822	0.000000
-0.284148	0.000000
0.081959	0.000000
-0.430759	0.000000
-0.061884	0.000000
0.777305	0.000000
-0.322471	0.000000
-0.690515	0.000000
0.313243	0.000000
-0.400690	0.000000
-0.150883	0.000000
0.095504	0.000000
-0.166127	0.000000
0.168870	0.000000
0.255752	0.000000
0.410937	0.000000
-0.129330	0.000000
0.144793	0.000000
-0.257826	0.000000
-0.081278	0.000000
-0.574634	0.000000
-0.722803	0.000000
-3.217371	0.000000
-0.906834	0.000000
-0.532070	0.000000
-0.072571	0.000000
-0.482122	0.000000
-0.242093	0.000000
-0.320860	0.000000
-0.209970	0.000000
0.370714	0.000000
-0.134813	0.000000
-0.113055	0.000000
0.550597	0.000000
-0.075739	0.000000
-0.145446	0.000000
-0.371877	0.000000
0.449336	0.000000
-0.362988	0.000000
1.066679	0.000000
-0.092063	0.000000
0.594164	0.000000
-0.166880	0.000000
-0.116261	0.000000
-0.187621	0.000000
-0.470902	0.000000
0.624190	0.000000
0.268582	0.000000
0.438345	0.000000
0.372566	0.000000
-0.285205	0.000000
0.711161	0.000000
0.796676	0.000000
-0.053696	0.000000
0.117267	0.000000
0.730282	0.000000
0.282678	0.000000
0.154752	0.000000
0.925394	0.000000
0.614222	0.000000
0.388999	0.000000
-0.142016	0.000000
-0.163426	0.000000
-0.754136	0.000000
0.061940	0.000000
0.555163	0.000000
-0.752280	0.000000
0.086431	0.000000
-0.117411	0.000000
-0.534189	0.000000
0.151689	0.000000
-0.763785	0.000000
-0.166231	0.000000
-0.336971	0.000000
0.191720	0.000000
0.993128	0.000000
-0.323481	0.000000
-0.041301	0.000000
0.515760	0.000000
-0.142304	0.000000
-0.718089	0.000000
-0.361451	0.000000
-0.128504	0.000000
-4.194656	0.000000
-0.177379	0.000000
-0.799640	0.000000
-0.128502	0.000000
-0.121002	0.000000
-0.320908	0.000000
-0.314576	0.000000
-0.211780	0.000000
-0.296617	0.000000
-0.453528	0.000000
-0.109937	0.000000
-0.341208	0.000000
-0.121142	0.000000
1.241311	0.000000
0.269681	0.000000
-0.207349	0.000000
0.164194	0.000000
-0.115032	0.000000
0.025912	0.000000
0.333943	0.000000
-0.465387	0.000000
0.112813	0.000000
1.060071	0.000000
-0.623647	0.000000
-0.671140	0.000000
-0.041698	0.000000
0.149087	0.000000
-0.213970	0.000000
0.473925	0.000000
-0.113501	0.000000
0.215437	0.000000
-0.351476	0.000000
0.730317	0.000000
0.847242	0.000000
0.077388	0.000000
0.103069	0.000000
-0.614015	0.000000
0.233217	0.000000
0.569724	0.000000
0.327689	0.000000
0.431225	0.000000
-0.232187	0.000000
0.444142	0.000000
0.645505	0.000000
0.777177	0.000000
0.117488	0.000000
0.267653	0.000000
-1.057631	0.000000
0.668577	0.000000
-0.082928	0.000000
0.843300	0.000000
0.702879	0.000000
-0.102714	0.000000
0.582562	0.000000
0.248230	0.000000
0.257998	0.000000
-0.060936	0.000000
2.299924	0.000000
0.723421	0.000000
0.257541	0.000000
0.000170	0.000000
-5.590342	0.000000
-0.436026	0.000000
0.385833	0.000000
0.121287	0.000000
0.275103	0.000000
-0.734824	0.000000
0.688618	0.000000
-0.296564	0.000000
0.227151	0.000000
-0.549831	0.000000
-0.303187	0.000000
-0.266574	0.000000
-0.247799	0.000000
0.179738	0.000000
0.466796	0.000000
-0.533184	0.000000
0.115147	0.000000
0.051692	0.000000
0.667927	0.000000
0.116457	0.000000
0.375642	0.000000
-0.941790	0.000000
-0.415565	0.000000
0.537371	0.000000
0.104395	0.000000
0.000137	0.000000
0.000119	0.000000
0.474005	0.000000
0.455291	0.000000
0.323276	0.000000
0.117377	0.000000
-0.364600	0.000000
-0.564400	0.000000
-0.231933	0.000000
0.925337	0.000000
-0.175415	0.000000
0.000135	0.000000
1.280801	0.000000
0.409808	0.000000
-0.538829	0.000000
0.185818	0.000000
0.555208	0.000000
-0.860019	0.000000
-0.345240	0.000000
-0.039087	0.000000
-0.133537	0.000000
1.057860	0.000000
-0.572905	0.000000
-0.165985	0.000000
0.506057	0.000000
-0.127680	0.000000
0.034361	0.000000
0.097097	0.000000
0.082793	0.000000
0.000042	0.000000
0.122077	0.000000
0.287561	0.000000
1.566992	0.000000
0.000557	0.000000
0.000467	0.000000
-0.887343	0.000000
-5.816861	0.000000
0.032292	0.000000
0.728036	0.000000
0.183458	0.000000
0.210198	0.000000
0.158977	0.000000
0.755295	0.000000
0.227201	0.000000
0.770384	0.000000
0.189709	0.000000
0.169749	0.000000
0.496545	0.000000
0.718900	0.000000
0.570648	0.000000
0.287314	0.000000
0.046088	0.000000
1.291454	0.000000
0.667873	0.000000
3.493970	0.000000
0.225360	0.000000
0.707207	0.000000
1.560482	0.000000
-0.402700	0.000000
0.793242	0.000000
1.191771	0.000000
0.713782	0.000000
2.132258	0.000000
-0.568527	0.000000
1.561680	0.000000
0.937735	0.000000
0.487409	0.000000
1.552706	0.000000
1.237431	0.000000
0.102864	0.000000
1.228730	0.000000
1.866022	0.000000
1.565542	0.000000
-0.081527	0.000000
1.078159	0.000000
1.114717	0.000000
1.554517	0.000000
1.398141	0.000000
1.209110	0.000000
-0.117438	0.000000
0.935433	0.000000
1.813919	0.000000
1.432620	0.000000
0.748592	0.000000
1.012038	0.000000
1.022515	0.000000
0.890504	0.000000
0.291342	0.000000
0.909922	0.000000
1.289418	0.000000
0.772777	0.000000
-0.143446	0.000000
0.482400	0.000000
0.772771	0.000000
0.793749	0.000000
0.355142	0.000000
1.163623	0.000000
-6.686618	0.000000
2.304600	0.000000
0.275252	0.000000
-0.314604	0.000000
-0.211683	0.000000
0.863161	0.000000
2.608644	0.000000
1.320505	0.000000
0.417183	0.000000
0.024330	0.000000
0.000482	0.000000
0.000398	0.000000
1.607758	0.000000
0.123196	0.000000
0.529559	0.000000
-0.516560	0.000000
-0.667545	0.000000
-0.116000	0.000000
0.000111	0.000000
-0.941963	0.000000
0.000393	0.000000
1.074382	0.000000
-0.187834	0.000000
0.000100	0.000000
-0.570855	0.000000
-0.236783	0.000000
-0.227510	0.000000
0.054075	0.000000
0.117505	0.000000
1.095880	0.000000
0.423891	0.000000
-0.051478	0.000000
0.411515	0.000000
0.965578	0.000000
0.388726	0.000000
-0.711119	0.000000
-0.409174	0.000000
0.431304	0.000000
-0.139304	0.000000
-1.109821	0.000000
-0.322282	0.000000
0.259385	0.000000
0.489431	0.000000
0.534875	0.000000
1.813966	0.000000
-0.095373	0.000000
-0.582102	0.000000
-0.168527	0.000000
0.383469	0.000000
0.616470	0.000000
-0.226500	0.000000
0.227530	0.000000
0.129215	0.000000
-0.040584	0.000000
0.144275	0.000000
0.000141	0.000000
-0.514561	0.000000
-0.113328	0.000000
0.621234	0.000000
-0.145360	0.000000
0.289329	0.000000
-3.395191	0.000000
0.733570	0.000000
0.000010	0.000000
1.482939	0.000000
-0.242647	0.000000
-0.566697	0.000000
1.210936	0.000000
0.189617	0.000000
-0.218122	0.000000
0.868932	0.000000
-0.269193	0.000000
-0.311082	0.000000
1.189696	0.000000
-0.230138	0.000000
0.594069	0.000000
-0.250271	0.000000
-0.116053	0.000000
0.263011	0.000000
0.000349	0.000000
0.000125	0.000000
0.671660	0.000000
0.104449	0.000000
0.223482	0.000000
-0.356717	0.000000
-0.947163	0.000000
1.024489	0.000000
-0.269181	0.000000
0.585899	0.000000
-0.242897	0.000000
0.141496	0.000000
0.335154	0.000000
0.308709	0.000000
-0.526393	0.000000
-0.077494	0.000000
-0.426426	0.000000
0.655380	0.000000
0.970601	0.000000
-0.170259	0.000000
-0.443705	0.000000
0.215203	0.000000
-0.086175	0.000000
0.704686	0.000000
-1.602466	0.000000
-0.906405	0.000000
-0.095232	0.000000
-0.415749	0.000000
-0.674351	0.000000
0.064016	0.000000
0.274058	0.000000
0.323672	0.000000
0.413651	0.000000
-0.773473	0.000000
-0.121928	0.000000
0.718926	0.000000
-0.964002	0.000000
-0.257175	0.000000
-0.453459	0.000000
0.266497	0.000000
0.799993	0.000000
0.032245	0.000000
0.606638	0.000000
-6.418310	0.000000
-0.944741	0.000000
-0.052835	0.000000
-0.350589	0.000000
0.794301	0.000000
-1.210066	0.000000
-0.454787	0.000000
-0.072722	0.000000
0.993021	0.000000
-0.359289	0.000000
0.466865	0.000000
0.820552	0.000000
-0.391333	0.000000
-0.025816	0.000000
-1.085098	0.000000
0.466108	0.000000
0.563370	0.000000
-0.353329	0.000000
-0.415913	0.000000
-0.536769	0.000000
0.250559	0.000000
-0.297847	0.000000
-0.428109	0.000000
-0.829184	0.000000
0.228083	0.000000
0.269252	0.000000
-0.819993	0.000000
-0.243155	0.000000
0.000004	0.000000
-0.128888	0.000000
-0.205302	0.000000
0.351106	0.000000
0.233400	0.000000
-0.426316	0.000000
0.000272	0.000000
0.000234	0.000000
0.077467	0.000000
-0.332991	0.000000
-0.322393	0.000000
0.172771	0.000000
-0.548003	0.000000
-0.801114	0.000000
0.453972	0.000000
0.000114	0.000000
0.166392	0.000000
-0.505850	0.000000
-0.958197	0.000000
-0.068384	0.000000
-0.064720	0.000000
-0.082689	0.000000
0.386897	0.000000
0.061095	0.000000
-0.861921	0.000000
0.120536	0.000000
-0.386045	0.000000
-1.586873	0.000000
-0.443408	0.000000
0.218345	0.000000
-0.610764	0.000000
-0.242286	0.000000
-0.320901	0.000000
-4.200057	0.000000
-1.006125	0.000000
-0.134746	0.000000
0.227093	0.000000
-0.109850	0.000000
-0.075734	0.000000
0.242529	0.000000
0.248399	0.000000
0.628876	0.000000
0.155618	0.000000
-0.451189	0.000000
0.391414	0.000000
0.464938	0.000000
-0.417311	0.000000
0.233163	0.000000
0.337996	0.000000
0.118237	0.000000
0.208055	0.000000
-0.671145	0.000000
0.501034	0.000000
-0.633035	0.000000
0.499810	0.000000
-0.828804	0.000000
0.000148	0.000000
0.269385	0.000000
1.054598	0.000000
-0.851783	0.000000
0.564872	0.000000
0.051671	0.000000
0.617047	0.000000
-0.614021	0.000000
-1.165836	0.000000
-0.995566	0.000000
-0.327292	0.000000
-0.970051	0.000000
-0.201218	0.000000
0.111243	0.000000
-0.107334	0.000000
0.345729	0.000000
-0.058661	0.000000
-1.068162	0.000000
0.151524	0.000000
0.191237	0.000000
0.832002	0.000000
-0.421400	0.000000
-1.149839	0.000000
-0.239690	0.000000
0.420806	0.000000
-0.372166	0.000000
0.386843	0.000000
0.162751	0.000000
-0.431063	0.000000
0.603094	0.000000
0.901435	0.000000
-0.113081	0.000000
0.976316	0.000000
-0.145417	0.000000
-0.707185	0.000000
0.970669	0.000000
-0.275000	0.000000
-0.735019	0.000000
-6.619254	0.000000
-0.188706	0.000000
2.041695	0.000000
-1.760604	0.000000
0.417190	0.000000
-0.048455	0.000000
-1.240918	0.000000
-0.359143	0.000000
-0.259169	0.000000
-0.533222	0.000000
0.161235	0.000000
-0.025814	0.000000
-1.585827	0.000000
-0.582038	0.000000
0.262969	0.000000
-2.355470	0.000000
-0.623976	0.000000
0.537620	0.000000
0.146154	0.000000
0.819491	0.000000
-0.356662	0.000000
-1.065623	0.000000
0.114304	0.000000
0.430943	0.000000
0.937522	0.000000
-2.190366	0.000000
-0.846543	0.000000
0.206256	0.000000
-2.055165	0.000000
1.316375	0.000000
-0.854979	0.000000
1.707982	0.000000
0.409577	0.000000
-0.970090	0.000000
-0.170254	0.000000
0.222349	0.000000
0.752812	0.000000
-1.467694	0.000000
0.685131	0.000000
0.000431	0.000000
0.151588	0.000000
0.191220	0.000000
-0.831474	0.000000
-0.842832	0.000000
0.766826	0.000000
-0.136944	0.000000
1.165048	0.000000
-0.082681	0.000000
0.129216	0.000000
0.528747	0.000000
0.431447	0.000000
-0.723142	0.000000
0.000259	0.000000
-1.814018	0.000000
-0.532064	0.000000
1.308875	0.000000
0.610928	0.000000
-3.152959	0.000000
-0.320881	0.000000
0.735496	0.000000
-0.052887	0.000000
-7.120129	0.000000
1.587881	0.000000
1.210950	0.000000
-0.113732	0.000000
-0.315143	0.000000
-1.985217	0.000000
-3.503315	0.000000
-0.466550	0.000000
0.779553	0.000000
0.621644	0.000000
-0.284093	0.000000
-0.333849	0.000000
-0.465552	0.000000
0.075116	0.000000
0.589145	0.000000
0.000458	0.000000
0.537408	0.000000
0.062675	0.000000
0.149015	0.000000
0.428295	0.000000
0.829566	0.000000
-0.341124	0.000000
-1.346123	0.000000
0.000155	0.000000
0.973706	0.000000
0.141148	0.000000
0.154686	0.000000
-0.410901	0.000000
-0.701677	0.000000
-0.544058	0.000000
0.142911	0.000000
0.573444	0.000000
-0.538958	0.000000
-0.108334	0.000000
0.777529	0.000000
-0.644923	0.000000
0.777116	0.000000
0.078370	0.000000
1.068899	0.000000
0.453734	0.000000
0.191150	0.000000
0.499157	0.000000
0.421885	0.000000
0.830693	0.000000
-0.068434	0.000000
0.259022	0.000000
-0.392862	0.000000
0.387337	0.000000
-0.060943	0.000000
0.719117	0.000000
-0.120154	0.000000
-0.385972	0.000000
0.566924	0.000000
-0.354580	0.000000
0.073016	0.000000
0.353631	0.000000
0.121538	0.000000
0.596114	0.000000
0.525195	0.000000
0.688506	0.000000
0.269742	0.000000
-3.175085	0.000000
0.330343	0.000000
0.227577	0.000000
-0.387824	0.000000
0.620890	0.000000
0.449402	0.000000
-0.414748	0.000000
0.082123	0.000000
0.023056	0.000000
0.077520	0.000000
0.000164	0.000000
-0.698623	0.000000
-2.253030	0.000000
1.884798	0.000000
-0.103968	0.000000
0.805709	0.000000
0.333991	0.000000
-2.644148	0.000000
0.785376	0.000000
2.013916	0.000000
1.479335	0.000000
0.054056	0.000000
0.469162	0.000000
-0.486520	0.000000
-0.564428	0.000000
-0.231998	0.000000
1.541906	0.000000
-1.754552	0.000000
0.466581	0.000000
0.000328	0.000000
0.082190	0.000000
-0.646566	0.000000
0.201283	0.000000
0.999556	0.000000
0.860462	0.000000
-0.776693	0.000000
0.293643	0.000000
-0.133086	0.000000
-0.452807	0.000000
1.050457	0.000000
1.081315	0.000000
0.084558	0.000000
-0.958274	0.000000
-0.513623	0.000000
0.000007	0.000000
-0.020667	0.000000
0.386899	0.000000
0.142397	0.000000
-0.143609	0.000000
0.723443	0.000000
0.515263	0.000000
-0.906954	0.000000
-0.532134	0.000000
-0.654308	0.000000
-0.032005	0.000000
1.576692	0.000000
0.000104	0.000000
0.420368	0.000000
-0.370572	0.000000
0.728264	0.000000
0.793951	0.000000
-3.411229	0.000000
0.265420	0.000000
-0.315077	0.000000
-0.123813	0.000000
0.988459	0.000000
0.363259	0.000000
-0.287106	0.000000
0.230235	0.000000
0.361710	0.000000
-0.083107	0.000000
0.000164	0.000000
0.488246	0.000000
0.706781	0.000000
0.416157	0.000000
0.000552	0.000000
-0.354777	0.000000
0.558682	0.000000
-0.927702	0.000000
-0.828830	0.000000
1.024313	0.000000
0.754028	0.000000
0.703435	0.000000
-0.486291	0.000000
-0.423034	0.000000
0.154764	0.000000
0.617094	0.000000
2.807939	0.000000
-0.310777	0.000000
-0.853606	0.000000
-0.409322	0.000000
0.323651	0.000000
0.433517	0.000000
0.222360	0.000000
0.000101	0.000000
-1.294779	0.000000
-0.411034	0.000000
1.603161	0.000000
1.360079	0.000000
-0.381812	0.000000
-1.330359	0.000000
0.084319	0.000000
-0.447111	0.000000
0.274065	0.000000
-0.097033	0.000000
0.186206	0.000000
0.000400	0.000000
0.711784	0.000000
1.150067	0.000000
1.928641	0.000000
-1.157917	0.000000
-0.112871	0.000000
-0.532206	0.000000
-0.290754	0.000000
0.000059	0.000000
1.213107	0.000000
0.137566	0.000000
0.420371	0.000000
0.106095	0.000000
-0.107765	0.000000
0.454146	0.000000
0.770635	0.000000
-7.013839	0.000000
0.145547	0.000000
0.744641	0.000000
0.000360	0.000000
0.207552	0.000000
0.738532	0.000000
0.069113	0.000000
1.523999	0.000000
0.501125	0.000000
0.815685	0.000000
0.375526	0.000000
2.002865	0.000000
1.976119	0.000000
2.149060	0.000000
0.104441	0.000000
0.446954	0.000000
1.570454	0.000000
0.829290	0.000000
1.820811	0.000000
-0.053809	0.000000
0.703223	0.000000
3.651758	0.000000
0.423423	0.000000
0.360988	0.000000
-0.102532	0.000000
0.877704	0.000000
1.632755	0.000000
0.427257	0.000000
0.737186	0.000000
-0.538573	0.000000
0.263196	0.000000
2.553465	0.000000
0.107975	0.000000
1.813200	0.000000
0.254484	0.000000
2.271013	0.000000
2.266862	0.000000
3.151458	0.000000
3.243723	0.000000
2.023470	0.000000
2.619857	0.000000
0.993120	0.000000
0.355978	0.000000
0.579039	0.000000
2.191721	0.000000
0.244049	0.000000
1.293772	0.000000
0.482558	0.000000
-1.286991	0.000000
1.247582	0.000000
-0.354823	0.000000
1.745099	0.000000
-0.417849	0.000000
0.000229	0.000000
1.054528	0.000000
1.680192	0.000000
1.059270	0.000000
0.512530	0.000000
-1.927783	0.000000
-0.109539	0.000000
0.758336	0.000000
-7.200084	0.000000
-0.123660	0.000000
2.246013	0.000000
1.711665	0.000000
0.000114	0.000000
0.460555	0.000000
0.180888	0.000000
0.918351	0.000000
-0.116136	0.000000
-0.187727	0.000000
-0.235455	0.000000
0.520118	0.000000
0.671910	0.000000
0.083579	0.000000
-0.260583	0.000000
0.214247	0.000000
0.592385	0.000000
0.569008	0.000000
0.053892	0.000000
1.054845	0.000000
-1.582006	0.000000
-1.834392	0.000000
0.128920	0.000000
-0.308175	0.000000
-0.789351	0.000000
-0.232880	0.000000
-0.142237	0.000000
0.000123	0.000000
0.215688	0.000000
0.061991	0.000000
-1.886901	0.000000
0.000255	0.000000
0.863659	0.000000
0.117466	0.000000
0.667981	0.000000
0.302878	0.000000
0.572921	0.000000
0.415864	0.000000
0.674556	0.000000
0.063912	0.000000
-0.136974	0.000000
0.161888	0.000000
0.248225	0.000000
-0.386544	0.000000
0.040725	0.000000
0.144049	0.000000
0.843764	0.000000
-0.771941	0.000000
0.794038	0.000000
0.355096	0.000000
-1.672090	0.000000
-0.192764	0.000000
1.091702	0.000000
0.275110	0.000000
1.050321	0.000000
-0.105740	0.000000
-0.107787	0.000000
-0.226633	0.000000
0.550598	0.000000
0.530812	0.000000
-0.242396	0.000000
-4.964067	0.000000
-1.886208	0.000000
0.363195	0.000000
-0.287079	0.000000
0.115126	0.000000
0.309995	0.000000
0.167221	0.000000
-0.232679	0.000000
0.300466	0.000000
-0.235350	0.000000
0.208076	0.000000
0.134688	0.000000
-0.187770	0.000000
0.260755	0.000000
0.356894	0.000000
0.000526	0.000000
0.683162	0.000000
-0.322887	0.000000
-0.234132	0.000000
-0.243334	0.000000
-0.846438	0.000000
0.180454	0.000000
-3.391281	0.000000
-0.263116	0.000000
0.155752	0.000000
-0.284096	0.000000
0.081966	0.000000
0.216064	0.000000
-0.061918	0.000000
-1.665056	0.000000
0.107706	0.000000
0.000035	0.000000
0.195767	0.000000
-0.266561	0.000000
0.151151	0.000000
-0.572850	0.000000
-0.332377	0.000000
-0.084231	0.000000
-0.319192	0.000000
-0.239712	0.000000
0.258960	0.000000
0.330899	0.000000
0.129067	0.000000
0.040713	0.000000
1.006062	0.000000
0.843905	0.000000
-1.029632	0.000000
-1.020203	0.000000
0.088814	0.000000
0.072859	0.000000
-0.128462	0.000000
0.849476	0.000000
0.366865	0.000000
0.420407	0.000000
0.053043	0.000000
-0.512435	0.000000
0.454112	0.000000
0.330576	0.000000
0.151670	0.000000
0.193947	0.000000
-1.116899	0.000000
-2.964472	0.000000
-1.400273	0.000000
0.164164	0.000000
0.115215	0.000000
-0.439014	0.000000
-0.083126	0.000000
0.582489	0.000000
-0.488125	0.000000
0.118047	0.000000
-0.103955	0.000000
0.671599	0.000000
0.041829	0.000000
0.447054	0.000000
-0.285274	0.000000
0.000342	0.000000
0.114210	0.000000
-1.130664	0.000000
-1.640241	0.000000
0.365685	0.000000
-0.705630	0.000000
0.103228	0.000000
-0.822117	0.000000
0.175720	0.000000
0.311069	0.000000
-0.426793	0.000000
-0.737099	0.000000
0.431601	0.000000
0.325175	0.000000
-0.665906	0.000000
-0.429865	0.000000
0.086625	0.000000
-0.156543	0.000000
-1.335376	0.000000
0.453346	0.000000
0.000146	0.000000
-0.581804	0.000000
-0.084078	0.000000
1.214106	0.000000
0.068591	0.000000
0.129583	0.000000
0.000041	0.000000
1.547331	0.000000
-0.101629	0.000000
-1.868246	0.000000
-0.482030	0.000000
-1.158233	0.000000
-1.020143	0.000000
0.088750	0.000000
0.291116	0.000000
0.482313	0.000000
-0.363319	0.000000
0.687767	0.000000
0.105313	0.000000
0.370742	0.000000
0.000093	0.000000
-1.020633	0.000000
0.770646	0.000000
-0.075698	0.000000
0.218242	0.000000
0.868911	0.000000
-1.616813	0.000000
-6.275313	0.000000
0.205201	0.000000
-0.299247	0.000000
-0.154936	0.000000
0.834990	0.000000
2.445566	0.000000
-0.337867	0.000000
0.706968	0.000000
-0.935644	0.000000
-0.805141	0.000000
0.146122	0.000000
0.856675	0.000000
-0.856344	0.000000
-1.065665	0.000000
-0.796034	0.000000
1.615682	0.000000
1.406300	0.000000
-2.068906	0.000000
0.423755	0.000000
0.489877	0.000000
-0.308063	0.000000
0.877691	0.000000
-0.310716	0.000000
0.569446	0.000000
0.573549	0.000000
-0.538569	0.000000
-0.015461	0.000000
-0.776916	0.000000
0.645193	0.000000
0.345397	0.000000
0.274051	0.000000
0.267609	0.000000
-0.755252	0.000000
1.241615	0.000000
-1.330274	0.000000
0.758948	0.000000
-0.255460	0.000000
-0.171160	0.000000
0.097165	0.000000
-0.061999	0.000000
-1.030801	0.000000
-0.020268	0.000000
0.144350	0.000000
-0.240839	0.000000
2.317319	0.000000
-0.113026	0.000000
-0.620812	0.000000
0.072926	0.000000
-0.353613	0.000000
0.849323	0.000000
1.054511	0.000000
1.260372	0.000000
0.159034	0.000000
0.458522	0.000000
1.134326	0.000000
-0.990047	0.000000
0.493037	0.000000
0.097029	0.000000
-0.744178	0.000000
-0.179632	0.000000
0.933621	0.000000
-7.014734	0.000000
0.345442	0.000000
0.129206	0.000000
1.586519	0.000000
-0.116327	0.000000
0.338057	0.000000
-0.352944	0.000000
2.392276	0.000000
0.805751	0.000000
0.918441	0.000000
1.154541	0.000000
-0.214107	0.000000
-0.591946	0.000000
0.796652	0.000000
-0.053778	0.000000
0.468893	0.000000
-0.121334	0.000000
0.847435	0.000000
0.051672	0.000000
0.308723	0.000000
-0.175200	0.000000
0.311184	0.000000
-0.569164	0.000000
-0.900775	0.000000
-3.233800	0.000000
0.154845	0.000000
-0.221542	0.000000
-1.182438	0.000000
0.259243	0.000000
0.782971	0.000000
-1.469238	0.000000
-0.302140	0.000000
2.578442	0.000000
0.083178	0.000000
1.939490	0.000000
0.064130	0.000000
0.821900	0.000000
0.097097	0.000000
-0.206762	0.000000
1.675936	0.000000
-0.020293	0.000000
-0.430798	0.000000
0.603157	0.000000
-0.257118	0.000000
1.020723	0.000000
0.976494	0.000000
0.654467	0.000000
0.610926	0.000000
1.940599	0.000000
-1.191964	0.000000
-0.104899	0.000000
0.476794	0.000000
0.674291	0.000000
0.226862	0.000000
1.540632	0.000000
-0.303247	0.000000
-0.315074	0.000000
-0.247883	0.000000
0.539183	0.000000
-0.310941	0.000000
0.328219	0.000000
-7.114133	0.000000
