-6.504124	0.000000
-1.599625	0.000000
-0.865984	0.000000
-0.646531	0.000000
0.291702	0.000000
-2.745030	0.000000
-1.244077	0.000000
0.419919	0.000000
0.035657	0.000000
-0.632019	0.000000
-0.504793	0.000000
0.697251	0.000000
-0.486943	0.000000
-1.905559	0.000000
1.059580	0.000000
1.817602	0.000000
0.068139	0.000000
1.359773	0.000000
-0.207185	0.000000
-2.369298	0.000000
-2.447474	0.000000
-1.360054	0.000000
-0.526349	0.000000
0.686403	0.000000
0.412700	0.000000
-0.358371	0.000000
-0.166213	0.000000
0.978140	0.000000
0.409884	0.000000
0.367029	0.000000
1.755622	0.000000
0.286161	0.000000
-1.147748	0.000000
-0.927781	0.000000
-0.162535	0.000000
-0.810723	0.000000
-0.130885	0.000000
-0.399697	0.000000
0.223590	0.000000
-1.371154	0.000000
-0.857579	0.000000
-1.219927	0.000000
0.300473	0.000000
-0.802047	0.000000
1.148553	0.000000
1.254723	0.000000
-1.862495	0.000000
1.899807	0.000000
0.889895	0.000000
0.146958	0.000000
-0.021834	0.000000
-2.623032	0.000000
-0.843802	0.000000
0.310364	0.000000
1.608533	0.000000
-2.113628	0.000000
2.307721	0.000000
-0.365825	0.000000
-0.954451	0.000000
0.167965	0.000000
-0.242741	0.000000
-3.985258	0.000000
-0.541107	0.000000
-0.323164	0.000000
-0.388191	0.000000
-0.070206	0.000000
-0.486757	0.000000
0.325432	0.000000
0.735720	0.000000
-1.395730	0.000000
-0.631220	0.000000
-1.108980	0.000000
0.021197	0.000000
-1.746458	0.000000
1.000699	0.000000
0.148733	0.000000
-0.442254	0.000000
0.283356	0.000000
-0.888408	0.000000
-0.885054	0.000000
0.148384	0.000000
-0.638255	0.000000
0.526711	0.000000
0.492120	0.000000
-0.888297	0.000000
0.032736	0.000000
-0.305131	0.000000
-0.630483	0.000000
0.000251	0.000000
-1.100145	0.000000
-0.157486	0.000000
0.682234	0.000000
-0.140552	0.000000
-0.309230	0.000000
0.203349	0.000000
-0.483257	0.000000
-0.305439	0.000000
0.109251	0.000000
0.290625	0.000000
-1.671815	0.000000
-1.102633	0.000000
-0.144946	0.000000
-0.450368	0.000000
-0.175216	0.000000
0.324777	0.000000
-0.528232	0.000000
-0.420388	0.000000
-0.244442	0.000000
-1.260289	0.000000
-0.385571	0.000000
-0.207481	0.000000
-1.952828	0.000000
-0.590533	0.000000
-0.065174	0.000000
0.164186	0.000000
0.551448	0.000000
0.252397	0.000000
-0.042860	0.000000
0.129583	0.000000
0.024108	0.000000
0.012805	0.000000
-0.379291	0.000000
-3.030714	0.000000
0.410338	0.000000
-0.129374	0.000000
-0.375215	0.000000
0.054196	0.000000
-0.230821	0.000000
0.047538	0.000000
0.026596	0.000000
-0.220750	0.000000
0.158742	0.000000
-0.508135	0.000000
0.635331	0.000000
-0.500199	0.000000
-0.296606	0.000000
-0.272053	0.000000
0.311642	0.000000
-0.592397	0.000000
0.599070	0.000000
0.296787	0.000000
0.277843	0.000000
1.185190	0.000000
-0.226603	0.000000
0.190489	0.000000
-0.293114	0.000000
0.111259	0.000000
0.064736	0.000000
1.117445	0.000000
0.733744	0.000000
-0.044825	0.000000
-0.748046	0.000000
0.796489	0.000000
0.412395	0.000000
-0.298172	0.000000
0.623715	0.000000
0.000043	0.000000
0.000050	0.000000
0.581136	0.000000
0.769189	0.000000
0.030636	0.000000
-0.493751	0.000000
0.037821	0.000000
0.050357	0.000000
-0.299431	0.000000
0.044076	0.000000
0.000036	0.000000
0.432692	0.000000
1.161646	0.000000
-0.257048	0.000000
-0.458666	0.000000
0.000251	0.000000
-0.478007	0.000000
-0.914398	0.000000
0.186054	0.000000
-0.030591	0.000000
0.540858	0.000000
0.818218	0.000000
0.970776	0.000000
0.443888	0.000000
-1.316063	0.000000
-0.759084	0.000000
2.345519	0.000000
-5.819207	0.000000
1.651205	0.000000
-0.821029	0.000000
0.405728	0.000000
0.913196	0.000000
0.379702	0.000000
1.580278	0.000000
0.947314	0.000000
1.711375	0.000000
-1.884514	0.000000
-2.000799	0.000000
1.677677	0.000000
1.075953	0.000000
0.238258	0.000000
2.492565	0.000000
-0.473855	0.000000
-0.208154	0.000000
-0.889758	0.000000
-0.999229	0.000000
-0.625366	0.000000
0.064754	0.000000
0.539550	0.000000
1.597430	0.000000
-0.859997	0.000000
0.493096	0.000000
1.899544	0.000000
-0.122110	0.000000
1.170522	0.000000
2.112186	0.000000
1.429129	0.000000
-0.907153	0.000000
0.759290	0.000000
0.046925	0.000000
0.549886	0.000000
-1.526055	0.000000
0.838155	0.000000
0.635417	0.000000
-0.428840	0.000000
0.261577	0.000000
1.314409	0.000000
-0.726795	0.000000
0.374602	0.000000
-0.451174	0.000000
-0.060044	0.000000
0.470252	0.000000
0.914490	0.000000
2.001638	0.000000
0.699089	0.000000
-1.165888	0.000000
0.703513	0.000000
0.310296	0.000000
-0.043674	0.000000
-1.194624	0.000000
1.154059	0.000000
-0.947002	0.000000
0.323685	0.000000
-0.299798	0.000000
-0.102198	0.000000
0.054293	0.000000
1.154807	0.000000
-0.571948	0.000000
-3.690566	0.000000
-0.117227	0.000000
1.487818	0.000000
0.503797	0.000000
0.415270	0.000000
-1.079695	0.000000
0.726266	0.000000
-0.823837	0.000000
-0.592745	0.000000
-0.666644	0.000000
-0.205797	0.000000
0.667970	0.000000
-0.419503	0.000000
0.056864	0.000000
0.799928	0.000000
-0.129952	0.000000
-0.185112	0.000000
-0.110919	0.000000
-1.514086	0.000000
-0.006409	0.000000
-0.412400	0.000000
-0.293355	0.000000
-0.055388	0.000000
-0.056539	0.000000
-0.111357	0.000000
-0.366641	0.000000
-0.022448	0.000000
-0.902005	0.000000
-0.327839	0.000000
-0.082308	0.000000
0.393244	0.000000
-0.109033	0.000000
0.471306	0.000000
-0.544952	0.000000
-0.089288	0.000000
-0.200460	0.000000
-0.888316	0.000000
0.319544	0.000000
-0.412676	0.000000
-0.325796	0.000000
-0.998631	0.000000
-0.407170	0.000000
-1.141486	0.000000
-0.470025	0.000000
-0.247108	0.000000
0.863266	0.000000
0.043714	0.000000
0.087445	0.000000
0.787797	0.000000
0.408270	0.000000
-0.492376	0.000000
0.888501	0.000000
-0.937043	0.000000
0.043227	0.000000
0.339910	0.000000
-0.323860	0.000000
-0.332235	0.000000
0.189933	0.000000
0.108250	0.000000
0.335813	0.000000
0.356340	0.000000
-2.510369	0.000000
0.000269	0.000000
0.367432	0.000000
-0.118635	0.000000
0.605908	0.000000
-0.220699	0.000000
0.380307	0.000000
0.826041	0.000000
-0.254074	0.000000
0.147398	0.000000
-0.630119	0.000000
0.170200	0.000000
0.198555	0.000000
-0.592159	0.000000
0.260495	0.000000
-0.370665	0.000000
-0.388432	0.000000
0.658498	0.000000
-0.433778	0.000000
1.142409	0.000000
0.000052	0.000000
0.555192	0.000000
-0.323321	0.000000
0.558937	0.000000
0.285626	0.000000
-0.337373	0.000000
-0.659843	0.000000
-0.234040	0.000000
-1.051301	0.000000
0.149165	0.000000
0.514562	0.000000
0.026252	0.000000
0.181732	0.000000
0.402339	0.000000
-0.300978	0.000000
-0.060971	0.000000
0.551960	0.000000
0.150235	0.000000
-0.200299	0.000000
0.000193	0.000000
0.264238	0.000000
-0.360358	0.000000
0.150550	0.000000
-0.815348	0.000000
0.275568	0.000000
0.229437	0.000000
-0.028931	0.000000
-1.040920	0.000000
-0.244809	0.000000
0.590957	0.000000
0.551651	0.000000
-0.468573	0.000000
0.258506	0.000000
0.275110	0.000000
0.467853	0.000000
-0.063798	0.000000
-0.433704	0.000000
0.252600	0.000000
-0.037182	0.000000
1.068454	0.000000
0.000161	0.000000
-2.515160	0.000000
-0.293803	0.000000
-0.094826	0.000000
-0.210553	0.000000
-0.220901	0.000000
-0.570205	0.000000
0.000209	0.000000
0.063773	0.000000
-0.205786	0.000000
0.927229	0.000000
0.362967	0.000000
0.113532	0.000000
0.562942	0.000000
0.052223	0.000000
0.222868	0.000000
-0.360852	0.000000
-0.493422	0.000000
-0.207167	0.000000
0.666431	0.000000
-0.064927	0.000000
0.111096	0.000000
0.291010	0.000000
0.186258	0.000000
0.774474	0.000000
-1.012778	0.000000
-0.329942	0.000000
-0.163901	0.000000
-0.309091	0.000000
0.257609	0.000000
-0.763906	0.000000
-0.357831	0.000000
0.363443	0.000000
0.201198	0.000000
-0.467870	0.000000
-0.091703	0.000000
0.610053	0.000000
0.000027	0.000000
0.050195	0.000000
0.474613	0.000000
0.000095	0.000000
0.150363	0.000000
0.376243	0.000000
-0.098661	0.000000
-0.220171	0.000000
-0.152816	0.000000
-0.466216	0.000000
0.000156	0.000000
0.000160	0.000000
0.853529	0.000000
0.551585	0.000000
0.216577	0.000000
-1.248503	0.000000
-0.210159	0.000000
0.551867	0.000000
0.805098	0.000000
1.626961	0.000000
-1.046113	0.000000
0.833219	0.000000
0.680181	0.000000
0.234657	0.000000
-0.892471	0.000000
-6.801154	0.000000
-0.118561	0.000000
-0.579207	0.000000
-0.599568	0.000000
0.221945	0.000000
0.868291	0.000000
0.444912	0.000000
1.353824	0.000000
1.224262	0.000000
0.045446	0.000000
-0.396360	0.000000
1.096070	0.000000
1.015542	0.000000
0.964303	0.000000
0.055800	0.000000
3.324617	0.000000
1.534668	0.000000
0.476100	0.000000
0.586952	0.000000
0.860425	0.000000
-0.493074	0.000000
2.085527	0.000000
-0.040497	0.000000
0.270233	0.000000
-1.364045	0.000000
-0.608871	0.000000
2.886596	0.000000
0.840491	0.000000
0.156056	0.000000
0.724431	0.000000
1.671922	0.000000
0.592306	0.000000
1.137063	0.000000
1.256066	0.000000
-2.062139	0.000000
1.164192	0.000000
1.604190	0.000000
-0.898718	0.000000
1.089571	0.000000
0.450756	0.000000
0.846389	0.000000
0.296703	0.000000
0.624390	0.000000
0.600763	0.000000
-1.573764	0.000000
-0.674929	0.000000
0.147039	0.000000
-0.503236	0.000000
0.275825	0.000000
-1.622064	0.000000
0.064786	0.000000
0.145733	0.000000
1.547515	0.000000
0.012835	0.000000
2.223375	0.000000
0.144507	0.000000
0.659149	0.000000
1.489538	0.000000
-0.187473	0.000000
0.108384	0.000000
-0.472252	0.000000
-6.122030	0.000000
1.711931	0.000000
1.357679	0.000000
1.996568	0.000000
1.376593	0.000000
0.762458	0.000000
-0.205917	0.000000
-0.593105	0.000000
0.793923	0.000000
1.444784	0.000000
-0.118331	0.000000
-1.588193	0.000000
-0.518940	0.000000
-0.915945	0.000000
0.691355	0.000000
0.576348	0.000000
1.618230	0.000000
-0.162826	0.000000
0.610599	0.000000
0.646726	0.000000
0.968608	0.000000
1.426636	0.000000
-0.675158	0.000000
0.220039	0.000000
-0.936834	0.000000
-1.236874	0.000000
-0.745553	0.000000
0.951314	0.000000
0.602248	0.000000
2.144512	0.000000
-0.156330	0.000000
0.334446	0.000000
1.347969	0.000000
0.871582	0.000000
0.413312	0.000000
1.403841	0.000000
0.624400	0.000000
1.232743	0.000000
-0.720928	0.000000
-0.451347	0.000000
-0.444662	0.000000
-0.256931	0.000000
1.201480	0.000000
0.379023	0.000000
-1.856629	0.000000
-0.179464	0.000000
-0.568902	0.000000
-0.490102	0.000000
-0.396468	0.000000
2.088214	0.000000
-0.873609	0.000000
0.947710	0.000000
0.127880	0.000000
0.922061	0.000000
1.010510	0.000000
0.472542	0.000000
-0.064632	0.000000
1.079340	0.000000
0.189488	0.000000
-0.073402	0.000000
0.771228	0.000000
-4.371549	0.000000
1.326067	0.000000
1.236208	0.000000
0.360202	0.000000
0.000092	0.000000
0.588813	0.000000
-0.222203	0.000000
-0.283429	0.000000
0.481798	0.000000
0.266796	0.000000
-0.078004	0.000000
1.446465	0.000000
0.971821	0.000000
-0.230141	0.000000
0.207228	0.000000
0.032044	0.000000
0.912868	0.000000
2.081234	0.000000
-0.008020	0.000000
1.415417	0.000000
0.856085	0.000000
0.630386	0.000000
1.364325	0.000000
1.124536	0.000000
1.567031	0.000000
0.881265	0.000000
-0.358494	0.000000
-0.322900	0.000000
1.017716	0.000000
0.491783	0.000000
-0.233753	0.000000
0.000027	0.000000
0.029076	0.000000
-0.300383	0.000000
0.150550	0.000000
-0.549188	0.000000
0.176159	0.000000
0.931612	0.000000
0.808803	0.000000
1.408861	0.000000
-0.954734	0.000000
-0.109138	0.000000
0.845430	0.000000
1.378633	0.000000
0.065457	0.000000
0.273562	0.000000
0.398370	0.000000
1.081847	0.000000
0.172439	0.000000
0.145641	0.000000
-0.023957	0.000000
-0.472740	0.000000
0.677970	0.000000
0.469196	0.000000
-0.360541	0.000000
1.262957	0.000000
0.000221	0.000000
0.135511	0.000000
-0.010487	0.000000
0.178000	0.000000
-0.157780	0.000000
-2.114876	0.000000
0.285352	0.000000
-0.105856	0.000000
0.349520	0.000000
0.618267	0.000000
0.593717	0.000000
0.022718	0.000000
0.453428	0.000000
1.066575	0.000000
0.416663	0.000000
-0.333783	0.000000
0.527690	0.000000
0.559623	0.000000
0.453307	0.000000
1.078983	0.000000
-0.260504	0.000000
-0.194092	0.000000
-0.121242	0.000000
-0.111491	0.000000
0.978479	0.000000
0.382680	0.000000
-0.087860	0.000000
-0.843151	0.000000
-0.577256	0.000000
0.081401	0.000000
0.187128	0.000000
0.349181	0.000000
0.145656	0.000000
0.335283	0.000000
0.903073	0.000000
0.643451	0.000000
0.522961	0.000000
0.037678	0.000000
-0.100157	0.000000
0.674207	0.000000
0.231219	0.000000
-0.240078	0.000000
-0.112676	0.000000
0.099008	0.000000
0.000081	0.000000
0.010924	0.000000
-0.291336	0.000000
0.365939	0.000000
-0.604111	0.000000
0.262615	0.000000
0.000230	0.000000
0.685155	0.000000
0.064700	0.000000
0.080900	0.000000
0.168010	0.000000
-0.051085	0.000000
-0.243838	0.000000
-0.540875	0.000000
0.547138	0.000000
-0.129297	0.000000
-0.023331	0.000000
-0.811260	0.000000
-0.398760	0.000000
-0.094864	0.000000
-0.026187	0.000000
0.126442	0.000000
-3.010422	0.000000
-0.021064	0.000000
0.794153	0.000000
0.735774	0.000000
1.075951	0.000000
0.113493	0.000000
-0.169702	0.000000
1.155326	0.000000
-0.051865	0.000000
-0.111003	0.000000
0.194561	0.000000
0.427928	0.000000
0.440365	0.000000
-0.570938	0.000000
-1.042841	0.000000
0.804856	0.000000
0.024293	0.000000
-0.669971	0.000000
0.570570	0.000000
-1.530370	0.000000
-1.232053	0.000000
-0.444921	0.000000
0.041416	0.000000
0.393225	0.000000
-0.467652	0.000000
-0.200693	0.000000
-0.690227	0.000000
-0.558679	0.000000
-1.069953	0.000000
-0.459203	0.000000
-0.144926	0.000000
0.338067	0.000000
0.376172	0.000000
-0.898657	0.000000
0.220118	0.000000
-0.480505	0.000000
0.263490	0.000000
-0.395191	0.000000
0.000086	0.000000
0.425978	0.000000
-0.640977	0.000000
-0.393613	0.000000
-0.261239	0.000000
0.645683	0.000000
-0.030619	0.000000
0.036215	0.000000
-1.119331	0.000000
-0.469119	0.000000
-0.035937	0.000000
-0.613292	0.000000
0.054408	0.000000
-0.504886	0.000000
0.024999	0.000000
0.550420	0.000000
0.492980	0.000000
1.244439	0.000000
0.178465	0.000000
0.332210	0.000000
0.131922	0.000000
-0.883672	0.000000
0.507306	0.000000
-5.653867	0.000000
1.238818	0.000000
-0.264650	0.000000
-0.222250	0.000000
0.430974	0.000000
0.141746	0.000000
-0.799804	0.000000
0.364551	0.000000
-0.593371	0.000000
-0.832714	0.000000
-0.394847	0.000000
0.492154	0.000000
0.412752	0.000000
-0.162956	0.000000
-0.749067	0.000000
0.161681	0.000000
1.415534	0.000000
-0.040406	0.000000
0.855363	0.000000
-0.021974	0.000000
1.382149	0.000000
1.051612	0.000000
-0.243932	0.000000
0.561454	0.000000
-0.706863	0.000000
-1.271734	0.000000
0.391111	0.000000
0.501878	0.000000
-0.765709	0.000000
0.261440	0.000000
1.764869	0.000000
0.952477	0.000000
0.399725	0.000000
0.539342	0.000000
0.120422	0.000000
-0.319638	0.000000
0.667325	0.000000
0.183717	0.000000
0.207555	0.000000
-0.058232	0.000000
0.309750	0.000000
0.343011	0.000000
-0.218822	0.000000
-1.500751	0.000000
0.396720	0.000000
-0.064502	0.000000
0.469267	0.000000
-0.011925	0.000000
-0.293817	0.000000
-0.542003	0.000000
0.324993	0.000000
-0.522124	0.000000
0.097376	0.000000
-0.023433	0.000000
-0.080955	0.000000
0.241455	0.000000
0.640781	0.000000
-0.026086	0.000000
0.379087	0.000000
0.190340	0.000000
0.338890	0.000000
-3.239202	0.000000
0.176778	0.000000
0.705056	0.000000
0.056803	0.000000
0.283439	0.000000
-0.770173	0.000000
-0.286281	0.000000
0.334184	0.000000
-0.138530	0.000000
0.230747	0.000000
-0.258993	0.000000
-0.444008	0.000000
0.358636	0.000000
-0.721348	0.000000
0.202122	0.000000
0.149087	0.000000
-0.529791	0.000000
0.540287	0.000000
0.594227	0.000000
0.515485	0.000000
-0.144226	0.000000
0.244013	0.000000
-0.342987	0.000000
-0.314183	0.000000
0.799640	0.000000
0.067054	0.000000
0.535280	0.000000
-0.091757	0.000000
0.145274	0.000000
0.525863	0.000000
-0.125233	0.000000
0.174983	0.000000
0.198125	0.000000
0.300571	0.000000
0.940540	0.000000
0.889723	0.000000
0.275548	0.000000
-0.546044	0.000000
-0.087440	0.000000
1.209991	0.000000
0.244997	0.000000
0.580025	0.000000
1.041718	0.000000
0.000321	0.000000
-0.279729	0.000000
0.064764	0.000000
-0.383822	0.000000
0.447247	0.000000
1.328537	0.000000
-0.216210	0.000000
0.460173	0.000000
0.032593	0.000000
0.070506	0.000000
-0.297460	0.000000
-0.052461	0.000000
-0.379629	0.000000
0.395114	0.000000
0.189577	0.000000
0.348647	0.000000
-0.275192	0.000000
0.952883	0.000000
-1.795100	0.000000
-0.333572	0.000000
0.260894	0.000000
0.339922	0.000000
0.444460	0.000000
0.364712	0.000000
0.222811	0.000000
0.638624	0.000000
-0.164251	0.000000
-0.071195	0.000000
-0.190355	0.000000
0.684911	0.000000
0.416285	0.000000
-0.347579	0.000000
0.670374	0.000000
-0.162665	0.000000
-0.112386	0.000000
-0.791873	0.000000
-0.093634	0.000000
-0.082328	0.000000
-0.203316	0.000000
0.655034	0.000000
-0.244290	0.000000
-0.181326	0.000000
-0.167527	0.000000
1.404953	0.000000
0.245086	0.000000
1.016834	0.000000
0.675966	0.000000
0.150409	0.000000
-0.249488	0.000000
0.011057	0.000000
-0.330211	0.000000
0.207001	0.000000
0.395511	0.000000
0.128656	0.000000
-0.120058	0.000000
0.874710	0.000000
0.337666	0.000000
-0.424541	0.000000
0.897278	0.000000
-0.336864	0.000000
0.144498	0.000000
-0.064529	0.000000
0.145667	0.000000
0.551829	0.000000
0.370645	0.000000
1.138814	0.000000
0.000031	0.000000
0.049861	0.000000
-0.226538	0.000000
0.258140	0.000000
0.730300	0.000000
0.052578	0.000000
-0.474552	0.000000
0.711131	0.000000
0.221222	0.000000
0.919099	0.000000
-0.126842	0.000000
0.540212	0.000000
-0.794376	0.000000
-2.670199	0.000000
0.079494	0.000000
-0.254742	0.000000
-0.177669	0.000000
-0.078032	0.000000
0.148592	0.000000
0.444379	0.000000
0.559721	0.000000
0.226638	0.000000
-0.095156	0.000000
0.423885	0.000000
0.693891	0.000000
-0.048418	0.000000
0.037441	0.000000
-0.407382	0.000000
0.112615	0.000000
-0.065950	0.000000
0.281214	0.000000
0.577502	0.000000
-1.138715	0.000000
0.888856	0.000000
0.061132	0.000000
-0.326912	0.000000
0.167724	0.000000
0.735997	0.000000
0.337003	0.000000
1.133006	0.000000
0.525923	0.000000
0.526540	0.000000
-0.324473	0.000000
-0.076935	0.000000
0.270433	0.000000
-0.658134	0.000000
0.247242	0.000000
0.404009	0.000000
0.207556	0.000000
0.583160	0.000000
-0.281237	0.000000
0.441035	0.000000
0.328339	0.000000
-0.826796	0.000000
0.180618	0.000000
0.559829	0.000000
-0.469118	0.000000
0.288011	0.000000
-0.012693	0.000000
-0.325265	0.000000
-1.623506	0.000000
-0.882803	0.000000
-1.132940	0.000000
0.563138	0.000000
-0.486837	0.000000
-0.346254	0.000000
1.257744	0.000000
-1.369180	0.000000
1.104860	0.000000
1.109162	0.000000
0.847225	0.000000
0.095402	0.000000
1.324348	0.000000
-1.075315	0.000000
-6.849583	0.000000
-1.246224	0.000000
0.059440	0.000000
0.546894	0.000000
2.856027	0.000000
2.359974	0.000000
1.678979	0.000000
-0.420858	0.000000
0.031846	0.000000
-1.205963	0.000000
2.053593	0.000000
1.058987	0.000000
-0.036877	0.000000
0.000180	0.000000
0.945380	0.000000
-0.373904	0.000000
1.007487	0.000000
0.783617	0.000000
0.000036	0.000000
-0.155821	0.000000
1.387746	0.000000
1.162969	0.000000
0.726370	0.000000
0.769296	0.000000
2.022038	0.000000
0.493966	0.000000
0.526035	0.000000
0.025121	0.000000
0.948815	0.000000
1.166679	0.000000
1.261883	0.000000
1.429439	0.000000
1.186332	0.000000
1.340729	0.000000
1.255988	0.000000
-0.757762	0.000000
0.956650	0.000000
0.636890	0.000000
0.098524	0.000000
1.777030	0.000000
0.613202	0.000000
1.571603	0.000000
1.084016	0.000000
0.599918	0.000000
0.498373	0.000000
0.677906	0.000000
-0.721548	0.000000
0.746104	0.000000
0.939213	0.000000
1.196703	0.000000
-0.865295	0.000000
-0.356824	0.000000
0.178031	0.000000
0.368909	0.000000
0.158027	0.000000
0.348704	0.000000
0.190780	0.000000
-0.222162	0.000000
-0.146992	0.000000
-0.407606	0.000000
-0.385462	0.000000
-3.568646	0.000000
0.296521	0.000000
0.000190	0.000000
1.668980	0.000000
0.666419	0.000000
0.000204	0.000000
0.123096	0.000000
0.222339	0.000000
-0.391076	0.000000
-0.055346	0.000000
0.137492	0.000000
0.484347	0.000000
0.000072	0.000000
0.270087	0.000000
0.462166	0.000000
0.140645	0.000000
0.556788	0.000000
-0.867510	0.000000
-0.296241	0.000000
0.279331	0.000000
-0.653841	0.000000
0.212420	0.000000
1.170687	0.000000
2.052739	0.000000
-0.667918	0.000000
-0.037548	0.000000
0.100354	0.000000
0.549369	0.000000
0.154080	0.000000
2.043145	0.000000
0.131838	0.000000
0.222576	0.000000
-0.054903	0.000000
-0.218369	0.000000
-0.582731	0.000000
0.365826	0.000000
-0.424472	0.000000
-0.273468	0.000000
0.000186	0.000000
-0.612577	0.000000
0.387574	0.000000
0.436873	0.000000
-0.167912	0.000000
0.345081	0.000000
0.352627	0.000000
0.252959	0.000000
-0.310815	0.000000
0.744800	0.000000
-0.516083	0.000000
0.432932	0.000000
-0.157334	0.000000
0.106813	0.000000
0.105485	0.000000
-0.473328	0.000000
0.728899	0.000000
0.127251	0.000000
-0.222300	0.000000
0.647622	0.000000
-0.630480	0.000000
-0.204121	0.000000
0.283362	0.000000
-3.317459	0.000000
0.390657	0.000000
0.704913	0.000000
-0.638338	0.000000
1.053542	0.000000
-0.032372	0.000000
1.396237	0.000000
0.065217	0.000000
0.360963	0.000000
-0.169740	0.000000
-0.111379	0.000000
-1.344788	0.000000
0.810439	0.000000
0.462169	0.000000
0.609086	0.000000
-0.288469	0.000000
0.067863	0.000000
1.153943	0.000000
0.235698	0.000000
0.472777	0.000000
-0.122916	0.000000
-0.033122	0.000000
0.490359	0.000000
-0.493701	0.000000
0.751373	0.000000
-0.526211	0.000000
0.973825	0.000000
0.176110	0.000000
-0.029923	0.000000
0.094105	0.000000
0.420200	0.000000
0.091971	0.000000
-0.808172	0.000000
0.553920	0.000000
0.450403	0.000000
0.653266	0.000000
-0.437631	0.000000
-0.275615	0.000000
0.577100	0.000000
0.021696	0.000000
-0.129305	0.000000
0.348003	0.000000
-0.779462	0.000000
-0.108262	0.000000
0.469335	0.000000
-0.062068	0.000000
-1.845362	0.000000
-0.257893	0.000000
0.108330	0.000000
0.042024	0.000000
-0.462643	0.000000
-1.316613	0.000000
0.221286	0.000000
0.412180	0.000000
0.084887	0.000000
-1.047937	0.000000
-0.588496	0.000000
-1.149378	0.000000
-0.340169	0.000000
0.651741	0.000000
-0.651656	0.000000
-4.842818	0.000000
0.704829	0.000000
-0.138788	0.000000
-0.789908	0.000000
-0.407931	0.000000
-0.507386	0.000000
-0.195260	0.000000
-0.471499	0.000000
0.388056	0.000000
-0.297760	0.000000
-0.040597	0.000000
-0.630015	0.000000
0.528047	0.000000
-0.281000	0.000000
-0.123551	0.000000
0.447366	0.000000
-0.202575	0.000000
0.305560	0.000000
0.072772	0.000000
0.212408	0.000000
-1.237271	0.000000
-0.244784	0.000000
-0.028807	0.000000
-0.262743	0.000000
-0.250549	0.000000
-0.449159	0.000000
0.660444	0.000000
-0.360266	0.000000
-0.300921	0.000000
0.716907	0.000000
-0.257061	0.000000
0.054702	0.000000
-0.408064	0.000000
1.040946	0.000000
0.293942	0.000000
0.678447	0.000000
-0.122484	0.000000
-0.648861	0.000000
0.215295	0.000000
0.501679	0.000000
0.371883	0.000000
0.051231	0.000000
-0.813354	0.000000
0.180452	0.000000
-0.385357	0.000000
-0.129388	0.000000
-0.210987	0.000000
-0.459562	0.000000
0.220432	0.000000
0.023830	0.000000
0.605719	0.000000
-0.031407	0.000000
-0.126482	0.000000
-0.190562	0.000000
0.635266	0.000000
0.176607	0.000000
-0.073946	0.000000
-0.067944	0.000000
0.000170	0.000000
-0.088780	0.000000
0.729209	0.000000
-2.188073	0.000000
0.360994	0.000000
-0.032595	0.000000
-0.006472	0.000000
-0.285247	0.000000
0.195611	0.000000
-0.443921	0.000000
-0.218210	0.000000
-1.042385	0.000000
-0.448166	0.000000
-0.337406	0.000000
0.220228	0.000000
0.117229	0.000000
0.226992	0.000000
-0.216771	0.000000
-0.171465	0.000000
0.331683	0.000000
1.017708	0.000000
0.380026	0.000000
0.267654	0.000000
-0.612403	0.000000
-0.203093	0.000000
-0.112552	0.000000
0.050137	0.000000
0.424544	0.000000
-0.572192	0.000000
0.090266	0.000000
0.601877	0.000000
-0.321263	0.000000
0.146983	0.000000
0.131098	0.000000
0.320915	0.000000
-0.084325	0.000000
0.653241	0.000000
-0.142209	0.000000
-0.612625	0.000000
-0.216245	0.000000
-0.365805	0.000000
-0.129356	0.000000
0.084095	0.000000
-0.396080	0.000000
0.298329	0.000000
1.696130	0.000000
-0.435154	0.000000
0.226851	0.000000
-0.586396	0.000000
0.216592	0.000000
-0.020916	0.000000
-0.462644	0.000000
0.579637	0.000000
-0.536461	0.000000
-0.094743	0.000000
-0.148109	0.000000
0.952896	0.000000
0.088372	0.000000
0.519474	0.000000
0.918629	0.000000
0.793169	0.000000
-1.362582	0.000000
-0.598786	0.000000
0.779006	0.000000
-4.941458	0.000000
0.823001	0.000000
0.200765	0.000000
0.158885	0.000000
0.912915	0.000000
0.138793	0.000000
0.137500	0.000000
0.409797	0.000000
-0.773943	0.000000
0.382771	0.000000
0.946270	0.000000
1.288601	0.000000
-0.886382	0.000000
0.881268	0.000000
1.138313	0.000000
-0.628388	0.000000
0.254490	0.000000
0.201199	0.000000
-1.070101	0.000000
-0.949590	0.000000
0.697391	0.000000
1.239492	0.000000
0.250757	0.000000
1.073721	0.000000
-0.220077	0.000000
-0.871060	0.000000
-0.244471	0.000000
-0.469407	0.000000
-0.054983	0.000000
0.262171	0.000000
1.107744	0.000000
0.450396	0.000000
1.028736	0.000000
-0.240682	0.000000
-0.612530	0.000000
0.829374	0.000000
-0.236705	0.000000
-0.323513	0.000000
0.179944	0.000000
-0.306606	0.000000
0.271139	0.000000
1.299243	0.000000
-0.435186	0.000000
-0.841598	0.000000
0.915173	0.000000
0.487064	0.000000
0.661310	0.000000
0.035679	0.000000
-0.105304	0.000000
0.599773	0.000000
-0.633489	0.000000
-0.635228	0.000000
-0.158783	0.000000
-0.029183	0.000000
0.000317	0.000000
0.158770	0.000000
-0.084796	0.000000
0.029914	0.000000
-1.067359	0.000000
-0.148031	0.000000
0.860845	0.000000
-4.805396	0.000000
0.304349	0.000000
0.666417	0.000000
-0.749603	0.000000
-0.277345	0.000000
0.234461	0.000000
0.931243	0.000000
0.204033	0.000000
0.585236	0.000000
0.022144	0.000000
0.866907	0.000000
0.577418	0.000000
-0.054114	0.000000
0.000143	0.000000
-0.331581	0.000000
-0.835469	0.000000
-0.134027	0.000000
0.802816	0.000000
0.184082	0.000000
0.639272	0.000000
-0.713344	0.000000
0.401126	0.000000
-1.098288	0.000000
-0.121048	0.000000
0.360577	0.000000
0.451481	0.000000
1.087480	0.000000
0.110195	0.000000
0.600780	0.000000
0.699774	0.000000
1.575509	0.000000
0.244967	0.000000
0.240819	0.000000
-0.214207	0.000000
-0.108056	0.000000
0.645880	0.000000
-0.323438	0.000000
-0.479812	0.000000
0.856282	0.000000
-0.352239	0.000000
-1.515218	0.000000
0.186563	0.000000
-2.460325	0.000000
-3.402085	0.000000
-2.677567	0.000000
1.112614	0.000000
0.462764	0.000000
-0.210629	0.000000
-0.410344	0.000000
-0.570129	0.000000
-1.101130	0.000000
-0.476090	0.000000
-4.826131	0.000000
-2.929953	0.000000
-0.056592	0.000000
0.000044	0.000000
-1.717980	0.000000
-0.885186	0.000000
-1.965553	0.000000
0.333299	0.000000
-0.493421	0.000000
-6.805465	0.000000
-3.267845	0.000000
-1.238562	0.000000
-2.219899	0.000000
1.778355	0.000000
-3.202441	0.000000
0.815161	0.000000
-3.713568	0.000000
0.088048	0.000000
1.030913	0.000000
-1.216309	0.000000
1.301412	0.000000
-0.046662	0.000000
0.130927	0.000000
0.181836	0.000000
0.189975	0.000000
-1.504597	0.000000
-3.767757	0.000000
-1.103453	0.000000
-1.952512	0.000000
-3.909919	0.000000
1.822728	0.000000
1.430816	0.000000
-1.081580	0.000000
-0.263182	0.000000
0.024878	0.000000
-1.211887	0.000000
0.251278	0.000000
0.612303	0.000000
-0.168644	0.000000
0.702214	0.000000
0.667559	0.000000
1.593042	0.000000
-1.766647	0.000000
-1.011588	0.000000
0.744349	0.000000
-0.179849	0.000000
-0.166015	0.000000
-0.243994	0.000000
0.000053	0.000000
0.236313	0.000000
-0.971221	0.000000
0.445963	0.000000
0.243554	0.000000
0.304460	0.000000
-0.189795	0.000000
0.105389	0.000000
0.410539	0.000000
-0.316802	0.000000
-0.614074	0.000000
0.444966	0.000000
-0.882555	0.000000
0.667626	0.000000
0.408334	0.000000
0.396805	0.000000
0.444624	0.000000
0.416858	0.000000
-0.296683	0.000000
-0.360628	0.000000
0.098990	0.000000
-0.271921	0.000000
-2.950696	0.000000
1.010650	0.000000
0.111279	0.000000
-0.024196	0.000000
-0.223421	0.000000
0.489122	0.000000
0.000158	0.000000
0.682053	0.000000
1.101056	0.000000
-0.082451	0.000000
0.000111	0.000000
-0.140305	0.000000
-0.148349	0.000000
0.218305	0.000000
-0.167604	0.000000
-0.300895	0.000000
-0.888094	0.000000
0.145438	0.000000
0.600876	0.000000
0.551658	0.000000
-0.149767	0.000000
-0.087972	0.000000
-0.300347	0.000000
0.169441	0.000000
-0.024543	0.000000
-0.312107	0.000000
1.048499	0.000000
0.962044	0.000000
-0.393779	0.000000
0.685901	0.000000
0.175168	0.000000
-0.275511	0.000000
-0.252271	0.000000
-0.193610	0.000000
-0.161682	0.000000
-0.419836	0.000000
0.306697	0.000000
0.352519	0.000000
0.433158	0.000000
-0.236132	0.000000
1.198219	0.000000
0.750942	0.000000
-0.486737	0.000000
-0.325353	0.000000
0.308559	0.000000
-0.157810	0.000000
0.284123	0.000000
-0.316892	0.000000
0.614175	0.000000
-0.317326	0.000000
0.559438	0.000000
-0.481958	0.000000
-0.805124	0.000000
-1.387723	0.000000
0.474020	0.000000
0.494901	0.000000
0.964423	0.000000
0.416556	0.000000
-0.888487	0.000000
-0.246015	0.000000
0.888498	0.000000
-4.205104	0.000000
0.749310	0.000000
0.185973	0.000000
0.745025	0.000000
0.570751	0.000000
-0.044926	0.000000
0.308136	0.000000
-0.445074	0.000000
0.103241	0.000000
0.067872	0.000000
-0.810789	0.000000
0.654621	0.000000
0.109167	0.000000
-0.055819	0.000000
0.468357	0.000000
1.286683	0.000000
-1.393967	0.000000
-1.651862	0.000000
-1.152950	0.000000
0.549343	0.000000
-0.319089	0.000000
0.240506	0.000000
0.526759	0.000000
0.346145	0.000000
0.128546	0.000000
-0.109183	0.000000
-0.437135	0.000000
0.759610	0.000000
-0.163181	0.000000
-0.536154	0.000000
0.735270	0.000000
0.000068	0.000000
0.172293	0.000000
0.614844	0.000000
0.311927	0.000000
0.306697	0.000000
-1.057110	0.000000
0.000176	0.000000
0.236368	0.000000
0.679938	0.000000
-0.117314	0.000000
0.514160	0.000000
-0.451243	0.000000
-0.260948	0.000000
1.711796	0.000000
0.031689	0.000000
0.602264	0.000000
-0.232818	0.000000
-0.984409	0.000000
0.118008	0.000000
1.187152	0.000000
0.260935	0.000000
-0.396333	0.000000
0.414722	0.000000
0.234453	0.000000
-0.667284	0.000000
-0.332896	0.000000
0.823190	0.000000
-0.265440	0.000000
-0.158568	0.000000
0.782528	0.000000
-4.356416	0.000000
-0.016116	0.000000
-0.185948	0.000000
-0.488614	0.000000
-0.044861	0.000000
-0.175789	0.000000
-0.187216	0.000000
0.556693	0.000000
0.230496	0.000000
0.374279	0.000000
-0.165755	0.000000
1.235688	0.000000
0.324088	0.000000
0.267728	0.000000
-0.612660	0.000000
-0.696946	0.000000
1.164033	0.000000
0.777049	0.000000
0.923790	0.000000
-0.154008	0.000000
0.150472	0.000000
-0.075041	0.000000
-0.222225	0.000000
-0.055057	0.000000
0.305826	0.000000
-0.145586	0.000000
-0.534527	0.000000
-0.016303	0.000000
-0.426726	0.000000
1.440055	0.000000
-0.828909	0.000000
-0.903964	0.000000
1.019253	0.000000
-0.203915	0.000000
1.290640	0.000000
-2.385606	0.000000
-0.757485	0.000000
1.243448	0.000000
-1.683244	0.000000
-1.501517	0.000000
0.189580	0.000000
0.210004	0.000000
1.400070	0.000000
-1.158507	0.000000
-2.682882	0.000000
-1.267567	0.000000
1.122425	0.000000
-0.317532	0.000000
0.588678	0.000000
1.483551	0.000000
1.213443	0.000000
0.538278	0.000000
-0.207260	0.000000
2.551756	0.000000
-1.742955	0.000000
0.472148	0.000000
0.395048	0.000000
1.962047	0.000000
-2.411094	0.000000
2.216754	0.000000
-0.138697	0.000000
-6.789940	0.000000
1.825160	0.000000
-4.482820	0.000000
-0.382589	0.000000
-0.945905	0.000000
0.351481	0.000000
-1.649213	0.000000
-0.501511	0.000000
1.871255	0.000000
-0.785459	0.000000
0.291082	0.000000
1.005735	0.000000
-2.507945	0.000000
-0.490005	0.000000
-1.306860	0.000000
1.201878	0.000000
-1.002479	0.000000
-1.298040	0.000000
-1.309569	0.000000
-2.313291	0.000000
0.169319	0.000000
-3.286638	0.000000
-0.312099	0.000000
0.142024	0.000000
0.408272	0.000000
-0.703296	0.000000
-0.310187	0.000000
0.251671	0.000000
-0.275487	0.000000
-1.153558	0.000000
-1.162332	0.000000
1.876735	0.000000
1.271612	0.000000
0.217288	0.000000
0.216939	0.000000
1.335189	0.000000
-0.522126	0.000000
-0.194147	0.000000
0.610208	0.000000
0.081267	0.000000
0.241448	0.000000
0.261029	0.000000
0.395113	0.000000
0.221055	0.000000
0.095161	0.000000
0.487233	0.000000
0.794089	0.000000
-0.029380	0.000000
0.779058	0.000000
-0.453519	0.000000
-0.424852	0.000000
0.296446	0.000000
-0.468650	0.000000
0.371193	0.000000
-0.027577	0.000000
0.526865	0.000000
0.025902	0.000000
0.507809	0.000000
0.749826	0.000000
0.166512	0.000000
0.388064	0.000000
-2.346147	0.000000
-0.285104	0.000000
-0.427511	0.000000
0.484247	0.000000
0.351490	0.000000
0.433178	0.000000
0.813485	0.000000
0.343091	0.000000
0.183293	0.000000
0.181912	0.000000
-0.402174	0.000000
-0.100120	0.000000
0.337282	0.000000
0.377852	0.000000
0.826365	0.000000
-0.150336	0.000000
-0.299445	0.000000
-0.616242	0.000000
0.390661	0.000000
-0.601727	0.000000
0.272080	0.000000
0.477491	0.000000
0.185729	0.000000
0.991297	0.000000
1.238112	0.000000
1.192106	0.000000
0.109446	0.000000
0.582211	0.000000
0.469051	0.000000
-0.731766	0.000000
0.000007	0.000000
-0.059967	0.000000
-0.255438	0.000000
0.000085	0.000000
-0.974045	0.000000
-0.049654	0.000000
-0.323465	0.000000
0.070492	0.000000
0.405850	0.000000
-0.325350	0.000000
0.237361	0.000000
-0.789986	0.000000
0.126481	0.000000
1.679643	0.000000
0.127076	0.000000
-0.698386	0.000000
0.029679	0.000000
0.185725	0.000000
-0.521648	0.000000
-0.169835	0.000000
-1.125494	0.000000
0.468951	0.000000
-0.111110	0.000000
0.027930	0.000000
-0.098591	0.000000
0.148954	0.000000
0.285700	0.000000
0.717456	0.000000
-0.416235	0.000000
-0.379880	0.000000
0.707608	0.000000
-2.159924	0.000000
1.395565	0.000000
1.188184	0.000000
-0.163795	0.000000
-0.350328	0.000000
-0.732003	0.000000
0.171657	0.000000
0.253131	0.000000
-0.254192	0.000000
-0.134017	0.000000
0.334453	0.000000
-0.061046	0.000000
-0.958250	0.000000
0.788754	0.000000
0.075427	0.000000
0.499348	0.000000
0.528340	0.000000
-0.060000	0.000000
0.696092	0.000000
0.568521	0.000000
-0.550816	0.000000
-0.272988	0.000000
0.029388	0.000000
-0.056100	0.000000
0.245100	0.000000
0.229865	0.000000
-0.704503	0.000000
-0.396479	0.000000
0.839675	0.000000
-0.032238	0.000000
-0.311885	0.000000
0.856291	0.000000
1.301588	0.000000
0.830274	0.000000
0.808344	0.000000
0.129812	0.000000
0.234882	0.000000
-0.540877	0.000000
-0.167922	0.000000
-0.533794	0.000000
0.579399	0.000000
0.252762	0.000000
-1.204178	0.000000
1.143679	0.000000
1.810404	0.000000
0.206215	0.000000
0.704772	0.000000
0.283513	0.000000
0.509930	0.000000
2.073624	0.000000
0.937551	0.000000
0.037124	0.000000
1.860247	0.000000
0.428150	0.000000
-0.427321	0.000000
-0.158499	0.000000
0.782625	0.000000
1.221113	0.000000
0.307240	0.000000
-0.595566	0.000000
1.385655	0.000000
-3.330770	0.000000
-0.857922	0.000000
-0.562076	0.000000
0.886713	0.000000
0.664307	0.000000
-0.093482	0.000000
0.043719	0.000000
0.581722	0.000000
-0.357496	0.000000
0.401523	0.000000
-0.091766	0.000000
0.493928	0.000000
-0.525624	0.000000
0.100472	0.000000
-1.373028	0.000000
-0.297075	0.000000
0.240633	0.000000
-0.846245	0.000000
-0.296504	0.000000
0.202121	0.000000
0.469720	0.000000
1.136928	0.000000
-0.337493	0.000000
0.098021	0.000000
0.941029	0.000000
-0.367514	0.000000
-0.180109	0.000000
-0.193556	0.000000
0.097193	0.000000
0.719784	0.000000
0.293997	0.000000
0.379728	0.000000
-0.577112	0.000000
0.348254	0.000000
-0.129477	0.000000
-0.633489	0.000000
0.216437	0.000000
-0.115421	0.000000
-0.427004	0.000000
0.342494	0.000000
0.189581	0.000000
-0.189812	0.000000
0.063712	0.000000
0.952881	0.000000
-0.647135	0.000000
0.927583	0.000000
-0.340140	0.000000
0.651455	0.000000
1.037075	0.000000
0.156231	0.000000
-0.333695	0.000000
0.721904	0.000000
0.230656	0.000000
-0.388506	0.000000
0.825243	0.000000
0.489105	0.000000
0.915983	0.000000
0.493086	0.000000
-0.483916	0.000000
1.997063	0.000000
-0.517507	0.000000
-3.806073	0.000000
-0.702715	0.000000
0.206351	0.000000
0.528723	0.000000
0.311946	0.000000
-0.113415	0.000000
1.599137	0.000000
0.268214	0.000000
-0.167074	0.000000
-0.428725	0.000000
1.626737	0.000000
-0.788400	0.000000
1.128113	0.000000
0.249860	0.000000
0.385244	0.000000
-0.871083	0.000000
-1.071905	0.000000
-0.469379	0.000000
1.230536	0.000000
0.021912	0.000000
-0.028847	0.000000
-0.027865	0.000000
0.098057	0.000000
0.372137	0.000000
1.470601	0.000000
0.541189	0.000000
-0.021421	0.000000
-0.161782	0.000000
0.503944	0.000000
-0.344956	0.000000
0.596540	0.000000
-0.324450	0.000000
0.161703	0.000000
0.194420	0.000000
-0.703691	0.000000
-1.027653	0.000000
-0.440771	0.000000
-0.723723	0.000000
0.711193	0.000000
-0.410081	0.000000
0.317192	0.000000
1.503639	0.000000
-0.031510	0.000000
-0.411988	0.000000
0.556458	0.000000
-0.124719	0.000000
0.623193	0.000000
1.866307	0.000000
-0.181999	0.000000
-1.112603	0.000000
1.221713	0.000000
0.230571	0.000000
-0.019369	0.000000
0.698219	0.000000
0.391435	0.000000
-0.027527	0.000000
0.129356	0.000000
-1.191639	0.000000
0.652393	0.000000
-0.382578	0.000000
-1.012036	0.000000
-3.537110	0.000000
-0.474047	0.000000
-0.040587	0.000000
-0.654880	0.000000
1.291741	0.000000
0.508954	0.000000
0.335239	0.000000
0.301076	0.000000
-0.244902	0.000000
0.058207	0.000000
-0.525438	0.000000
0.100455	0.000000
-0.474331	0.000000
0.099094	0.000000
-1.051352	0.000000
-0.488896	0.000000
-0.815351	0.000000
0.220460	0.000000
0.054665	0.000000
-0.786816	0.000000
-1.209477	0.000000
0.245064	0.000000
0.207985	0.000000
0.153405	0.000000
0.036265	0.000000
0.172367	0.000000
-0.242585	0.000000
0.431934	0.000000
-0.038225	0.000000
0.108488	0.000000
-0.288479	0.000000
-1.305558	0.000000
-0.485390	0.000000
-1.618781	0.000000
-0.594854	0.000000
0.524872	0.000000
-0.711793	0.000000
1.501215	0.000000
-0.694363	0.000000
-0.158368	0.000000
0.127255	0.000000
0.095565	0.000000
-0.441148	0.000000
0.111586	0.000000
-0.442233	0.000000
0.396657	0.000000
-1.392238	0.000000
1.171782	0.000000
-1.223602	0.000000
-1.332473	0.000000
0.065954	0.000000
-0.278405	0.000000
0.095476	0.000000
-0.912667	0.000000
0.194440	0.000000
-0.210113	0.000000
-0.335119	0.000000
-1.304045	0.000000
0.202565	0.000000
-0.307822	0.000000
-0.538693	0.000000
-4.350234	0.000000
-0.338882	0.000000
0.686099	0.000000
0.785522	0.000000
-0.218003	0.000000
0.022383	0.000000
-0.468143	0.000000
0.275980	0.000000
0.290505	0.000000
0.863824	0.000000
-0.049907	0.000000
1.273383	0.000000
-0.010969	0.000000
-0.991405	0.000000
-0.789871	0.000000
-1.161364	0.000000
-0.073306	0.000000
0.415048	0.000000
1.136926	0.000000
-0.703072	0.000000
-0.522432	0.000000
0.120475	0.000000
-0.520529	0.000000
-0.648705	0.000000
0.409185	0.000000
0.566358	0.000000
0.455886	0.000000
0.127888	0.000000
0.352661	0.000000
-2.597868	0.000000
0.211432	0.000000
1.197984	0.000000
0.328654	0.000000
-0.648854	0.000000
0.556321	0.000000
-0.925341	0.000000
1.527601	0.000000
-1.230767	0.000000
0.887445	0.000000
-0.423306	0.000000
-0.222195	0.000000
-0.794526	0.000000
-2.744334	0.000000
0.034108	0.000000
-1.472546	0.000000
0.918557	0.000000
0.312631	0.000000
-0.518868	0.000000
0.610833	0.000000
0.032989	0.000000
0.310872	0.000000
-1.110188	0.000000
0.000269	0.000000
-0.610299	0.000000
-0.282858	0.000000
-1.079617	0.000000
-0.285260	0.000000
1.057954	0.000000
-0.087954	0.000000
-0.304404	0.000000
-0.309166	0.000000
-6.289967	0.000000
-0.062262	0.000000
0.768065	0.000000
-1.526036	0.000000
-0.592136	0.000000
0.501705	0.000000
1.286691	0.000000
1.771971	0.000000
0.075134	0.000000
0.150542	0.000000
-0.249476	0.000000
0.022026	0.000000
0.721152	0.000000
-1.466896	0.000000
-0.592924	0.000000
-0.422212	0.000000
-0.152891	0.000000
0.379108	0.000000
-1.941031	0.000000
-0.261190	0.000000
0.525226	0.000000
-1.347830	0.000000
-1.442160	0.000000
1.097908	0.000000
-1.019146	0.000000
0.719802	0.000000
-0.012712	0.000000
-0.840408	0.000000
-1.695730	0.000000
0.124438	0.000000
0.971308	0.000000
0.445895	0.000000
-1.379160	0.000000
-0.188873	0.000000
0.533945	0.000000
-1.606378	0.000000
1.388944	0.000000
-0.158141	0.000000
0.105891	0.000000
-2.381701	0.000000
0.029543	0.000000
0.334109	0.000000
-0.056682	0.000000
-0.622952	0.000000
1.925720	0.000000
-0.807013	0.000000
0.074533	0.000000
0.166577	0.000000
-0.296038	0.000000
0.084191	0.000000
-0.792956	0.000000
-2.249240	0.000000
0.888144	0.000000
0.897259	0.000000
-0.148898	0.000000
1.344997	0.000000
-0.832718	0.000000
0.330083	0.000000
-2.295626	0.000000
0.639255	0.000000
-0.108365	0.000000
-6.268231	0.000000
0.977538	0.000000
-1.017327	0.000000
0.245913	0.000000
-1.337695	0.000000
-1.776461	0.000000
-0.842135	0.000000
-1.989712	0.000000
0.927610	0.000000
-0.249557	0.000000
-0.385096	0.000000
1.111906	0.000000
0.357429	0.000000
-0.568259	0.000000
-0.128410	0.000000
0.032790	0.000000
-2.215049	0.000000
-1.743996	0.000000
-0.342787	0.000000
0.065727	0.000000
-0.183759	0.000000
-0.360296	0.000000
0.581354	0.000000
-0.582388	0.000000
-0.083899	0.000000
0.754020	0.000000
0.244185	0.000000
1.082843	0.000000
3.183247	0.000000
1.327487	0.000000
1.290728	0.000000
0.649306	0.000000
0.766278	0.000000
0.972905	0.000000
0.289689	0.000000
-0.189223	0.000000
-0.189987	0.000000
0.360153	0.000000
0.921246	0.000000
0.000254	0.000000
0.148530	0.000000
1.190823	0.000000
1.586277	0.000000
-1.273589	0.000000
-0.832938	0.000000
2.522063	0.000000
-1.859877	0.000000
1.086557	0.000000
-0.142407	0.000000
1.491265	0.000000
2.445103	0.000000
0.222250	0.000000
0.371906	0.000000
0.894015	0.000000
1.141267	0.000000
-1.575452	0.000000
-0.527895	0.000000
3.490533	0.000000
1.525758	0.000000
1.925121	0.000000
1.200686	0.000000
-6.781398	0.000000
1.635701	0.000000
0.938715	0.000000
-0.100178	0.000000
-0.214160	0.000000
2.149483	0.000000
1.802434	0.000000
3.007860	0.000000
1.398155	0.000000
1.452778	0.000000
-0.060029	0.000000
2.313507	0.000000
2.446693	0.000000
-0.293711	0.000000
-0.141876	0.000000
1.020192	0.000000
1.209945	0.000000
0.669544	0.000000
0.711288	0.000000
2.726679	0.000000
3.605562	0.000000
-1.635977	0.000000
-0.113231	0.000000
0.216005	0.000000
0.038396	0.000000
0.379766	0.000000
0.577405	0.000000
-0.323174	0.000000
-0.582485	0.000000
0.328691	0.000000
0.487084	0.000000
0.482806	0.000000
1.186517	0.000000
0.026407	0.000000
0.663046	0.000000
-0.158147	0.000000
-0.508143	0.000000
0.127298	0.000000
0.147336	0.000000
-0.370506	0.000000
-0.181442	0.000000
0.028399	0.000000
-0.148089	0.000000
0.859504	0.000000
1.075734	0.000000
-0.083021	0.000000
-0.329122	0.000000
-0.006418	0.000000
-0.570867	0.000000
-0.227889	0.000000
0.444160	0.000000
0.274917	0.000000
-0.148594	0.000000
-0.570156	0.000000
0.022603	0.000000
0.770252	0.000000
0.796584	0.000000
-0.123571	0.000000
0.488047	0.000000
-0.623691	0.000000
-0.139606	0.000000
-2.652632	0.000000
-0.525180	0.000000
-0.467992	0.000000
-0.030602	0.000000
-0.609904	0.000000
0.638485	0.000000
0.200531	0.000000
-0.599156	0.000000
-0.088003	0.000000
0.480762	0.000000
0.319874	0.000000
0.766190	0.000000
-0.165240	0.000000
0.393252	0.000000
0.816399	0.000000
0.253445	0.000000
0.032711	0.000000
0.273656	0.000000
-0.490043	0.000000
-0.324257	0.000000
0.215338	0.000000
0.291238	0.000000
-0.539812	0.000000
0.741246	0.000000
0.406779	0.000000
0.036381	0.000000
0.161745	0.000000
-0.647330	0.000000
0.868291	0.000000
0.622098	0.000000
0.976129	0.000000
-0.569427	0.000000
1.185209	0.000000
2.651669	0.000000
-3.612399	0.000000
-0.465858	0.000000
1.460958	0.000000
1.177346	0.000000
-0.222525	0.000000
-0.385561	0.000000
-0.792941	0.000000
-0.177604	0.000000
1.848811	0.000000
0.074198	0.000000
0.444291	0.000000
-0.493642	0.000000
0.136031	0.000000
-0.602653	0.000000
-1.075542	0.000000
1.137972	0.000000
0.590133	0.000000
-1.452212	0.000000
-1.996895	0.000000
0.315255	0.000000
1.012198	0.000000
-1.335120	0.000000
-0.906962	0.000000
-0.365957	0.000000
0.405536	0.000000
1.003751	0.000000
-2.943343	0.000000
-7.039900	0.000000
-0.601924	0.000000
0.306340	0.000000
-0.261227	0.000000
0.713500	0.000000
-0.551317	0.000000
-1.597856	0.000000
0.451288	0.000000
-0.600806	0.000000
-0.357331	0.000000
-0.617766	0.000000
0.569292	0.000000
0.087391	0.000000
0.787202	0.000000
-0.534470	0.000000
0.849260	0.000000
-0.361061	0.000000
0.214698	0.000000
-1.153645	0.000000
0.689033	0.000000
-0.954411	0.000000
-1.079640	0.000000
-0.472674	0.000000
-1.246932	0.000000
-0.649497	0.000000
-0.385394	0.000000
0.129621	0.000000
0.047029	0.000000
-0.270249	0.000000
-0.587750	0.000000
-0.142254	0.000000
-0.947961	0.000000
0.852518	0.000000
-0.570232	0.000000
-0.253955	0.000000
-0.762001	0.000000
0.824189	0.000000
0.519261	0.000000
-0.033920	0.000000
0.538297	0.000000
0.148144	0.000000
-0.859230	0.000000
-0.296642	0.000000
-1.388020	0.000000
0.329172	0.000000
0.168423	0.000000
-1.237247	0.000000
-0.586747	0.000000
0.721533	0.000000
-0.121224	0.000000
0.149075	0.000000
0.692824	0.000000
-0.539998	0.000000
0.286048	0.000000
0.117314	0.000000
-0.164884	0.000000
0.488147	0.000000
-1.013409	0.000000
0.034970	0.000000
-0.436072	0.000000
-0.502794	0.000000
-3.645096	0.000000
-0.704568	0.000000
-1.045360	0.000000
-0.713234	0.000000
0.100314	0.000000
-0.474353	0.000000
0.561352	0.000000
0.000311	0.000000
0.094087	0.000000
-1.012987	0.000000
-0.422278	0.000000
0.622536	0.000000
-1.282359	0.000000
-0.168606	0.000000
0.718542	0.000000
-0.087451	0.000000
0.490392	0.000000
-1.153728	0.000000
-1.356163	0.000000
-0.161726	0.000000
0.024069	0.000000
0.051178	0.000000
-0.921751	0.000000
-0.577266	0.000000
0.323352	0.000000
-0.323444	0.000000
-0.140644	0.000000
0.459854	0.000000
-0.199355	0.000000
0.759343	0.000000
-1.448333	0.000000
-0.347142	0.000000
-0.696850	0.000000
-0.338646	0.000000
0.127083	0.000000
-0.500215	0.000000
-0.704339	0.000000
0.555800	0.000000
1.246393	0.000000
0.059286	0.000000
-0.416423	0.000000
-0.296481	0.000000
-0.693759	0.000000
0.131913	0.000000
-0.148928	0.000000
-1.332506	0.000000
0.945529	0.000000
0.277514	0.000000
-0.153528	0.000000
0.111792	0.000000
-0.040510	0.000000
-0.202528	0.000000
-0.373939	0.000000
0.093862	0.000000
0.927867	0.000000
0.799892	0.000000
-0.498908	0.000000
-0.157037	0.000000
0.145524	0.000000
0.324176	0.000000
-0.434727	0.000000
-2.726224	0.000000
0.174569	0.000000
-0.187482	0.000000
0.175704	0.000000
-0.349380	0.000000
-0.847353	0.000000
-0.630683	0.000000
-0.413700	0.000000
-0.617780	0.000000
0.091838	0.000000
0.207515	0.000000
-0.145652	0.000000
-0.027978	0.000000
0.179618	0.000000
0.240802	0.000000
-0.336818	0.000000
0.793468	0.000000
-0.774743	0.000000
-0.307351	0.000000
0.359982	0.000000
-0.370487	0.000000
-0.596355	0.000000
-0.432761	0.000000
0.261185	0.000000
0.032668	0.000000
0.164398	0.000000
0.676277	0.000000
0.094508	0.000000
0.439098	0.000000
-0.473919	0.000000
-0.252390	0.000000
0.316940	0.000000
-0.063335	0.000000
-0.444534	0.000000
0.647502	0.000000
0.296887	0.000000
-0.306154	0.000000
-0.424655	0.000000
-0.710825	0.000000
0.052270	0.000000
0.445417	0.000000
0.111197	0.000000
0.263341	0.000000
0.155434	0.000000
0.063589	0.000000
-0.847238	0.000000
-0.943206	0.000000
-0.242417	0.000000
0.260688	0.000000
-1.181434	0.000000
0.045123	0.000000
1.122175	0.000000
0.304702	0.000000
0.391866	0.000000
0.067918	0.000000
-0.233762	0.000000
0.235671	0.000000
-0.762945	0.000000
-0.055757	0.000000
-0.902805	0.000000
-0.183543	0.000000
-2.672095	0.000000
0.225665	0.000000
-0.626383	0.000000
0.324678	0.000000
-0.869439	0.000000
0.240553	0.000000
0.357422	0.000000
0.197709	0.000000
-0.679452	0.000000
-0.141897	0.000000
0.262391	0.000000
0.590870	0.000000
0.000155	0.000000
-0.448520	0.000000
-0.888069	0.000000
-0.216044	0.000000
-0.107462	0.000000
1.197356	0.000000
0.191976	0.000000
0.651714	0.000000
-0.189758	0.000000
0.252896	0.000000
0.174200	0.000000
-0.679630	0.000000
0.305082	0.000000
1.081896	0.000000
0.482807	0.000000
-0.023617	0.000000
-0.263152	0.000000
0.915553	0.000000
0.126950	0.000000
0.847216	0.000000
0.031963	0.000000
0.824207	0.000000
-0.333692	0.000000
0.238182	0.000000
0.340002	0.000000
-0.059235	0.000000
0.208325	0.000000
-0.815806	0.000000
1.110566	0.000000
-0.723901	0.000000
0.103611	0.000000
0.920431	0.000000
-0.977898	0.000000
0.610523	0.000000
-0.145466	0.000000
0.372628	0.000000
0.163284	0.000000
-0.089800	0.000000
0.132062	0.000000
-0.491878	0.000000
0.185655	0.000000
0.162677	0.000000
-0.265026	0.000000
0.401475	0.000000
1.417321	0.000000
-0.212248	0.000000
-0.234023	0.000000
0.245253	0.000000
-0.028855	0.000000
-3.980127	0.000000
0.576743	0.000000
-0.474156	0.000000
-0.098997	0.000000
0.540837	0.000000
-0.300910	0.000000
0.098984	0.000000
-0.642668	0.000000
-0.163761	0.000000
-0.174805	0.000000
-0.168767	0.000000
-0.097882	0.000000
-0.185998	0.000000
0.827382	0.000000
-0.288292	0.000000
1.054916	0.000000
0.242835	0.000000
-0.227833	0.000000
-0.370546	0.000000
0.596588	0.000000
-0.107931	0.000000
0.248798	0.000000
0.971423	0.000000
-0.422192	0.000000
-1.190073	0.000000
0.104996	0.000000
-0.237227	0.000000
-0.131474	0.000000
-1.009841	0.000000
-0.126720	0.000000
0.233144	0.000000
0.095405	0.000000
-0.029188	0.000000
-1.038391	0.000000
-0.249435	0.000000
-0.283202	0.000000
-1.125522	0.000000
-0.234237	0.000000
0.593485	0.000000
0.166776	0.000000
0.066139	0.000000
-0.582762	0.000000
0.888440	0.000000
-0.325879	0.000000
0.610531	0.000000
0.476944	0.000000
-1.377792	0.000000
0.081540	0.000000
0.315290	0.000000
0.176227	0.000000
-0.046665	0.000000
0.103252	0.000000
-0.501462	0.000000
0.764074	0.000000
0.506268	0.000000
-0.472260	0.000000
-0.245783	0.000000
1.204092	0.000000
0.459535	0.000000
0.377683	0.000000
-0.562996	0.000000
-4.035318	0.000000
-0.199523	0.000000
0.143129	0.000000
0.300605	0.000000
0.000193	0.000000
-0.914340	0.000000
0.569349	0.000000
-0.819110	0.000000
-0.058260	0.000000
-0.281186	0.000000
0.130797	0.000000
-0.131259	0.000000
-1.133330	0.000000
0.396949	0.000000
0.430648	0.000000
-0.954383	0.000000
0.167971	0.000000
0.753936	0.000000
1.437163	0.000000
0.541402	0.000000
0.758507	0.000000
-1.197886	0.000000
0.375612	0.000000
2.380198	0.000000
0.010591	0.000000
0.628929	0.000000
0.210778	0.000000
1.136427	0.000000
-0.348426	0.000000
-0.169193	0.000000
1.683349	0.000000
0.353380	0.000000
-0.148167	0.000000
-0.306107	0.000000
1.104904	0.000000
0.355643	0.000000
-0.026010	0.000000
1.446521	0.000000
1.221669	0.000000
-1.184891	0.000000
0.116606	0.000000
0.475967	0.000000
0.521607	0.000000
0.777254	0.000000
-0.137381	0.000000
0.037526	0.000000
0.815370	0.000000
-0.067460	0.000000
0.132196	0.000000
0.937111	0.000000
1.587663	0.000000
0.474494	0.000000
0.670578	0.000000
-0.061082	0.000000
-0.290440	0.000000
-0.100493	0.000000
0.267759	0.000000
0.796706	0.000000
1.016858	0.000000
0.488306	0.000000
0.150637	0.000000
-4.793424	0.000000
0.506346	0.000000
0.540838	0.000000
0.037620	0.000000
1.161633	0.000000
0.275493	0.000000
0.840998	0.000000
0.787134	0.000000
0.365842	0.000000
0.522637	0.000000
0.470604	0.000000
1.531699	0.000000
0.432748	0.000000
1.098056	0.000000
0.501677	0.000000
-0.071948	0.000000
1.009561	0.000000
-1.057229	0.000000
2.525934	0.000000
-0.621688	0.000000
0.809456	0.000000
1.736328	0.000000
-0.243364	0.000000
1.427439	0.000000
0.415320	0.000000
0.316189	0.000000
-0.725774	0.000000
-1.711030	0.000000
0.762464	0.000000
1.016376	0.000000
-0.765109	0.000000
1.409613	0.000000
1.077349	0.000000
-1.189548	0.000000
1.688499	0.000000
1.119878	0.000000
0.593722	0.000000
0.388737	0.000000
-1.250731	0.000000
1.651246	0.000000
0.666466	0.000000
-0.782185	0.000000
-0.110749	0.000000
-0.638520	0.000000
-1.228624	0.000000
-0.407240	0.000000
0.180154	0.000000
0.814082	0.000000
-0.140443	0.000000
0.391777	0.000000
0.122085	0.000000
-0.904211	0.000000
0.960111	0.000000
-0.036116	0.000000
0.771066	0.000000
0.434803	0.000000
-0.489834	0.000000
-0.203070	0.000000
0.037744	0.000000
-0.501214	0.000000
-0.299595	0.000000
-6.295167	0.000000
1.742663	0.000000
-0.771015	0.000000
-2.001596	0.000000
-0.403860	0.000000
0.294964	0.000000
3.060788	0.000000
0.928643	0.000000
0.326700	0.000000
0.262665	0.000000
-2.634305	0.000000
-0.216187	0.000000
-0.408989	0.000000
-0.177944	0.000000
0.647791	0.000000
-0.396088	0.000000
-0.081254	0.000000
0.505385	0.000000
-0.186467	0.000000
-1.489044	0.000000
0.023604	0.000000
1.650075	0.000000
0.010500	0.000000
-0.581269	0.000000
0.263359	0.000000
0.189646	0.000000
0.158610	0.000000
-0.614025	0.000000
0.413038	0.000000
0.382677	0.000000
1.372604	0.000000
0.306290	0.000000
0.963123	0.000000
0.799848	0.000000
-0.025927	0.000000
-1.409132	0.000000
-0.305334	0.000000
-0.460624	0.000000
0.058290	0.000000
-0.348739	0.000000
0.293560	0.000000
-0.721204	0.000000
0.250635	0.000000
0.484318	0.000000
0.937750	0.000000
-0.112427	0.000000
-0.923907	0.000000
-0.444871	0.000000
0.371231	0.000000
0.528813	0.000000
0.374370	0.000000
0.113546	0.000000
0.327408	0.000000
-0.402250	0.000000
0.434992	0.000000
0.000079	0.000000
-0.406416	0.000000
0.375509	0.000000
0.802284	0.000000
-0.474327	0.000000
0.396221	0.000000
-2.733902	0.000000
0.489206	0.000000
0.444855	0.000000
1.726256	0.000000
-0.272950	0.000000
-0.349647	0.000000
1.209969	0.000000
-0.016297	0.000000
0.043844	0.000000
0.490217	0.000000
0.000013	0.000000
0.193881	0.000000
1.067819	0.000000
-0.371768	0.000000
0.779616	0.000000
1.111630	0.000000
0.829959	0.000000
-0.136689	0.000000
-0.097027	0.000000
0.938685	0.000000
1.460783	0.000000
0.503845	0.000000
0.130601	0.000000
-0.315926	0.000000
-0.378489	0.000000
0.824220	0.000000
-0.571604	0.000000
1.079928	0.000000
-0.205848	0.000000
-0.518923	0.000000
0.294936	0.000000
-0.481415	0.000000
0.296451	0.000000
-0.286269	0.000000
0.037268	0.000000
0.277839	0.000000
-0.296182	0.000000
-0.369061	0.000000
0.571269	0.000000
1.043388	0.000000
0.111217	0.000000
0.614369	0.000000
-0.558239	0.000000
0.570900	0.000000
-0.404897	0.000000
-1.539917	0.000000
-1.053924	0.000000
-0.082470	0.000000
-0.352325	0.000000
0.998079	0.000000
0.410236	0.000000
-0.435769	0.000000
0.067162	0.000000
1.037079	0.000000
-0.735162	0.000000
1.684871	0.000000
-0.675720	0.000000
0.451376	0.000000
0.149827	0.000000
0.132149	0.000000
0.390882	0.000000
-5.736449	0.000000
-0.790694	0.000000
0.661262	0.000000
-0.578840	0.000000
0.437302	0.000000
0.197011	0.000000
-1.224653	0.000000
-0.284478	0.000000
1.286687	0.000000
0.937754	0.000000
0.839600	0.000000
1.067923	0.000000
-0.383774	0.000000
0.089477	0.000000
-1.545285	0.000000
0.685931	0.000000
0.323351	0.000000
-0.517763	0.000000
-0.257968	0.000000
-0.216280	0.000000
-0.052454	0.000000
-0.569403	0.000000
-0.263308	0.000000
-2.020215	0.000000
-0.633645	0.000000
0.974229	0.000000
-0.634882	0.000000
-0.147090	0.000000
-0.333782	0.000000
-0.045267	0.000000
-0.679684	0.000000
0.474214	0.000000
-0.025794	0.000000
-1.372139	0.000000
-0.166281	0.000000
-0.230139	0.000000
0.025961	0.000000
-0.126712	0.000000
0.065523	0.000000
-0.277492	0.000000
-0.719385	0.000000
-1.563786	0.000000
-0.122044	0.000000
-0.179924	0.000000
-0.725907	0.000000
-1.381979	0.000000
-0.535989	0.000000
-0.203259	0.000000
-0.140326	0.000000
0.200811	0.000000
1.417354	0.000000
0.502944	0.000000
-1.671935	0.000000
-0.336657	0.000000
-0.028829	0.000000
-1.501777	0.000000
-0.877190	0.000000
0.150063	0.000000
-0.638232	0.000000
-0.720832	0.000000
-0.808607	0.000000
-3.336065	0.000000
-0.661058	0.000000
-0.229275	0.000000
-0.437085	0.000000
-0.309410	0.000000
0.669527	0.000000
-0.196911	0.000000
-0.030586	0.000000
-0.396324	0.000000
-0.042833	0.000000
-0.598539	0.000000
0.335990	0.000000
0.191771	0.000000
-0.731752	0.000000
-0.504850	0.000000
0.932597	0.000000
-0.550221	0.000000
-0.422293	0.000000
-0.324419	0.000000
0.335952	0.000000
-0.213447	0.000000
-0.552823	0.000000
-0.662752	0.000000
-1.172240	0.000000
1.164787	0.000000
1.238665	0.000000
-1.147562	0.000000
-0.964214	0.000000
0.589760	0.000000
0.906483	0.000000
-1.480850	0.000000
0.078139	0.000000
-0.296432	0.000000
0.333138	0.000000
-0.131579	0.000000
-0.194219	0.000000
-1.046825	0.000000
-0.293161	0.000000
0.055771	0.000000
-0.202050	0.000000
-0.744423	0.000000
-0.814701	0.000000
0.697727	0.000000
2.486401	0.000000
0.187632	0.000000
-1.340097	0.000000
-0.786203	0.000000
0.156043	0.000000
-0.418852	0.000000
0.436474	0.000000
-0.245740	0.000000
-0.902855	0.000000
0.153182	0.000000
-0.290367	0.000000
-0.037479	0.000000
0.827190	0.000000
-1.098539	0.000000
0.143126	0.000000
1.442317	0.000000
0.319877	0.000000
0.370915	0.000000
-6.078196	0.000000
0.000068	0.000000
1.719822	0.000000
-1.631658	0.000000
0.375736	0.000000
0.317396	0.000000
-1.194589	0.000000
-1.153542	0.000000
0.409117	0.000000
-0.922121	0.000000
-0.443774	0.000000
-0.242780	0.000000
-0.460825	0.000000
-0.288562	0.000000
0.858040	0.000000
-1.327132	0.000000
1.126308	0.000000
-0.378534	0.000000
-0.052467	0.000000
1.115346	0.000000
-0.447685	0.000000
-2.398749	0.000000
1.141000	0.000000
1.058975	0.000000
-1.016061	0.000000
-2.059814	0.000000
0.000167	0.000000
0.714488	0.000000
-1.925770	0.000000
-1.391996	0.000000
-0.286255	0.000000
-0.259521	0.000000
-0.499653	0.000000
-0.065502	0.000000
0.336746	0.000000
1.364468	0.000000
0.815267	0.000000
-1.498263	0.000000
0.056616	0.000000
0.298079	0.000000
-0.121893	0.000000
0.067550	0.000000
-2.024012	0.000000
-1.428891	0.000000
-0.041035	0.000000
-0.921737	0.000000
0.764069	0.000000
-0.567278	0.000000
0.145428	0.000000
0.771159	0.000000
0.735783	0.000000
0.184092	0.000000
-0.145192	0.000000
-1.088660	0.000000
-0.150293	0.000000
1.972459	0.000000
0.000098	0.000000
-2.463387	0.000000
-0.413740	0.000000
1.507600	0.000000
-1.211885	0.000000
-6.858680	0.000000
0.116745	0.000000
2.532040	0.000000
-1.142889	0.000000
-0.328235	0.000000
-0.306191	0.000000
-1.009329	0.000000
-0.774761	0.000000
0.970856	0.000000
0.827784	0.000000
-0.523861	0.000000
-0.650468	0.000000
-0.829812	0.000000
-0.497341	0.000000
0.550614	0.000000
-0.492687	0.000000
-0.189113	0.000000
0.042091	0.000000
0.178080	0.000000
0.342602	0.000000
0.757901	0.000000
0.665740	0.000000
-0.021037	0.000000
-1.460716	0.000000
1.118374	0.000000
-0.704306	0.000000
-0.181380	0.000000
-0.368038	0.000000
-1.095759	0.000000
-0.234181	0.000000
0.593726	0.000000
0.305490	0.000000
0.395001	0.000000
-0.213679	0.000000
0.634884	0.000000
-0.814651	0.000000
0.721582	0.000000
0.153589	0.000000
1.080303	0.000000
-0.244410	0.000000
0.360329	0.000000
0.506179	0.000000
0.093783	0.000000
0.412450	0.000000
-0.081325	0.000000
-0.109033	0.000000
-0.069754	0.000000
-0.871840	0.000000
0.033574	0.000000
0.602218	0.000000
0.490248	0.000000
-0.232262	0.000000
0.037646	0.000000
-0.450987	0.000000
0.299704	0.000000
0.880483	0.000000
0.150318	0.000000
0.602049	0.000000
0.271899	0.000000
0.697819	0.000000
0.120217	0.000000
-2.535686	0.000000
-0.224825	0.000000
-0.604017	0.000000
-0.032759	0.000000
0.796616	0.000000
1.261939	0.000000
0.409156	0.000000
-0.549961	0.000000
-0.323815	0.000000
-0.127760	0.000000
-0.623439	0.000000
-1.009978	0.000000
-1.305585	0.000000
1.457223	0.000000
-1.525084	0.000000
-0.459566	0.000000
0.230936	0.000000
-1.921980	0.000000
2.186055	0.000000
1.736474	0.000000
1.679635	0.000000
-0.084562	0.000000
0.190647	0.000000
0.794633	0.000000
-0.333419	0.000000
0.000007	0.000000
2.096105	0.000000
-1.540115	0.000000
0.338542	0.000000
-0.815639	0.000000
-0.083014	0.000000
0.921872	0.000000
0.155461	0.000000
1.745205	0.000000
1.043245	0.000000
-0.832341	0.000000
-0.501103	0.000000
0.707739	0.000000
-0.733241	0.000000
0.540299	0.000000
0.968278	0.000000
-0.280885	0.000000
-1.133930	0.000000
-0.379533	0.000000
0.405544	0.000000
0.410277	0.000000
0.472748	0.000000
-0.033466	0.000000
-0.300746	0.000000
0.521037	0.000000
0.319520	0.000000
0.375522	0.000000
0.000034	0.000000
0.224922	0.000000
0.242183	0.000000
0.180391	0.000000
0.000058	0.000000
-0.469550	0.000000
0.587818	0.000000
1.157721	0.000000
-0.670352	0.000000
-3.516492	0.000000
0.114463	0.000000
-0.547053	0.000000
-0.888303	0.000000
-0.035727	0.000000
0.947200	0.000000
-0.291132	0.000000
0.359907	0.000000
0.230019	0.000000
-0.053968	0.000000
-1.010146	0.000000
0.211449	0.000000
0.712320	0.000000
0.140964	0.000000
-0.513800	0.000000
-0.178320	0.000000
0.925548	0.000000
-0.921507	0.000000
-1.010015	0.000000
1.014258	0.000000
0.338902	0.000000
0.063651	0.000000
0.264992	0.000000
-0.593257	0.000000
-0.011272	0.000000
-0.736254	0.000000
1.155451	0.000000
-0.963266	0.000000
0.222774	0.000000
0.222356	0.000000
0.329185	0.000000
0.479214	0.000000
-0.317145	0.000000
-0.586645	0.000000
-1.525925	0.000000
-0.234373	0.000000
1.191742	0.000000
0.611706	0.000000
-0.067354	0.000000
-0.835899	0.000000
0.164201	0.000000
-0.803900	0.000000
-0.447229	0.000000
-0.140171	0.000000
-0.061074	0.000000
-1.635135	0.000000
0.670507	0.000000
1.204185	0.000000
1.960784	0.000000
-0.783944	0.000000
-1.051335	0.000000
-0.125229	0.000000
0.649386	0.000000
0.220157	0.000000
0.751408	0.000000
0.733641	0.000000
0.420236	0.000000
0.312321	0.000000
-0.600637	0.000000
-0.699390	0.000000
-0.112465	0.000000
-6.580511	0.000000
0.120410	0.000000
0.061420	0.000000
-0.504509	0.000000
0.150803	0.000000
0.598666	0.000000
-0.443764	0.000000
1.878495	0.000000
-0.271015	0.000000
0.793887	0.000000
-0.136708	0.000000
-0.291222	0.000000
1.759802	0.000000
1.974522	0.000000
-0.388332	0.000000
-0.344056	0.000000
0.869203	0.000000
1.483790	0.000000
-0.348386	0.000000
-0.783452	0.000000
-0.285812	0.000000
1.883498	0.000000
-0.519230	0.000000
-0.759757	0.000000
-1.359534	0.000000
-0.236857	0.000000
1.171896	0.000000
1.038627	0.000000
-0.610527	0.000000
-0.427617	0.000000
0.349687	0.000000
0.888563	0.000000
0.000129	0.000000
-0.027633	0.000000
-0.161605	0.000000
1.080110	0.000000
0.326211	0.000000
1.418066	0.000000
1.166181	0.000000
0.702768	0.000000
0.927948	0.000000
0.745595	0.000000
0.015708	0.000000
-0.174498	0.000000
0.254585	0.000000
0.044763	0.000000
1.304484	0.000000
1.654356	0.000000
-2.062206	0.000000
-0.638216	0.000000
-0.350804	0.000000
0.649233	0.000000
-0.605309	0.000000
1.021730	0.000000
0.714827	0.000000
1.013371	0.000000
0.606122	0.000000
0.021850	0.000000
-1.136467	0.000000
-0.843727	0.000000
0.440997	0.000000
-6.827775	0.000000
0.643532	0.000000
0.432793	0.000000
1.528614	0.000000
0.695707	0.000000
-0.263840	0.000000
-0.025526	0.000000
1.545567	0.000000
0.000293	0.000000
0.074662	0.000000
0.356359	0.000000
0.351967	0.000000
0.162489	0.000000
0.157442	0.000000
-0.071065	0.000000
0.289879	0.000000
0.726291	0.000000
0.443712	0.000000
-0.465793	0.000000
1.778735	0.000000
-1.147690	0.000000
-1.334978	0.000000
0.079388	0.000000
-0.141417	0.000000
0.148296	0.000000
0.312649	0.000000
0.556711	0.000000
0.777411	0.000000
0.329232	0.000000
0.239634	0.000000
-1.522908	0.000000
0.521639	0.000000
0.804966	0.000000
0.097007	0.000000
0.149195	0.000000
0.163281	0.000000
0.247773	0.000000
1.166161	0.000000
1.194855	0.000000
0.804251	0.000000
-0.433765	0.000000
-0.015563	0.000000
0.218246	0.000000
-1.198977	0.000000
-0.469298	0.000000
0.836297	0.000000
0.336977	0.000000
0.058295	0.000000
1.502293	0.000000
0.150408	0.000000
-1.672556	0.000000
-0.572228	0.000000
1.532289	0.000000
0.056490	0.000000
0.642692	0.000000
0.293993	0.000000
0.415030	0.000000
0.932842	0.000000
-0.168639	0.000000
0.865554	0.000000
0.350158	0.000000
-2.419712	0.000000
-0.504698	0.000000
0.473733	0.000000
-0.420543	0.000000
0.120004	0.000000
0.230076	0.000000
0.433901	0.000000
-0.216253	0.000000
0.236315	0.000000
0.259300	0.000000
0.258158	0.000000
-0.676005	0.000000
-0.797612	0.000000
0.545821	0.000000
0.395156	0.000000
-0.189338	0.000000
0.380517	0.000000
0.063690	0.000000
-0.317529	0.000000
-0.500071	0.000000
0.074517	0.000000
-0.294824	0.000000
-2.350605	0.000000
0.355774	0.000000
0.416843	0.000000
0.148539	0.000000
0.860787	0.000000
0.691251	0.000000
-0.278418	0.000000
-0.697989	0.000000
-1.238484	0.000000
-1.026463	0.000000
0.024330	0.000000
-0.521240	0.000000
-0.366627	0.000000
-0.044838	0.000000
0.044222	0.000000
0.234401	0.000000
-0.061676	0.000000
-0.176123	0.000000
-0.171394	0.000000
0.384102	0.000000
-0.036300	0.000000
0.078337	0.000000
0.735818	0.000000
1.164367	0.000000
-1.713560	0.000000
-0.863399	0.000000
0.050218	0.000000
0.674143	0.000000
0.066136	0.000000
1.532559	0.000000
0.695989	0.000000
0.296615	0.000000
-0.587467	0.000000
-0.152900	0.000000
0.641512	0.000000
0.168936	0.000000
0.212318	0.000000
0.054788	0.000000
-0.152869	0.000000
-2.884205	0.000000
-1.097750	0.000000
0.663480	0.000000
0.191940	0.000000
-0.434389	0.000000
0.244150	0.000000
0.577391	0.000000
-0.410208	0.000000
0.939096	0.000000
-0.539461	0.000000
-0.297351	0.000000
-0.482788	0.000000
0.462753	0.000000
0.553177	0.000000
-0.063088	0.000000
-0.189926	0.000000
-0.931722	0.000000
-0.190446	0.000000
0.206082	0.000000
1.854693	0.000000
0.850614	0.000000
0.141842	0.000000
1.333047	0.000000
0.104336	0.000000
-1.038160	0.000000
-0.194264	0.000000
0.757279	0.000000
0.200781	0.000000
0.158662	0.000000
0.358834	0.000000
-0.832239	0.000000
-0.234360	0.000000
-0.335118	0.000000
1.304233	0.000000
-0.832597	0.000000
-0.835996	0.000000
-0.140469	0.000000
1.010369	0.000000
1.098101	0.000000
0.093649	0.000000
-0.008668	0.000000
1.453869	0.000000
0.134107	0.000000
-0.501324	0.000000
-0.030582	0.000000
-0.290185	0.000000
0.863820	0.000000
0.175535	0.000000
0.599237	0.000000
0.385210	0.000000
-0.811135	0.000000
0.583069	0.000000
-0.098676	0.000000
1.028368	0.000000
0.240377	0.000000
-0.349624	0.000000
0.787789	0.000000
0.261366	0.000000
0.503434	0.000000
0.704725	0.000000
-0.432326	0.000000
-4.843505	0.000000
0.404585	0.000000
0.156022	0.000000
-0.460009	0.000000
0.786442	0.000000
0.649710	0.000000
0.435325	0.000000
1.036326	0.000000
-0.609953	0.000000
-1.595692	0.000000
0.199494	0.000000
-0.521936	0.000000
0.000023	0.000000
-0.441709	0.000000
-1.140628	0.000000
1.799976	0.000000
0.667133	0.000000
-0.823837	0.000000
-1.335123	0.000000
1.100146	0.000000
-0.084711	0.000000
0.029843	0.000000
-0.390406	0.000000
0.037347	0.000000
-0.166372	0.000000
-1.250738	0.000000
-0.084159	0.000000
-0.285392	0.000000
0.326043	0.000000
1.942456	0.000000
0.856873	0.000000
-1.750176	0.000000
0.204170	0.000000
0.922850	0.000000
0.154151	0.000000
-0.280913	0.000000
-0.721559	0.000000
-0.474336	0.000000
-0.265017	0.000000
-0.270481	0.000000
-0.690327	0.000000
-0.301630	0.000000
0.903244	0.000000
-0.490133	0.000000
2.817624	0.000000
-1.201260	0.000000
-0.827110	0.000000
0.100124	0.000000
0.121067	0.000000
-0.360321	0.000000
0.733694	0.000000
-0.642288	0.000000
0.275490	0.000000
0.436888	0.000000
0.641404	0.000000
-0.815616	0.000000
0.979734	0.000000
0.984903	0.000000
-0.888136	0.000000
1.297969	0.000000
0.775072	0.000000
-5.985970	0.000000
-0.263834	0.000000
0.600678	0.000000
1.165900	0.000000
0.288704	0.000000
-0.609249	0.000000
-0.388493	0.000000
2.581123	0.000000
3.056462	0.000000
1.469481	0.000000
1.162842	0.000000
0.184533	0.000000
2.051926	0.000000
1.014148	0.000000
0.190790	0.000000
-0.698520	0.000000
1.059598	0.000000
0.853180	0.000000
0.034101	0.000000
-0.339868	0.000000
0.029694	0.000000
1.275903	0.000000
1.001678	0.000000
1.165987	0.000000
-1.250476	0.000000
0.077761	0.000000
-0.793177	0.000000
0.032685	0.000000
-0.943462	0.000000
1.236781	0.000000
-0.670089	0.000000
-0.814820	0.000000
3.173498	0.000000
1.408213	0.000000
1.054275	0.000000
0.948515	0.000000
0.176344	0.000000
0.015668	0.000000
-0.113417	0.000000
-1.344595	0.000000
-0.893867	0.000000
1.605495	0.000000
1.041808	0.000000
0.958539	0.000000
-0.150046	0.000000
1.128091	0.000000
0.249832	0.000000
0.990626	0.000000
2.493879	0.000000
0.037779	0.000000
1.186296	0.000000
0.330679	0.000000
0.688103	0.000000
-0.786900	0.000000
1.800709	0.000000
-0.865338	0.000000
-0.623586	0.000000
0.796744	0.000000
1.910929	0.000000
1.528501	0.000000
-1.019199	0.000000
-6.813698	0.000000
