0.012316	0.000000
0.083033	0.000000
0.128666	0.000000
0.073752	0.000000
3.625024	0.000000
0.161243	0.000000
0.068660	0.000000
0.188455	0.000000
0.068846	0.000000
0.029079	0.000000
0.301444	0.000000
0.122328	0.000000
0.111623	0.000000
0.030012	0.000000
0.156512	0.000000
0.083005	0.000000
0.116831	0.000000
0.181894	0.000000
0.450089	0.000000
0.271945	0.000000
0.573828	0.000000
0.378654	0.000000
0.227527	0.000000
0.170392	0.000000
0.339581	0.000000
1.390947	0.000000
1.038954	0.000000
0.047393	0.000000
0.129233	0.000000
0.421387	0.000000
1.225149	0.000000
0.069852	0.000000
0.623124	0.000000
0.344764	0.000000
0.110950	0.000000
0.654499	0.000000
0.236888	0.000000
0.046745	0.000000
0.079476	0.000000
0.043463	0.000000
0.287526	0.000000
0.230616	0.000000
0.757668	0.000000
0.229044	0.000000
0.648768	0.000000
0.024400	0.000000
0.207658	0.000000
0.148707	0.000000
0.213925	0.000000
0.664110	0.000000
0.386469	0.000000
0.160408	0.000000
0.132274	0.000000
-1.301979	0.000000
0.083061	0.000000
0.034100	0.000000
0.139934	0.000000
0.804129	0.000000
0.427230	0.000000
0.043536	0.000000
0.310873	0.000000
0.010160	0.000000
0.495787	0.000000
6.543923	0.000000
0.833985	0.000000
0.289680	0.000000
3.727072	0.000000
0.460323	0.000000
0.246514	0.000000
0.286898	0.000000
0.265178	0.000000
0.203117	0.000000
0.901076	0.000000
0.044022	0.000000
0.046607	0.000000
0.031250	0.000000
0.052643	0.000000
0.104522	0.000000
0.534416	0.000000
0.403926	0.000000
2.708513	0.000000
0.084217	0.000000
0.089011	0.000000
-0.405653	0.000000
0.048099	0.000000
0.937947	0.000000
1.386874	0.000000
0.016505	0.000000
0.051057	0.000000
0.072106	0.000000
0.037405	0.000000
0.877706	0.000000
0.090184	0.000000
0.043448	0.000000
0.078267	0.000000
0.060486	0.000000
0.028991	0.000000
0.190463	0.000000
7.716726	0.000000
0.132415	0.000000
3.189952	0.000000
0.297256	0.000000
0.374071	0.000000
0.061311	0.000000
0.970307	0.000000
0.022038	0.000000
0.431697	0.000000
0.378171	0.000000
0.516360	0.000000
1.073218	0.000000
0.093624	0.000000
0.050395	0.000000
0.047640	0.000000
0.116470	0.000000
0.161963	0.000000
0.030224	0.000000
0.139936	0.000000
0.611084	0.000000
3.713101	0.000000
0.400609	0.000000
-0.053071	0.000000
0.414504	0.000000
0.003697	0.000000
1.538379	0.000000
1.370318	0.000000
0.231944	0.000000
0.057611	0.000000
0.968422	0.000000
0.649807	0.000000
0.074260	0.000000
0.297134	0.000000
0.555385	0.000000
0.615347	0.000000
0.502134	0.000000
0.024796	0.000000
0.167519	0.000000
0.220205	0.000000
4.568968	0.000000
0.316236	0.000000
0.043210	0.000000
0.299251	0.000000
0.098726	0.000000
0.238806	0.000000
0.294006	0.000000
0.066132	0.000000
0.664256	0.000000
0.217914	0.000000
0.041761	0.000000
0.788691	0.000000
0.099846	0.000000
0.099621	0.000000
0.051894	0.000000
0.627941	0.000000
0.052729	0.000000
0.095577	0.000000
0.204308	0.000000
0.034883	0.000000
0.048396	0.000000
1.011899	0.000000
0.235175	0.000000
-0.139968	0.000000
0.156341	0.000000
0.959807	0.000000
0.133426	0.000000
0.704805	0.000000
6.550168	0.000000
0.377054	0.000000
0.870247	0.000000
0.810743	0.000000
1.114718	0.000000
0.103112	0.000000
0.751405	0.000000
3.342289	0.000000
0.132376	0.000000
0.067968	0.000000
0.168265	0.000000
0.086179	0.000000
0.476564	0.000000
1.628582	0.000000
0.692527	0.000000
0.075216	0.000000
2.599975	0.000000
0.513516	0.000000
0.012020	0.000000
1.359452	0.000000
0.238238	0.000000
0.065231	0.000000
0.270656	0.000000
0.263355	0.000000
0.012368	0.000000
0.151637	0.000000
0.049303	0.000000
-0.153579	0.000000
0.825701	0.000000
0.032654	0.000000
0.204332	0.000000
0.255855	0.000000
0.687653	0.000000
0.341607	0.000000
0.117617	0.000000
0.050348	0.000000
0.028133	0.000000
0.137589	0.000000
0.115900	0.000000
0.036109	0.000000
0.515361	0.000000
-0.135751	0.000000
0.055322	0.000000
0.216578	0.000000
0.156061	0.000000
0.046454	0.000000
-1.769671	0.000000
0.315870	0.000000
0.069392	0.000000
0.107629	0.000000
0.166688	0.000000
0.215766	0.000000
0.096657	0.000000
0.974486	0.000000
0.031431	0.000000
-0.671194	0.000000
0.110508	0.000000
6.078592	0.000000
0.195914	0.000000
-0.095663	0.000000
0.055494	0.000000
3.522629	0.000000
0.849927	0.000000
0.623507	0.000000
1.277229	0.000000
0.046300	0.000000
0.756389	0.000000
0.090181	0.000000
1.726386	0.000000
0.245859	0.000000
0.007289	0.000000
0.321113	0.000000
0.029050	0.000000
1.459287	0.000000
0.134030	0.000000
0.487531	0.000000
0.120915	0.000000
0.043808	0.000000
0.234942	0.000000
0.041449	0.000000
1.617175	0.000000
0.015463	0.000000
1.296079	0.000000
0.429510	0.000000
0.027399	0.000000
0.111832	0.000000
0.243472	0.000000
0.203216	0.000000
0.454915	0.000000
0.044976	0.000000
0.040110	0.000000
0.058021	0.000000
0.424203	0.000000
0.307416	0.000000
0.064945	0.000000
0.096247	0.000000
0.167722	0.000000
0.761611	0.000000
0.095313	0.000000
0.086288	0.000000
0.501038	0.000000
0.197971	0.000000
0.157641	0.000000
-0.034953	0.000000
0.088018	0.000000
0.080617	0.000000
-0.036915	0.000000
0.319148	0.000000
0.142369	0.000000
0.026780	0.000000
0.084246	0.000000
1.435722	0.000000
0.032353	0.000000
0.035017	0.000000
0.138585	0.000000
0.114900	0.000000
0.067166	0.000000
0.201926	0.000000
0.200324	0.000000
1.265553	0.000000
0.078380	0.000000
0.209149	0.000000
-0.101269	0.000000
1.048573	0.000000
1.096702	0.000000
0.070477	0.000000
-0.040624	0.000000
0.334849	0.000000
-0.047978	0.000000
0.046616	0.000000
-0.018716	0.000000
0.404966	0.000000
0.664349	0.000000
1.175110	0.000000
0.028494	0.000000
0.446327	0.000000
0.539867	0.000000
0.172084	0.000000
0.212718	0.000000
-1.525720	0.000000
0.019422	0.000000
0.100374	0.000000
0.495946	0.000000
0.459040	0.000000
0.054893	0.000000
0.220211	0.000000
0.418226	0.000000
0.162034	0.000000
0.037680	0.000000
0.018864	0.000000
4.637154	0.000000
0.095421	0.000000
1.385555	0.000000
0.157587	0.000000
0.238938	0.000000
4.869639	0.000000
0.235625	0.000000
0.863967	0.000000
0.174419	0.000000
0.020924	0.000000
0.277623	0.000000
0.122244	0.000000
0.021377	0.000000
0.408695	0.000000
0.539498	0.000000
0.054629	0.000000
0.304046	0.000000
0.361601	0.000000
0.049832	0.000000
0.100950	0.000000
0.940472	0.000000
0.066779	0.000000
0.028140	0.000000
0.023452	0.000000
0.312298	0.000000
0.313863	0.000000
0.176127	0.000000
0.290303	0.000000
0.227537	0.000000
5.879113	0.000000
0.074774	0.000000
0.427553	0.000000
0.144338	0.000000
0.324154	0.000000
0.232677	0.000000
-0.086328	0.000000
0.233147	0.000000
-0.198999	0.000000
0.289180	0.000000
0.221678	0.000000
0.027349	0.000000
0.396071	0.000000
0.242587	0.000000
2.834215	0.000000
0.149334	0.000000
0.496522	0.000000
2.781191	0.000000
0.064559	0.000000
0.396545	0.000000
0.095368	0.000000
0.196080	0.000000
0.005539	0.000000
-0.260938	0.000000
0.222244	0.000000
0.067545	0.000000
0.384006	0.000000
1.673967	0.000000
0.890691	0.000000
0.348587	0.000000
0.602916	0.000000
0.071707	0.000000
0.078713	0.000000
0.443392	0.000000
0.222999	0.000000
0.545955	0.000000
0.394185	0.000000
0.334473	0.000000
0.104198	0.000000
0.622771	0.000000
0.074585	0.000000
0.874183	0.000000
0.018088	0.000000
0.058645	0.000000
0.145151	0.000000
0.333168	0.000000
0.161122	0.000000
0.102790	0.000000
1.260683	0.000000
0.068701	0.000000
0.162728	0.000000
0.008154	0.000000
1.516402	0.000000
0.062086	0.000000
1.002550	0.000000
7.254804	0.000000
-0.393676	0.000000
0.475760	0.000000
0.325951	0.000000
1.630297	0.000000
2.650955	0.000000
0.033950	0.000000
0.213725	0.000000
0.267284	0.000000
1.912001	0.000000
0.914940	0.000000
0.042447	0.000000
-0.002121	0.000000
0.136731	0.000000
0.135547	0.000000
0.074512	0.000000
0.055447	0.000000
0.219648	0.000000
0.454959	0.000000
0.798065	0.000000
1.352792	0.000000
0.447100	0.000000
-0.028008	0.000000
0.525804	0.000000
0.229668	0.000000
3.783593	0.000000
0.265912	0.000000
0.149347	0.000000
0.001892	0.000000
0.262273	0.000000
0.028174	0.000000
0.096412	0.000000
1.103595	0.000000
0.277751	0.000000
0.075566	0.000000
0.077667	0.000000
0.390763	0.000000
0.048100	0.000000
-0.012841	0.000000
0.089877	0.000000
0.677815	0.000000
0.169215	0.000000
-0.302553	0.000000
0.190208	0.000000
5.648096	0.000000
0.117012	0.000000
0.659190	0.000000
0.243451	0.000000
0.061958	0.000000
1.945522	0.000000
3.109845	0.000000
0.156730	0.000000
0.271790	0.000000
4.197767	0.000000
2.323570	0.000000
0.089435	0.000000
0.016494	0.000000
0.109177	0.000000
0.106098	0.000000
0.013199	0.000000
0.112631	0.000000
0.797701	0.000000
-0.050125	0.000000
0.063525	0.000000
2.251443	0.000000
0.391645	0.000000
0.019624	0.000000
0.354475	0.000000
0.390484	0.000000
0.661330	0.000000
2.990439	0.000000
-0.225182	0.000000
0.061242	0.000000
0.380420	0.000000
0.100506	0.000000
0.323250	0.000000
0.132009	0.000000
0.772631	0.000000
0.039133	0.000000
1.148212	0.000000
0.068044	0.000000
0.158052	0.000000
0.081735	0.000000
0.409055	0.000000
0.082122	0.000000
1.630395	0.000000
0.390870	0.000000
0.025230	0.000000
0.156876	0.000000
0.024229	0.000000
0.013949	0.000000
0.174486	0.000000
0.419045	0.000000
0.092833	0.000000
0.113669	0.000000
0.064457	0.000000
0.047361	0.000000
0.507753	0.000000
0.541462	0.000000
0.220676	0.000000
0.129048	0.000000
0.216288	0.000000
0.110307	0.000000
0.078666	0.000000
1.353764	0.000000
0.115314	0.000000
0.322817	0.000000
0.664748	0.000000
0.029275	0.000000
0.130478	0.000000
0.247126	0.000000
0.771713	0.000000
-0.021052	0.000000
1.263357	0.000000
0.033540	0.000000
0.075591	0.000000
0.053071	0.000000
-6.916436	0.000000
0.131240	0.000000
0.086218	0.000000
2.758713	0.000000
0.098804	0.000000
0.208317	0.000000
0.522099	0.000000
0.130845	0.000000
0.738558	0.000000
0.034748	0.000000
0.204864	0.000000
0.220475	0.000000
1.336630	0.000000
0.525812	0.000000
0.051974	0.000000
0.258402	0.000000
0.119822	0.000000
0.200750	0.000000
1.794496	0.000000
0.024253	0.000000
0.037938	0.000000
0.464671	0.000000
1.018360	0.000000
0.092083	0.000000
0.078258	0.000000
0.330808	0.000000
0.133273	0.000000
0.073769	0.000000
0.477170	0.000000
0.245814	0.000000
0.050738	0.000000
0.227328	0.000000
-0.074606	0.000000
0.001194	0.000000
0.349696	0.000000
1.047495	0.000000
0.658536	0.000000
0.055644	0.000000
7.835239	0.000000
0.069621	0.000000
0.051775	0.000000
0.119002	0.000000
0.131895	0.000000
-0.041566	0.000000
0.277654	0.000000
0.162652	0.000000
0.172766	0.000000
0.790263	0.000000
3.784936	0.000000
0.362323	0.000000
0.478948	0.000000
0.146252	0.000000
0.113403	0.000000
0.100836	0.000000
0.051942	0.000000
0.185412	0.000000
1.096390	0.000000
0.035046	0.000000
0.021776	0.000000
-0.141260	0.000000
0.088824	0.000000
0.039222	0.000000
0.083811	0.000000
0.036010	0.000000
0.126530	0.000000
7.544962	0.000000
0.396936	0.000000
0.061976	0.000000
1.161680	0.000000
0.097339	0.000000
0.071283	0.000000
0.576818	0.000000
0.374675	0.000000
0.341252	0.000000
0.131760	0.000000
0.241762	0.000000
-0.087307	0.000000
0.151052	0.000000
0.120983	0.000000
0.041423	0.000000
0.156718	0.000000
0.441048	0.000000
-0.252275	0.000000
0.061006	0.000000
0.626791	0.000000
0.070926	0.000000
0.148275	0.000000
0.178829	0.000000
0.690663	0.000000
0.123694	0.000000
0.079022	0.000000
0.158591	0.000000
0.238039	0.000000
0.007881	0.000000
0.023067	0.000000
0.002527	0.000000
0.489983	0.000000
0.125656	0.000000
0.024219	0.000000
0.051623	0.000000
0.067305	0.000000
0.068233	0.000000
0.008618	0.000000
0.129843	0.000000
3.006614	0.000000
0.055197	0.000000
0.082538	0.000000
0.169156	0.000000
0.029043	0.000000
1.691582	0.000000
0.219384	0.000000
0.029437	0.000000
0.231587	0.000000
-0.105750	0.000000
0.072803	0.000000
0.138701	0.000000
2.293790	0.000000
0.023928	0.000000
-0.000197	0.000000
0.071684	0.000000
0.191307	0.000000
0.048073	0.000000
0.110834	0.000000
-0.225849	0.000000
0.167242	0.000000
0.082023	0.000000
0.084612	0.000000
4.688605	0.000000
0.126913	0.000000
0.045064	0.000000
0.240965	0.000000
0.183502	0.000000
-0.008272	0.000000
0.553789	0.000000
0.106751	0.000000
-0.058704	0.000000
0.273896	0.000000
0.239451	0.000000
0.088770	0.000000
0.018631	0.000000
0.224857	0.000000
0.617612	0.000000
0.718256	0.000000
0.188001	0.000000
0.103301	0.000000
0.057690	0.000000
0.136727	0.000000
0.171643	0.000000
1.288817	0.000000
0.230147	0.000000
0.293308	0.000000
1.775932	0.000000
0.139779	0.000000
0.139626	0.000000
0.110426	0.000000
0.025142	0.000000
-0.078307	0.000000
0.109840	0.000000
0.057664	0.000000
0.092329	0.000000
0.053322	0.000000
1.733794	0.000000
0.204795	0.000000
5.481588	0.000000
0.132746	0.000000
0.090174	0.000000
0.091664	0.000000
0.166531	0.000000
-0.016435	0.000000
0.304248	0.000000
0.305676	0.000000
0.031117	0.000000
0.055944	0.000000
0.375342	0.000000
0.211866	0.000000
0.332819	0.000000
0.109094	0.000000
0.091246	0.000000
0.128367	0.000000
0.111262	0.000000
0.086779	0.000000
0.005684	0.000000
0.037221	0.000000
0.113591	0.000000
0.380603	0.000000
0.080478	0.000000
0.451585	0.000000
0.400197	0.000000
0.166566	0.000000
0.056755	0.000000
0.442201	0.000000
0.409134	0.000000
0.139205	0.000000
0.095933	0.000000
0.073600	0.000000
0.696451	0.000000
0.045009	0.000000
0.131883	0.000000
0.102582	0.000000
0.100361	0.000000
0.107694	0.000000
0.273728	0.000000
1.463093	0.000000
0.172425	0.000000
0.058591	0.000000
0.573162	0.000000
0.098622	0.000000
0.093384	0.000000
0.504000	0.000000
0.060905	0.000000
0.082447	0.000000
0.213096	0.000000
0.065788	0.000000
0.091167	0.000000
0.324827	0.000000
0.431281	0.000000
0.046310	0.000000
0.088647	0.000000
0.030475	0.000000
0.033444	0.000000
-0.121135	0.000000
0.065437	0.000000
0.177333	0.000000
0.064082	0.000000
0.990024	0.000000
0.257523	0.000000
0.082954	0.000000
0.445510	0.000000
0.220015	0.000000
0.377455	0.000000
0.240178	0.000000
0.018324	0.000000
0.764786	0.000000
0.287403	0.000000
0.009109	0.000000
0.241020	0.000000
0.805849	0.000000
0.069368	0.000000
0.055959	0.000000
0.036675	0.000000
-0.029381	0.000000
0.054133	0.000000
0.100668	0.000000
0.292515	0.000000
0.058236	0.000000
0.063870	0.000000
0.151397	0.000000
0.109860	0.000000
0.085054	0.000000
0.045103	0.000000
0.286414	0.000000
0.282810	0.000000
1.124207	0.000000
0.737283	0.000000
0.169841	0.000000
0.922273	0.000000
0.125291	0.000000
0.166829	0.000000
0.029909	0.000000
0.039982	0.000000
0.140181	0.000000
0.892586	0.000000
0.465065	0.000000
0.110749	0.000000
0.191584	0.000000
0.076064	0.000000
0.374319	0.000000
1.283469	0.000000
5.365007	0.000000
0.044851	0.000000
0.247959	0.000000
0.070560	0.000000
0.211083	0.000000
0.044209	0.000000
0.353171	0.000000
0.236827	0.000000
0.394758	0.000000
0.006162	0.000000
0.084061	0.000000
0.151959	0.000000
0.076152	0.000000
0.067511	0.000000
1.350098	0.000000
0.143640	0.000000
0.283024	0.000000
0.193222	0.000000
0.151907	0.000000
0.099681	0.000000
6.893015	0.000000
0.306826	0.000000
0.154453	0.000000
4.559059	0.000000
0.160558	0.000000
0.450181	0.000000
0.024872	0.000000
0.414238	0.000000
0.101764	0.000000
0.128751	0.000000
0.720839	0.000000
5.763006	0.000000
-0.035882	0.000000
0.056085	0.000000
0.028541	0.000000
0.051853	0.000000
-0.090044	0.000000
0.361310	0.000000
0.097457	0.000000
0.196757	0.000000
0.266769	0.000000
0.055682	0.000000
0.238602	0.000000
0.648610	0.000000
0.361274	0.000000
0.266033	0.000000
0.110366	0.000000
0.151537	0.000000
0.218388	0.000000
-0.119508	0.000000
0.122457	0.000000
0.060010	0.000000
0.356603	0.000000
0.334492	0.000000
0.825872	0.000000
0.273696	0.000000
0.361448	0.000000
0.044350	0.000000
0.099118	0.000000
0.217924	0.000000
0.804233	0.000000
0.096562	0.000000
0.870989	0.000000
0.310809	0.000000
0.857855	0.000000
6.682639	0.000000
0.173188	0.000000
0.625769	0.000000
0.715183	0.000000
-0.069886	0.000000
0.003886	0.000000
0.099924	0.000000
0.620062	0.000000
0.542641	0.000000
0.263042	0.000000
0.079341	0.000000
0.216580	0.000000
0.584789	0.000000
0.050794	0.000000
-1.085397	0.000000
0.023025	0.000000
2.174935	0.000000
0.067183	0.000000
0.079182	0.000000
0.101227	0.000000
0.894776	0.000000
0.067061	0.000000
4.959806	0.000000
0.284765	0.000000
0.171920	0.000000
-0.028722	0.000000
-0.028236	0.000000
0.093451	0.000000
0.043094	0.000000
0.189417	0.000000
0.116762	0.000000
0.295518	0.000000
0.194683	0.000000
0.348784	0.000000
0.487292	0.000000
1.306212	0.000000
0.143752	0.000000
0.196184	0.000000
1.680344	0.000000
0.149674	0.000000
1.163095	0.000000
0.148886	0.000000
0.446414	0.000000
0.215323	0.000000
0.067391	0.000000
0.354832	0.000000
0.085853	0.000000
0.102345	0.000000
0.592960	0.000000
0.709682	0.000000
0.498304	0.000000
0.369065	0.000000
0.016589	0.000000
0.067292	0.000000
0.583408	0.000000
0.074863	0.000000
3.627239	0.000000
0.033709	0.000000
2.373160	0.000000
0.090740	0.000000
0.017796	0.000000
0.100301	0.000000
-0.154380	0.000000
-0.072998	0.000000
0.294263	0.000000
0.023569	0.000000
0.007616	0.000000
0.122972	0.000000
0.150439	0.000000
0.010910	0.000000
2.147200	0.000000
0.207556	0.000000
0.059382	0.000000
0.169551	0.000000
0.182851	0.000000
0.077080	0.000000
0.489392	0.000000
0.317640	0.000000
6.376191	0.000000
0.056431	0.000000
0.115806	0.000000
0.039336	0.000000
0.122330	0.000000
0.127220	0.000000
0.031233	0.000000
0.019178	0.000000
0.026327	0.000000
0.041772	0.000000
0.232553	0.000000
0.062401	0.000000
0.072138	0.000000
0.279270	0.000000
0.119394	0.000000
0.201011	0.000000
0.620957	0.000000
-0.531578	0.000000
0.405415	0.000000
0.106841	0.000000
0.047793	0.000000
0.568845	0.000000
1.821652	0.000000
0.124645	0.000000
0.101121	0.000000
0.071249	0.000000
0.143769	0.000000
0.526779	0.000000
0.051304	0.000000
0.188556	0.000000
1.248581	0.000000
1.341856	0.000000
0.152707	0.000000
0.464576	0.000000
0.018391	0.000000
0.184315	0.000000
0.589565	0.000000
0.373321	0.000000
0.123892	0.000000
0.054094	0.000000
0.113882	0.000000
1.276754	0.000000
0.007705	0.000000
0.116236	0.000000
0.103018	0.000000
5.589898	0.000000
0.086334	0.000000
0.105803	0.000000
0.083526	0.000000
0.010688	0.000000
2.202162	0.000000
2.754462	0.000000
3.455938	0.000000
0.186227	0.000000
0.096732	0.000000
0.029185	0.000000
0.049798	0.000000
-0.000894	0.000000
0.872421	0.000000
0.297849	0.000000
0.034220	0.000000
0.444024	0.000000
0.226550	0.000000
0.102938	0.000000
0.103248	0.000000
0.307715	0.000000
0.060570	0.000000
0.114301	0.000000
0.020943	0.000000
0.209199	0.000000
0.074652	0.000000
0.059220	0.000000
0.035687	0.000000
0.370118	0.000000
0.086255	0.000000
0.436699	0.000000
0.055179	0.000000
0.988805	0.000000
0.023878	0.000000
0.408070	0.000000
-0.129633	0.000000
0.261854	0.000000
0.369479	0.000000
0.053160	0.000000
0.186008	0.000000
0.167455	0.000000
0.298964	0.000000
0.251970	0.000000
0.211806	0.000000
0.305229	0.000000
1.030585	0.000000
-0.186050	0.000000
0.114611	0.000000
0.097611	0.000000
0.097571	0.000000
3.735163	0.000000
2.529909	0.000000
1.418335	0.000000
1.226540	0.000000
0.345668	0.000000
0.109750	0.000000
1.327017	0.000000
0.028659	0.000000
0.048324	0.000000
2.637788	0.000000
0.533004	0.000000
0.035270	0.000000
-0.050271	0.000000
0.107765	0.000000
1.110628	0.000000
0.013354	0.000000
0.794436	0.000000
0.028917	0.000000
0.356572	0.000000
0.197121	0.000000
0.096355	0.000000
0.243649	0.000000
0.046371	0.000000
0.837792	0.000000
1.657281	0.000000
0.028153	0.000000
0.519527	0.000000
-0.143934	0.000000
0.142395	0.000000
0.212025	0.000000
0.346999	0.000000
0.064109	0.000000
0.114727	0.000000
0.902308	0.000000
0.058032	0.000000
0.315048	0.000000
0.081436	0.000000
0.670002	0.000000
0.146295	0.000000
0.104775	0.000000
0.718522	0.000000
0.136917	0.000000
-0.148709	0.000000
0.023439	0.000000
0.057137	0.000000
3.556383	0.000000
0.398184	0.000000
0.137377	0.000000
0.105712	0.000000
0.650646	0.000000
0.202386	0.000000
0.191132	0.000000
0.100495	0.000000
0.046139	0.000000
0.443678	0.000000
0.217938	0.000000
1.601201	0.000000
0.084063	0.000000
0.320229	0.000000
0.063977	0.000000
0.173810	0.000000
0.156854	0.000000
0.224542	0.000000
0.089256	0.000000
0.119472	0.000000
0.159711	0.000000
0.226724	0.000000
-0.009766	0.000000
0.079251	0.000000
0.011400	0.000000
0.243632	0.000000
0.358298	0.000000
0.025765	0.000000
0.038201	0.000000
0.535216	0.000000
0.320976	0.000000
0.022411	0.000000
0.097359	0.000000
0.866424	0.000000
0.430855	0.000000
0.481382	0.000000
0.196097	0.000000
0.126467	0.000000
4.857412	0.000000
-0.164767	0.000000
0.030856	0.000000
0.173331	0.000000
0.618287	0.000000
0.032041	0.000000
0.515654	0.000000
2.190337	0.000000
0.159856	0.000000
0.050438	0.000000
-0.006608	0.000000
0.118541	0.000000
0.104539	0.000000
0.061051	0.000000
-0.016384	0.000000
0.879955	0.000000
0.308356	0.000000
1.334499	0.000000
0.619147	0.000000
0.301173	0.000000
0.020059	0.000000
0.114675	0.000000
0.181693	0.000000
0.886124	0.000000
0.430769	0.000000
0.143022	0.000000
4.829733	0.000000
0.051314	0.000000
0.103894	0.000000
1.441492	0.000000
0.042489	0.000000
1.768143	0.000000
0.387124	0.000000
1.909951	0.000000
0.229989	0.000000
0.422186	0.000000
0.340552	0.000000
0.036267	0.000000
0.390389	0.000000
0.517358	0.000000
0.706657	0.000000
0.232216	0.000000
1.875200	0.000000
0.483330	0.000000
0.027905	0.000000
0.403136	0.000000
7.277350	0.000000
0.167250	0.000000
0.191025	0.000000
0.030546	0.000000
2.320837	0.000000
7.765351	0.000000
0.027818	0.000000
0.227098	0.000000
0.007350	0.000000
0.359462	0.000000
1.515101	0.000000
0.181636	0.000000
0.091527	0.000000
0.079758	0.000000
0.606534	0.000000
0.139811	0.000000
-0.051718	0.000000
0.077255	0.000000
0.454768	0.000000
0.045129	0.000000
0.343754	0.000000
0.494832	0.000000
0.189199	0.000000
0.097935	0.000000
0.035098	0.000000
0.082401	0.000000
0.099264	0.000000
0.121446	0.000000
0.114782	0.000000
0.350593	0.000000
0.148225	0.000000
0.468813	0.000000
0.134921	0.000000
0.397948	0.000000
-0.006864	0.000000
0.394277	0.000000
1.696176	0.000000
2.874309	0.000000
0.820846	0.000000
3.226137	0.000000
0.301613	0.000000
0.312799	0.000000
0.176500	0.000000
0.025938	0.000000
0.028397	0.000000
1.898824	0.000000
0.628597	0.000000
1.059210	0.000000
0.417662	0.000000
0.198891	0.000000
1.976975	0.000000
0.118345	0.000000
0.148256	0.000000
0.228264	0.000000
1.472371	0.000000
0.211831	0.000000
0.277911	0.000000
0.109564	0.000000
0.054630	0.000000
4.867626	0.000000
0.122493	0.000000
3.125572	0.000000
0.054549	0.000000
0.040929	0.000000
0.138665	0.000000
0.094618	0.000000
0.286268	0.000000
0.163365	0.000000
0.145703	0.000000
0.020566	0.000000
0.238833	0.000000
0.175533	0.000000
0.467038	0.000000
0.041509	0.000000
0.597835	0.000000
0.106572	0.000000
-0.007218	0.000000
5.307355	0.000000
0.563255	0.000000
0.297400	0.000000
0.146850	0.000000
0.197976	0.000000
0.166751	0.000000
0.028415	0.000000
-0.018006	0.000000
0.054276	0.000000
0.037080	0.000000
0.033948	0.000000
0.336065	0.000000
0.829352	0.000000
0.056568	0.000000
0.342214	0.000000
0.565543	0.000000
0.365338	0.000000
0.243283	0.000000
0.647790	0.000000
0.052893	0.000000
0.367742	0.000000
0.105654	0.000000
0.038911	0.000000
0.709066	0.000000
0.194664	0.000000
0.189749	0.000000
0.147764	0.000000
0.081400	0.000000
0.215703	0.000000
0.272398	0.000000
1.460349	0.000000
0.253052	0.000000
0.289096	0.000000
0.030493	0.000000
0.069150	0.000000
0.135430	0.000000
-0.384450	0.000000
0.273369	0.000000
0.124900	0.000000
1.618436	0.000000
0.084493	0.000000
0.040756	0.000000
0.225108	0.000000
0.099092	0.000000
0.883819	0.000000
0.045723	0.000000
0.065624	0.000000
0.057230	0.000000
0.067670	0.000000
0.064242	0.000000
0.687665	0.000000
2.411959	0.000000
0.359702	0.000000
0.012784	0.000000
0.107036	0.000000
0.098923	0.000000
0.330302	0.000000
0.064102	0.000000
0.171655	0.000000
0.056124	0.000000
0.086179	0.000000
0.244277	0.000000
0.070572	0.000000
0.181193	0.000000
0.357553	0.000000
0.064061	0.000000
4.913175	0.000000
0.053498	0.000000
0.045519	0.000000
0.270268	0.000000
0.170458	0.000000
-0.017442	0.000000
0.031728	0.000000
0.288969	0.000000
0.101509	0.000000
0.083659	0.000000
0.196668	0.000000
-0.003459	0.000000
0.148355	0.000000
1.092280	0.000000
0.797305	0.000000
0.136851	0.000000
0.186296	0.000000
0.066674	0.000000
0.089178	0.000000
0.188048	0.000000
0.165621	0.000000
0.038927	0.000000
0.124473	0.000000
1.747948	0.000000
0.653368	0.000000
0.288680	0.000000
0.321300	0.000000
0.046214	0.000000
0.137603	0.000000
0.221918	0.000000
1.929499	0.000000
0.552950	0.000000
0.059179	0.000000
1.105144	0.000000
0.059249	0.000000
0.032072	0.000000
0.222117	0.000000
0.194347	0.000000
0.547849	0.000000
0.101452	0.000000
0.030459	0.000000
0.134790	0.000000
0.094645	0.000000
0.098493	0.000000
0.951781	0.000000
0.076161	0.000000
0.291490	0.000000
0.224089	0.000000
0.010212	0.000000
0.192561	0.000000
0.080136	0.000000
0.575260	0.000000
0.150660	0.000000
0.070949	0.000000
0.057078	0.000000
0.719155	0.000000
0.016236	0.000000
0.760945	0.000000
0.126215	0.000000
0.227722	0.000000
0.099179	0.000000
0.414998	0.000000
0.097779	0.000000
0.041771	0.000000
0.068617	0.000000
0.072311	0.000000
2.050643	0.000000
0.040403	0.000000
0.616354	0.000000
0.289115	0.000000
0.181532	0.000000
4.496724	0.000000
0.309650	0.000000
0.160958	0.000000
0.487266	0.000000
0.409489	0.000000
0.068544	0.000000
0.560873	0.000000
0.268457	0.000000
1.672540	0.000000
0.547622	0.000000
0.029986	0.000000
0.193646	0.000000
0.493146	0.000000
0.682142	0.000000
0.742324	0.000000
0.134965	0.000000
0.307417	0.000000
0.078026	0.000000
0.210401	0.000000
0.108318	0.000000
0.042098	0.000000
0.170285	0.000000
1.910416	0.000000
0.712405	0.000000
0.364844	0.000000
0.128118	0.000000
0.085046	0.000000
0.669571	0.000000
0.159967	0.000000
0.158609	0.000000
0.044981	0.000000
-0.047223	0.000000
0.204880	0.000000
0.192962	0.000000
0.072423	0.000000
1.031437	0.000000
0.639615	0.000000
0.126262	0.000000
0.025552	0.000000
0.080883	0.000000
0.838024	0.000000
0.761368	0.000000
0.022504	0.000000
0.081078	0.000000
0.676589	0.000000
0.138793	0.000000
0.436458	0.000000
0.148621	0.000000
0.084672	0.000000
0.072775	0.000000
0.085277	0.000000
0.087025	0.000000
0.087907	0.000000
0.079589	0.000000
0.253741	0.000000
6.217859	0.000000
0.076139	0.000000
0.236619	0.000000
3.362047	0.000000
0.351610	0.000000
0.099904	0.000000
0.064608	0.000000
0.344172	0.000000
0.850205	0.000000
0.278747	0.000000
0.068602	0.000000
1.606470	0.000000
4.131626	0.000000
0.218324	0.000000
0.118299	0.000000
0.061821	0.000000
4.252719	0.000000
0.354886	0.000000
0.746860	0.000000
0.059626	0.000000
1.600066	0.000000
0.096582	0.000000
0.052078	0.000000
0.088758	0.000000
0.259546	0.000000
0.072984	0.000000
0.047034	0.000000
0.503675	0.000000
0.244975	0.000000
4.208620	0.000000
0.163461	0.000000
0.228254	0.000000
2.501492	0.000000
3.587403	0.000000
0.013282	0.000000
0.086435	0.000000
0.457376	0.000000
0.146584	0.000000
0.366008	0.000000
0.150404	0.000000
0.388229	0.000000
0.840213	0.000000
0.112423	0.000000
0.294939	0.000000
0.005695	0.000000
0.504682	0.000000
1.279897	0.000000
0.033676	0.000000
0.101489	0.000000
0.230280	0.000000
0.016673	0.000000
0.251794	0.000000
0.532164	0.000000
0.045624	0.000000
0.023778	0.000000
0.187400	0.000000
0.732885	0.000000
0.037082	0.000000
0.162168	0.000000
-0.063969	0.000000
0.766704	0.000000
-0.020294	0.000000
0.440147	0.000000
0.327141	0.000000
0.693344	0.000000
0.077263	0.000000
0.135819	0.000000
1.421419	0.000000
0.239543	0.000000
1.099371	0.000000
7.117391	0.000000
0.360074	0.000000
0.050277	0.000000
0.583056	0.000000
0.050986	0.000000
0.077810	0.000000
0.232998	0.000000
0.904672	0.000000
0.438585	0.000000
0.157637	0.000000
1.172093	0.000000
0.162111	0.000000
0.213006	0.000000
0.182653	0.000000
0.121972	0.000000
0.087322	0.000000
0.249180	0.000000
0.313015	0.000000
0.261507	0.000000
0.023793	0.000000
1.135064	0.000000
0.133499	0.000000
0.349360	0.000000
0.088271	0.000000
0.146564	0.000000
0.128744	0.000000
0.291566	0.000000
0.163843	0.000000
-0.357151	0.000000
0.187583	0.000000
0.326757	0.000000
0.041752	0.000000
0.067734	0.000000
0.360987	0.000000
0.094003	0.000000
0.035495	0.000000
0.412274	0.000000
0.038141	0.000000
-0.145034	0.000000
0.060043	0.000000
0.103549	0.000000
1.002548	0.000000
0.180299	0.000000
0.194112	0.000000
0.290807	0.000000
0.082026	0.000000
0.051446	0.000000
0.202174	0.000000
0.072036	0.000000
0.029602	0.000000
0.284321	0.000000
0.201951	0.000000
4.630754	0.000000
0.139433	0.000000
1.065822	0.000000
-0.066274	0.000000
0.166002	0.000000
0.349872	0.000000
0.327812	0.000000
4.710717	0.000000
0.073467	0.000000
0.132351	0.000000
-0.661714	0.000000
0.361681	0.000000
0.038692	0.000000
0.071549	0.000000
0.051626	0.000000
0.819669	0.000000
0.397439	0.000000
0.131044	0.000000
-0.187343	0.000000
0.473381	0.000000
0.143790	0.000000
0.301791	0.000000
0.641260	0.000000
0.074993	0.000000
0.015257	0.000000
0.308667	0.000000
0.924318	0.000000
0.161552	0.000000
0.530107	0.000000
0.204443	0.000000
0.753192	0.000000
0.046683	0.000000
0.010519	0.000000
0.055781	0.000000
0.302767	0.000000
0.870018	0.000000
0.232922	0.000000
0.096902	0.000000
0.176953	0.000000
0.078227	0.000000
0.109933	0.000000
-0.822697	0.000000
0.649001	0.000000
0.653307	0.000000
0.030197	0.000000
0.103531	0.000000
0.061554	0.000000
0.154669	0.000000
0.094463	0.000000
0.129220	0.000000
1.520133	0.000000
0.550039	0.000000
0.116163	0.000000
0.197225	0.000000
0.118181	0.000000
0.059273	0.000000
0.155830	0.000000
0.182892	0.000000
2.759397	0.000000
0.147108	0.000000
0.739763	0.000000
0.282936	0.000000
0.806393	0.000000
0.066834	0.000000
0.188855	0.000000
0.724778	0.000000
1.568616	0.000000
0.223386	0.000000
0.726632	0.000000
0.280189	0.000000
5.991416	0.000000
4.688185	0.000000
0.560995	0.000000
0.218164	0.000000
0.318462	0.000000
0.176228	0.000000
2.039642	0.000000
1.393196	0.000000
0.284695	0.000000
0.031649	0.000000
0.110747	0.000000
0.281869	0.000000
1.387753	0.000000
0.030707	0.000000
0.111741	0.000000
0.172066	0.000000
0.087751	0.000000
0.090877	0.000000
0.196790	0.000000
0.206171	0.000000
0.503581	0.000000
0.970113	0.000000
0.028395	0.000000
6.124088	0.000000
0.152445	0.000000
0.175672	0.000000
0.071744	0.000000
0.061931	0.000000
0.144006	0.000000
0.222790	0.000000
-0.615028	0.000000
0.045341	0.000000
0.041221	0.000000
0.180897	0.000000
0.328795	0.000000
0.004179	0.000000
0.614239	0.000000
0.194655	0.000000
0.058787	0.000000
0.532004	0.000000
0.041811	0.000000
0.859129	0.000000
0.014721	0.000000
0.046275	0.000000
0.063858	0.000000
0.031478	0.000000
0.234831	0.000000
0.146726	0.000000
0.546940	0.000000
2.363384	0.000000
0.374271	0.000000
0.018100	0.000000
-0.378941	0.000000
0.031220	0.000000
0.217339	0.000000
0.228383	0.000000
1.216315	0.000000
0.288927	0.000000
0.042777	0.000000
1.074005	0.000000
0.207837	0.000000
0.703313	0.000000
0.136228	0.000000
0.231515	0.000000
5.012737	0.000000
0.906369	0.000000
1.575508	0.000000
1.514087	0.000000
0.189891	0.000000
0.037169	0.000000
0.819384	0.000000
0.251666	0.000000
0.774063	0.000000
0.527361	0.000000
0.099722	0.000000
4.909627	0.000000
0.463417	0.000000
0.020177	0.000000
0.787639	0.000000
0.139319	0.000000
3.816861	0.000000
0.122289	0.000000
0.014861	0.000000
0.025123	0.000000
0.446316	0.000000
0.465955	0.000000
0.605084	0.000000
0.100237	0.000000
3.796184	0.000000
0.061157	0.000000
0.127868	0.000000
0.305405	0.000000
0.092201	0.000000
1.084450	0.000000
0.208824	0.000000
0.241933	0.000000
0.012175	0.000000
0.375724	0.000000
-0.633600	0.000000
0.143647	0.000000
-0.379200	0.000000
0.107565	0.000000
0.499275	0.000000
0.022094	0.000000
0.591649	0.000000
0.144200	0.000000
0.471095	0.000000
0.217446	0.000000
0.374129	0.000000
1.045702	0.000000
0.181140	0.000000
1.070249	0.000000
0.241202	0.000000
0.058686	0.000000
0.176325	0.000000
0.111008	0.000000
1.058241	0.000000
3.003803	0.000000
0.122223	0.000000
0.136821	0.000000
0.196043	0.000000
0.476582	0.000000
0.503241	0.000000
0.787646	0.000000
1.680284	0.000000
0.912059	0.000000
3.052578	0.000000
0.870601	0.000000
0.673196	0.000000
0.028992	0.000000
0.034897	0.000000
0.059067	0.000000
0.412787	0.000000
0.957677	0.000000
0.157853	0.000000
2.436056	0.000000
0.217629	0.000000
0.029071	0.000000
0.343216	0.000000
0.144083	0.000000
2.725456	0.000000
0.178127	0.000000
0.041856	0.000000
0.052664	0.000000
0.158977	0.000000
0.155629	0.000000
2.227916	0.000000
0.151081	0.000000
0.894660	0.000000
0.561284	0.000000
0.243421	0.000000
0.246281	0.000000
0.078666	0.000000
0.066813	0.000000
0.337007	0.000000
0.014282	0.000000
-0.073400	0.000000
0.009741	0.000000
0.117882	0.000000
0.834422	0.000000
0.334671	0.000000
0.114168	0.000000
0.175540	0.000000
-0.043832	0.000000
0.512475	0.000000
0.107933	0.000000
0.107269	0.000000
0.055436	0.000000
0.068336	0.000000
1.032550	0.000000
0.434931	0.000000
0.056093	0.000000
0.168308	0.000000
0.075923	0.000000
0.153022	0.000000
0.499733	0.000000
-0.172480	0.000000
1.273516	0.000000
0.298635	0.000000
0.112706	0.000000
0.929496	0.000000
5.852704	0.000000
0.094075	0.000000
2.178542	0.000000
0.002000	0.000000
0.187838	0.000000
3.559492	0.000000
0.981343	0.000000
3.345003	0.000000
0.052935	0.000000
-0.131401	0.000000
0.070357	0.000000
0.573541	0.000000
0.092889	0.000000
0.111700	0.000000
1.180873	0.000000
1.524845	0.000000
0.011722	0.000000
0.157813	0.000000
0.016673	0.000000
0.169717	0.000000
0.028607	0.000000
0.042470	0.000000
0.068897	0.000000
0.382151	0.000000
1.953055	0.000000
-0.072488	0.000000
0.068950	0.000000
0.627802	0.000000
0.147757	0.000000
0.145542	0.000000
0.240054	0.000000
0.031585	0.000000
0.462920	0.000000
0.172424	0.000000
0.050194	0.000000
-0.756316	0.000000
0.333515	0.000000
0.003248	0.000000
0.456980	0.000000
0.088751	0.000000
0.150262	0.000000
0.204231	0.000000
1.752739	0.000000
0.232497	0.000000
0.012762	0.000000
0.149211	0.000000
0.262215	0.000000
1.032590	0.000000
0.649066	0.000000
0.327930	0.000000
4.769825	0.000000
0.769538	0.000000
0.222018	0.000000
2.315771	0.000000
0.431898	0.000000
0.744423	0.000000
1.719478	0.000000
0.048961	0.000000
0.110622	0.000000
0.562341	0.000000
1.162633	0.000000
0.031252	0.000000
0.171521	0.000000
0.042716	0.000000
2.691962	0.000000
2.294463	0.000000
0.701025	0.000000
0.068644	0.000000
0.213866	0.000000
0.023028	0.000000
0.219853	0.000000
0.410782	0.000000
0.166724	0.000000
0.090504	0.000000
0.294755	0.000000
0.241360	0.000000
0.023922	0.000000
0.232494	0.000000
0.139111	0.000000
0.584816	0.000000
0.141668	0.000000
0.533647	0.000000
0.056058	0.000000
0.274509	0.000000
0.165195	0.000000
0.787888	0.000000
0.145989	0.000000
0.164822	0.000000
0.095614	0.000000
0.619466	0.000000
1.087678	0.000000
0.064942	0.000000
3.194006	0.000000
0.086503	0.000000
0.070606	0.000000
0.072948	0.000000
1.470235	0.000000
0.164159	0.000000
0.015129	0.000000
1.412322	0.000000
0.086088	0.000000
0.044336	0.000000
0.037317	0.000000
0.158690	0.000000
0.016481	0.000000
0.115635	0.000000
-0.031205	0.000000
0.307187	0.000000
0.237151	0.000000
0.272126	0.000000
0.215186	0.000000
3.333670	0.000000
0.030321	0.000000
0.092968	0.000000
0.430942	0.000000
2.399031	0.000000
0.076907	0.000000
0.050024	0.000000
0.165738	0.000000
0.548121	0.000000
0.670289	0.000000
2.747102	0.000000
0.050573	0.000000
0.063908	0.000000
0.238395	0.000000
-0.059870	0.000000
-0.078178	0.000000
0.549285	0.000000
0.047700	0.000000
0.175706	0.000000
0.032241	0.000000
0.417225	0.000000
0.161908	0.000000
0.323684	0.000000
0.761836	0.000000
0.682770	0.000000
0.114613	0.000000
1.089078	0.000000
0.044237	0.000000
-0.878798	0.000000
0.022026	0.000000
0.035919	0.000000
0.045311	0.000000
0.111254	0.000000
0.120006	0.000000
0.931382	0.000000
0.191199	0.000000
0.162409	0.000000
0.166907	0.000000
0.029844	0.000000
0.119010	0.000000
0.087712	0.000000
0.239173	0.000000
1.854964	0.000000
-0.056228	0.000000
0.121714	0.000000
0.363878	0.000000
0.054456	0.000000
0.269610	0.000000
0.025797	0.000000
0.155727	0.000000
0.704408	0.000000
0.007080	0.000000
0.017580	0.000000
0.035848	0.000000
0.101132	0.000000
0.045308	0.000000
0.247524	0.000000
0.241257	0.000000
0.289477	0.000000
0.157484	0.000000
0.275955	0.000000
0.082983	0.000000
0.147648	0.000000
0.622962	0.000000
0.542838	0.000000
0.355250	0.000000
-0.039308	0.000000
3.430677	0.000000
0.019370	0.000000
0.437009	0.000000
0.256180	0.000000
0.125231	0.000000
0.379620	0.000000
-0.163018	0.000000
0.388233	0.000000
0.751597	0.000000
0.142927	0.000000
0.053325	0.000000
0.118583	0.000000
0.444585	0.000000
0.830672	0.000000
0.105450	0.000000
0.100998	0.000000
4.305243	0.000000
0.066596	0.000000
0.032861	0.000000
0.132749	0.000000
-0.157118	0.000000
1.534203	0.000000
0.043800	0.000000
0.049938	0.000000
0.029877	0.000000
0.047959	0.000000
0.087661	0.000000
0.646720	0.000000
0.195233	0.000000
0.421972	0.000000
0.193693	0.000000
0.579824	0.000000
0.398275	0.000000
0.053575	0.000000
0.169404	0.000000
2.778147	0.000000
0.328928	0.000000
0.158883	0.000000
0.124168	0.000000
0.129581	0.000000
0.145524	0.000000
-0.075667	0.000000
0.003251	0.000000
0.012081	0.000000
0.178856	0.000000
0.058259	0.000000
0.491124	0.000000
0.128522	0.000000
0.071157	0.000000
0.973808	0.000000
0.163717	0.000000
2.169380	0.000000
0.081135	0.000000
2.225259	0.000000
0.153776	0.000000
2.398529	0.000000
0.232898	0.000000
1.568760	0.000000
0.122692	0.000000
0.147705	0.000000
0.263393	0.000000
0.205933	0.000000
0.145367	0.000000
0.912170	0.000000
0.009648	0.000000
0.110736	0.000000
0.377424	0.000000
-0.765385	0.000000
3.063920	0.000000
-0.098802	0.000000
-0.005893	0.000000
0.044972	0.000000
0.106547	0.000000
0.205727	0.000000
0.249924	0.000000
0.361151	0.000000
0.501263	0.000000
0.197538	0.000000
0.009705	0.000000
0.302953	0.000000
0.230711	0.000000
0.566109	0.000000
0.621400	0.000000
0.025573	0.000000
0.103962	0.000000
0.155014	0.000000
0.171714	0.000000
0.172223	0.000000
0.177692	0.000000
0.082678	0.000000
7.777322	0.000000
0.195271	0.000000
0.278628	0.000000
0.036258	0.000000
1.158530	0.000000
0.386003	0.000000
0.006739	0.000000
0.585886	0.000000
0.419327	0.000000
0.116298	0.000000
0.215676	0.000000
1.991764	0.000000
0.031731	0.000000
0.004828	0.000000
0.287633	0.000000
0.792031	0.000000
7.455925	0.000000
0.055401	0.000000
0.171178	0.000000
0.288885	0.000000
0.060172	0.000000
0.129154	0.000000
0.118883	0.000000
2.160014	0.000000
0.122049	0.000000
0.288186	0.000000
0.088716	0.000000
1.134558	0.000000
1.387847	0.000000
-0.008477	0.000000
1.108307	0.000000
0.593422	0.000000
0.288887	0.000000
-0.018035	0.000000
0.080837	0.000000
0.230903	0.000000
0.457220	0.000000
-0.243428	0.000000
-0.228268	0.000000
0.754319	0.000000
0.250332	0.000000
-0.261547	0.000000
0.574962	0.000000
0.914075	0.000000
2.099957	0.000000
0.015581	0.000000
0.265225	0.000000
0.146695	0.000000
0.081873	0.000000
0.458374	0.000000
0.315684	0.000000
0.527982	0.000000
7.055873	0.000000
0.042244	0.000000
0.082370	0.000000
0.067066	0.000000
5.645225	0.000000
0.121779	0.000000
0.156799	0.000000
0.271256	0.000000
0.159614	0.000000
1.476502	0.000000
0.226331	0.000000
0.171635	0.000000
0.812166	0.000000
0.718752	0.000000
-0.012382	0.000000
0.031324	0.000000
0.217582	0.000000
6.670809	0.000000
0.156803	0.000000
0.263987	0.000000
0.219326	0.000000
0.329100	0.000000
0.001879	0.000000
-0.389475	0.000000
0.108642	0.000000
0.445830	0.000000
0.061422	0.000000
1.067687	0.000000
0.060669	0.000000
1.750848	0.000000
0.125988	0.000000
0.251625	0.000000
0.014527	0.000000
0.351744	0.000000
0.709833	0.000000
1.068765	0.000000
0.684630	0.000000
0.078185	0.000000
0.111789	0.000000
0.103148	0.000000
0.342048	0.000000
7.104897	0.000000
-0.007464	0.000000
0.310474	0.000000
6.884514	0.000000
1.021466	0.000000
0.230384	0.000000
0.189866	0.000000
0.037518	0.000000
0.197198	0.000000
0.565192	0.000000
0.720263	0.000000
-0.065684	0.000000
1.624811	0.000000
0.216269	0.000000
2.389001	0.000000
0.011413	0.000000
0.538206	0.000000
0.205498	0.000000
0.156992	0.000000
0.040875	0.000000
0.018531	0.000000
0.054780	0.000000
0.287170	0.000000
-0.009388	0.000000
0.161244	0.000000
0.066474	0.000000
0.117481	0.000000
0.040886	0.000000
0.114350	0.000000
0.148036	0.000000
-0.024817	0.000000
0.035961	0.000000
0.294657	0.000000
0.026553	0.000000
0.647966	0.000000
0.603982	0.000000
0.143976	0.000000
0.493657	0.000000
0.700176	0.000000
0.082507	0.000000
0.706103	0.000000
0.327393	0.000000
0.002955	0.000000
2.676128	0.000000
0.039371	0.000000
0.106290	0.000000
0.273349	0.000000
0.083946	0.000000
0.056017	0.000000
0.175627	0.000000
0.343764	0.000000
0.029408	0.000000
1.868416	0.000000
0.083765	0.000000
1.229332	0.000000
0.425162	0.000000
0.107783	0.000000
0.153109	0.000000
0.332338	0.000000
0.200006	0.000000
0.061725	0.000000
0.005573	0.000000
2.181847	0.000000
0.219018	0.000000
-1.831449	0.000000
0.464625	0.000000
-0.157253	0.000000
0.168042	0.000000
0.059591	0.000000
0.369581	0.000000
-0.033278	0.000000
0.085325	0.000000
0.068691	0.000000
0.407157	0.000000
0.988955	0.000000
0.012074	0.000000
-0.104690	0.000000
0.095840	0.000000
0.432663	0.000000
0.053106	0.000000
0.012111	0.000000
0.089445	0.000000
-0.037113	0.000000
1.567376	0.000000
1.007165	0.000000
0.105765	0.000000
0.116174	0.000000
0.232603	0.000000
0.130515	0.000000
0.654341	0.000000
0.061174	0.000000
1.848904	0.000000
0.174066	0.000000
0.013895	0.000000
0.185238	0.000000
1.014866	0.000000
0.026567	0.000000
0.058508	0.000000
0.294092	0.000000
0.871349	0.000000
6.257544	0.000000
0.066373	0.000000
1.598980	0.000000
0.002526	0.000000
0.110825	0.000000
0.026537	0.000000
0.447229	0.000000
0.321986	0.000000
0.123384	0.000000
0.210158	0.000000
0.632202	0.000000
0.066084	0.000000
1.281325	0.000000
0.521060	0.000000
0.300962	0.000000
0.081930	0.000000
0.103843	0.000000
0.533036	0.000000
0.016780	0.000000
0.420232	0.000000
0.341889	0.000000
0.033213	0.000000
0.117575	0.000000
0.250178	0.000000
0.468813	0.000000
0.614641	0.000000
0.185372	0.000000
6.906583	0.000000
1.321502	0.000000
1.586556	0.000000
0.753702	0.000000
0.071951	0.000000
0.302087	0.000000
0.143119	0.000000
-0.098173	0.000000
0.028499	0.000000
0.204064	0.000000
0.089435	0.000000
0.428007	0.000000
0.033954	0.000000
0.020916	0.000000
-0.020839	0.000000
0.067251	0.000000
0.168993	0.000000
0.169686	0.000000
0.066945	0.000000
0.120797	0.000000
0.259372	0.000000
0.383139	0.000000
0.083862	0.000000
0.156107	0.000000
0.202106	0.000000
0.446999	0.000000
0.039516	0.000000
0.771857	0.000000
0.387716	0.000000
0.137750	0.000000
0.719705	0.000000
-0.134671	0.000000
0.177152	0.000000
0.051724	0.000000
0.314501	0.000000
0.051053	0.000000
0.144394	0.000000
0.005288	0.000000
0.158993	0.000000
0.529477	0.000000
0.129054	0.000000
0.310474	0.000000
0.132777	0.000000
0.067265	0.000000
0.046162	0.000000
0.486252	0.000000
0.117311	0.000000
0.114589	0.000000
0.562800	0.000000
0.041168	0.000000
1.099565	0.000000
0.207138	0.000000
0.645166	0.000000
0.751234	0.000000
0.015901	0.000000
0.535857	0.000000
0.272679	0.000000
0.285963	0.000000
0.070521	0.000000
0.230250	0.000000
0.158742	0.000000
-0.016191	0.000000
0.208591	0.000000
0.634296	0.000000
0.316298	0.000000
6.807443	0.000000
0.165327	0.000000
6.955245	0.000000
0.017490	0.000000
5.063165	0.000000
0.003435	0.000000
1.934815	0.000000
0.050652	0.000000
0.033491	0.000000
0.030875	0.000000
0.164833	0.000000
0.630052	0.000000
0.191147	0.000000
0.062145	0.000000
1.203091	0.000000
0.052481	0.000000
0.558940	0.000000
0.234797	0.000000
0.067157	0.000000
0.117292	0.000000
0.342316	0.000000
0.037886	0.000000
0.139699	0.000000
0.212725	0.000000
0.079195	0.000000
0.117314	0.000000
0.033432	0.000000
0.048676	0.000000
0.293231	0.000000
0.107558	0.000000
0.068950	0.000000
0.089122	0.000000
0.183646	0.000000
0.010444	0.000000
-0.593000	0.000000
0.162186	0.000000
0.156796	0.000000
2.550364	0.000000
0.337955	0.000000
-0.019991	0.000000
0.101473	0.000000
6.028097	0.000000
0.684413	0.000000
0.595247	0.000000
0.094293	0.000000
0.259649	0.000000
0.016098	0.000000
0.247199	0.000000
0.037215	0.000000
7.582923	0.000000
0.330674	0.000000
0.621460	0.000000
0.974640	0.000000
0.112498	0.000000
0.101614	0.000000
0.428796	0.000000
0.095947	0.000000
0.275357	0.000000
1.590406	0.000000
0.124165	0.000000
0.126581	0.000000
0.412619	0.000000
0.047089	0.000000
0.015507	0.000000
0.127952	0.000000
0.051840	0.000000
0.720093	0.000000
0.039649	0.000000
0.066551	0.000000
0.071019	0.000000
0.337236	0.000000
0.056476	0.000000
0.208749	0.000000
0.111172	0.000000
0.536034	0.000000
0.057535	0.000000
0.316326	0.000000
0.904680	0.000000
0.123512	0.000000
0.501906	0.000000
0.631033	0.000000
0.047392	0.000000
0.048944	0.000000
0.337995	0.000000
0.121546	0.000000
0.116045	0.000000
0.189475	0.000000
0.101390	0.000000
0.061435	0.000000
0.035111	0.000000
0.153697	0.000000
0.107674	0.000000
0.141525	0.000000
0.149901	0.000000
0.045495	0.000000
0.132933	0.000000
0.190131	0.000000
0.691635	0.000000
0.070722	0.000000
0.186807	0.000000
0.529777	0.000000
0.140728	0.000000
0.554089	0.000000
-0.178490	0.000000
0.031408	0.000000
0.374407	0.000000
0.045681	0.000000
0.327128	0.000000
0.302731	0.000000
0.012690	0.000000
0.049541	0.000000
0.306476	0.000000
0.713989	0.000000
0.180487	0.000000
0.323957	0.000000
0.079241	0.000000
0.042944	0.000000
0.267692	0.000000
0.236008	0.000000
0.331298	0.000000
0.211715	0.000000
0.369638	0.000000
0.059567	0.000000
0.888899	0.000000
0.156473	0.000000
0.287206	0.000000
0.356374	0.000000
0.083705	0.000000
-0.008771	0.000000
0.060131	0.000000
0.132706	0.000000
0.238564	0.000000
0.707916	0.000000
0.038272	0.000000
0.120993	0.000000
0.136754	0.000000
0.038412	0.000000
0.120847	0.000000
-0.042822	0.000000
1.611241	0.000000
0.213931	0.000000
0.947876	0.000000
1.071004	0.000000
0.556629	0.000000
0.142295	0.000000
0.510382	0.000000
1.077844	0.000000
0.076430	0.000000
0.017145	0.000000
0.026834	0.000000
0.063542	0.000000
0.099342	0.000000
0.079735	0.000000
0.314373	0.000000
0.302584	0.000000
0.009532	0.000000
0.962965	0.000000
0.569387	0.000000
1.143861	0.000000
0.082218	0.000000
0.463058	0.000000
0.561949	0.000000
0.604647	0.000000
0.196453	0.000000
0.066061	0.000000
0.805651	0.000000
0.461714	0.000000
0.147012	0.000000
0.072303	0.000000
0.069528	0.000000
0.194106	0.000000
0.233048	0.000000
1.087022	0.000000
0.762377	0.000000
0.826929	0.000000
0.289270	0.000000
0.650233	0.000000
-2.794540	0.000000
0.014088	0.000000
0.139897	0.000000
0.039674	0.000000
0.075080	0.000000
0.296986	0.000000
0.026013	0.000000
0.324355	0.000000
0.054213	0.000000
0.286089	0.000000
0.033611	0.000000
0.033351	0.000000
0.084302	0.000000
0.878163	0.000000
1.826415	0.000000
-0.223249	0.000000
0.099447	0.000000
0.268678	0.000000
0.150067	0.000000
0.231898	0.000000
1.072107	0.000000
0.145292	0.000000
4.394987	0.000000
0.289740	0.000000
0.072737	0.000000
0.087710	0.000000
0.517908	0.000000
0.327875	0.000000
0.152920	0.000000
0.453443	0.000000
1.354364	0.000000
0.034262	0.000000
0.235282	0.000000
0.009209	0.000000
0.023886	0.000000
0.183741	0.000000
0.127038	0.000000
0.047030	0.000000
0.278195	0.000000
0.018279	0.000000
0.151745	0.000000
0.102948	0.000000
0.049082	0.000000
0.613834	0.000000
0.110253	0.000000
0.083511	0.000000
0.172860	0.000000
0.245884	0.000000
0.213815	0.000000
-0.065664	0.000000
0.552398	0.000000
1.546804	0.000000
0.073739	0.000000
0.439258	0.000000
0.237718	0.000000
0.933551	0.000000
0.050248	0.000000
0.531026	0.000000
0.021173	0.000000
0.035853	0.000000
0.277031	0.000000
0.492672	0.000000
0.129118	0.000000
1.626796	0.000000
3.402058	0.000000
0.168368	0.000000
0.011289	0.000000
4.209999	0.000000
0.207639	0.000000
1.028118	0.000000
0.068898	0.000000
0.111993	0.000000
0.297672	0.000000
0.044369	0.000000
0.091391	0.000000
0.690411	0.000000
0.094291	0.000000
1.206516	0.000000
0.062512	0.000000
0.410629	0.000000
1.606531	0.000000
0.136400	0.000000
0.344654	0.000000
0.170394	0.000000
0.027621	0.000000
0.961139	0.000000
0.100188	0.000000
4.151500	0.000000
0.494262	0.000000
0.194632	0.000000
0.041420	0.000000
0.090255	0.000000
0.034651	0.000000
0.083465	0.000000
0.048637	0.000000
0.036045	0.000000
0.139246	0.000000
2.102740	0.000000
0.353892	0.000000
0.116893	0.000000
0.015731	0.000000
0.687544	0.000000
0.271230	0.000000
0.253346	0.000000
0.234139	0.000000
0.689816	0.000000
1.064165	0.000000
0.525137	0.000000
0.071646	0.000000
0.034173	0.000000
0.177476	0.000000
0.147106	0.000000
0.062255	0.000000
0.114959	0.000000
0.338151	0.000000
1.237374	0.000000
0.105026	0.000000
0.351032	0.000000
0.098325	0.000000
0.234856	0.000000
0.173512	0.000000
1.854753	0.000000
6.647845	0.000000
0.517267	0.000000
0.163853	0.000000
0.150546	0.000000
0.233136	0.000000
-0.115471	0.000000
0.169305	0.000000
0.277657	0.000000
0.075380	0.000000
0.158687	0.000000
0.283105	0.000000
1.170324	0.000000
0.084216	0.000000
0.305945	0.000000
0.062654	0.000000
0.212771	0.000000
0.146754	0.000000
0.055828	0.000000
0.197729	0.000000
0.100200	0.000000
3.591027	0.000000
1.238318	0.000000
0.004185	0.000000
0.092934	0.000000
0.355850	0.000000
0.157942	0.000000
4.848720	0.000000
0.260376	0.000000
0.744563	0.000000
0.417916	0.000000
-0.012631	0.000000
0.264852	0.000000
0.216270	0.000000
0.057031	0.000000
0.164617	0.000000
0.117332	0.000000
0.259853	0.000000
0.031488	0.000000
0.743689	0.000000
0.010784	0.000000
0.083675	0.000000
0.167182	0.000000
0.287896	0.000000
0.218255	0.000000
0.208390	0.000000
0.377928	0.000000
0.253320	0.000000
0.172572	0.000000
0.326477	0.000000
0.149998	0.000000
0.022898	0.000000
0.128198	0.000000
0.453888	0.000000
1.937733	0.000000
1.663521	0.000000
0.055886	0.000000
0.071865	0.000000
6.877749	0.000000
0.398425	0.000000
0.544363	0.000000
0.192029	0.000000
0.060785	0.000000
0.111876	0.000000
0.251196	0.000000
0.058016	0.000000
0.243786	0.000000
0.199868	0.000000
0.360742	0.000000
0.049676	0.000000
0.036702	0.000000
0.492820	0.000000
0.087131	0.000000
0.071135	0.000000
0.187511	0.000000
0.074603	0.000000
1.039247	0.000000
0.423248	0.000000
7.654893	0.000000
0.258203	0.000000
0.069147	0.000000
0.404577	0.000000
0.079345	0.000000
0.014400	0.000000
0.182469	0.000000
0.192364	0.000000
0.305969	0.000000
0.288947	0.000000
1.081209	0.000000
0.434804	0.000000
0.062852	0.000000
0.047580	0.000000
0.733142	0.000000
0.114755	0.000000
0.061001	0.000000
0.016460	0.000000
0.210852	0.000000
0.167324	0.000000
0.221993	0.000000
1.861952	0.000000
0.365917	0.000000
0.005318	0.000000
0.240876	0.000000
0.217562	0.000000
0.781400	0.000000
0.225352	0.000000
0.113587	0.000000
0.126374	0.000000
-0.031105	0.000000
0.338134	0.000000
0.068577	0.000000
-0.089389	0.000000
0.087668	0.000000
0.367835	0.000000
1.124013	0.000000
0.264036	0.000000
0.057079	0.000000
0.122186	0.000000
0.027787	0.000000
1.097402	0.000000
0.985275	0.000000
-0.087832	0.000000
0.068922	0.000000
-0.044212	0.000000
0.105256	0.000000
0.001347	0.000000
0.398833	0.000000
0.264071	0.000000
0.665904	0.000000
0.056309	0.000000
0.016658	0.000000
0.103250	0.000000
0.462537	0.000000
0.014560	0.000000
0.325701	0.000000
0.190360	0.000000
1.080560	0.000000
0.128773	0.000000
0.213444	0.000000
0.125053	0.000000
0.029895	0.000000
0.377634	0.000000
-0.070864	0.000000
0.059647	0.000000
0.218712	0.000000
0.092507	0.000000
0.820195	0.000000
0.171630	0.000000
0.249681	0.000000
0.447115	0.000000
0.075102	0.000000
0.106740	0.000000
0.305194	0.000000
0.763157	0.000000
0.069550	0.000000
0.023930	0.000000
1.385750	0.000000
0.224049	0.000000
0.198244	0.000000
0.120106	0.000000
0.093722	0.000000
0.049066	0.000000
0.020895	0.000000
0.528757	0.000000
0.291416	0.000000
0.755075	0.000000
0.154082	0.000000
0.174447	0.000000
-0.045391	0.000000
0.039405	0.000000
0.112793	0.000000
0.039723	0.000000
0.115270	0.000000
0.301240	0.000000
1.034056	0.000000
7.014485	0.000000
0.049369	0.000000
0.225370	0.000000
0.156811	0.000000
0.765991	0.000000
0.322312	0.000000
0.142699	0.000000
0.100020	0.000000
0.434280	0.000000
0.171215	0.000000
0.035455	0.000000
0.220699	0.000000
0.162724	0.000000
0.287233	0.000000
0.237723	0.000000
0.344943	0.000000
0.024582	0.000000
0.070886	0.000000
1.214226	0.000000
0.249798	0.000000
0.962215	0.000000
0.076543	0.000000
0.590161	0.000000
0.165126	0.000000
-0.199502	0.000000
0.272131	0.000000
0.308673	0.000000
0.164905	0.000000
0.036368	0.000000
0.056045	0.000000
0.333707	0.000000
0.103842	0.000000
0.206716	0.000000
0.627830	0.000000
0.100562	0.000000
0.038130	0.000000
0.263473	0.000000
0.106754	0.000000
0.118308	0.000000
0.030114	0.000000
0.243839	0.000000
0.228708	0.000000
0.182410	0.000000
0.124976	0.000000
0.123484	0.000000
0.065867	0.000000
0.032177	0.000000
0.236542	0.000000
0.029044	0.000000
0.282660	0.000000
0.231420	0.000000
0.090680	0.000000
0.141655	0.000000
0.051105	0.000000
0.501711	0.000000
0.017288	0.000000
0.009713	0.000000
0.059677	0.000000
0.283344	0.000000
0.982879	0.000000
0.842511	0.000000
0.174965	0.000000
0.121326	0.000000
0.300749	0.000000
0.075513	0.000000
1.202669	0.000000
0.060629	0.000000
0.112954	0.000000
0.238553	0.000000
0.214184	0.000000
0.045065	0.000000
0.103237	0.000000
0.220739	0.000000
0.757662	0.000000
0.054842	0.000000
0.018539	0.000000
0.150457	0.000000
-0.012361	0.000000
0.200016	0.000000
0.511478	0.000000
0.223712	0.000000
-0.087152	0.000000
0.273113	0.000000
0.150582	0.000000
0.335579	0.000000
-0.009123	0.000000
0.139577	0.000000
0.158738	0.000000
0.123248	0.000000
0.245071	0.000000
0.098166	0.000000
0.057149	0.000000
0.528756	0.000000
-0.239004	0.000000
0.197484	0.000000
0.046465	0.000000
0.064712	0.000000
0.169859	0.000000
0.123000	0.000000
-0.002285	0.000000
0.081932	0.000000
0.063841	0.000000
0.143834	0.000000
0.430792	0.000000
0.216926	0.000000
0.214029	0.000000
0.060922	0.000000
0.135808	0.000000
0.102376	0.000000
0.066720	0.000000
5.284641	0.000000
0.162005	0.000000
0.258494	0.000000
0.333203	0.000000
0.101327	0.000000
0.565598	0.000000
0.065768	0.000000
0.044379	0.000000
0.143830	0.000000
1.778450	0.000000
0.041139	0.000000
0.254418	0.000000
0.152939	0.000000
0.351319	0.000000
0.410793	0.000000
0.675271	0.000000
0.086614	0.000000
0.124831	0.000000
0.282424	0.000000
0.414318	0.000000
0.057972	0.000000
0.269508	0.000000
0.163784	0.000000
0.636283	0.000000
0.081975	0.000000
0.143546	0.000000
-0.095839	0.000000
0.102879	0.000000
0.090588	0.000000
-0.130719	0.000000
0.291989	0.000000
0.089943	0.000000
0.064138	0.000000
0.114682	0.000000
0.169902	0.000000
0.262854	0.000000
-0.629578	0.000000
0.115849	0.000000
0.025452	0.000000
1.011566	0.000000
0.573521	0.000000
0.227482	0.000000
0.038230	0.000000
0.213360	0.000000
0.024693	0.000000
0.229269	0.000000
0.055342	0.000000
0.060920	0.000000
0.046696	0.000000
0.057467	0.000000
0.077102	0.000000
0.813804	0.000000
0.069789	0.000000
0.144109	0.000000
0.145592	0.000000
0.277718	0.000000
0.079369	0.000000
0.272866	0.000000
0.108240	0.000000
7.029354	0.000000
0.033568	0.000000
0.064754	0.000000
0.203619	0.000000
0.163171	0.000000
0.062509	0.000000
0.042838	0.000000
0.368952	0.000000
0.128997	0.000000
2.340335	0.000000
0.393325	0.000000
0.447453	0.000000
0.303096	0.000000
0.061889	0.000000
0.125232	0.000000
0.036560	0.000000
0.297101	0.000000
-0.055157	0.000000
0.056187	0.000000
0.883811	0.000000
0.007354	0.000000
0.033147	0.000000
-0.135475	0.000000
0.088335	0.000000
0.529312	0.000000
0.059967	0.000000
0.040082	0.000000
0.071617	0.000000
0.124635	0.000000
0.154642	0.000000
0.017947	0.000000
3.994145	0.000000
0.127505	0.000000
0.051430	0.000000
0.081751	0.000000
0.343360	0.000000
1.437942	0.000000
0.654242	0.000000
1.444089	0.000000
0.043916	0.000000
0.247954	0.000000
0.548677	0.000000
0.074788	0.000000
-0.026323	0.000000
0.146703	0.000000
0.047743	0.000000
0.027261	0.000000
0.009914	0.000000
0.026739	0.000000
-0.017656	0.000000
0.049191	0.000000
0.010000	0.000000
0.162521	0.000000
0.001331	0.000000
0.447792	0.000000
0.479898	0.000000
0.478525	0.000000
0.057036	0.000000
0.293587	0.000000
0.101892	0.000000
2.029280	0.000000
0.411131	0.000000
0.006016	0.000000
5.438537	0.000000
0.331936	0.000000
0.085267	0.000000
0.036164	0.000000
0.009013	0.000000
3.927711	0.000000
0.580743	0.000000
1.238906	0.000000
0.350788	0.000000
0.103471	0.000000
0.057156	0.000000
0.442045	0.000000
1.116295	0.000000
0.257252	0.000000
0.064747	0.000000
0.033590	0.000000
0.202528	0.000000
0.047460	0.000000
0.037185	0.000000
0.469100	0.000000
1.251398	0.000000
0.959275	0.000000
0.095385	0.000000
0.098256	0.000000
0.049350	0.000000
0.050466	0.000000
0.396214	0.000000
4.052943	0.000000
0.079490	0.000000
4.129475	0.000000
0.009560	0.000000
0.639132	0.000000
0.932376	0.000000
0.214527	0.000000
0.316034	0.000000
0.344152	0.000000
0.349743	0.000000
0.044204	0.000000
0.155280	0.000000
0.152620	0.000000
0.401437	0.000000
5.860255	0.000000
-0.045567	0.000000
0.329536	0.000000
0.036176	0.000000
0.149076	0.000000
0.267728	0.000000
0.315478	0.000000
0.034497	0.000000
0.255334	0.000000
0.231033	0.000000
0.292046	0.000000
0.111804	0.000000
0.538927	0.000000
0.056828	0.000000
0.364244	0.000000
0.593625	0.000000
0.290718	0.000000
0.258864	0.000000
1.191878	0.000000
0.016001	0.000000
0.079488	0.000000
1.057297	0.000000
1.071947	0.000000
0.055493	0.000000
0.235967	0.000000
-0.524816	0.000000
0.608386	0.000000
0.191881	0.000000
0.096705	0.000000
0.452810	0.000000
0.607184	0.000000
0.291585	0.000000
0.245246	0.000000
0.089444	0.000000
0.013549	0.000000
0.827046	0.000000
0.321410	0.000000
0.067674	0.000000
0.295756	0.000000
0.028600	0.000000
0.315971	0.000000
0.105824	0.000000
0.056803	0.000000
0.012522	0.000000
0.012507	0.000000
0.153109	0.000000
0.044234	0.000000
0.208046	0.000000
0.134131	0.000000
0.156072	0.000000
0.092987	0.000000
1.768119	0.000000
0.035712	0.000000
0.365055	0.000000
4.899134	0.000000
0.059587	0.000000
-0.102605	0.000000
0.364776	0.000000
0.026563	0.000000
0.698550	0.000000
0.270579	0.000000
0.098590	0.000000
0.050001	0.000000
0.014919	0.000000
0.118019	0.000000
0.021350	0.000000
0.114608	0.000000
0.046419	0.000000
0.036127	0.000000
0.298573	0.000000
0.257137	0.000000
0.046586	0.000000
0.125308	0.000000
0.027858	0.000000
0.230122	0.000000
0.139470	0.000000
0.458197	0.000000
0.326723	0.000000
0.105482	0.000000
-0.060882	0.000000
0.022810	0.000000
0.131218	0.000000
0.037803	0.000000
0.113501	0.000000
0.137702	0.000000
2.648493	0.000000
0.118062	0.000000
0.714516	0.000000
7.129785	0.000000
0.033240	0.000000
0.113071	0.000000
0.723715	0.000000
0.146371	0.000000
-0.026817	0.000000
0.048215	0.000000
0.129319	0.000000
0.115369	0.000000
0.015556	0.000000
0.301205	0.000000
0.179181	0.000000
0.864936	0.000000
0.028646	0.000000
0.007915	0.000000
0.042238	0.000000
-0.032598	0.000000
0.087172	0.000000
0.526290	0.000000
0.044028	0.000000
0.256013	0.000000
0.065087	0.000000
-0.467550	0.000000
0.009043	0.000000
0.014048	0.000000
0.387732	0.000000
5.150360	0.000000
0.088045	0.000000
0.133914	0.000000
1.274435	0.000000
0.202222	0.000000
0.611049	0.000000
0.459899	0.000000
0.001470	0.000000
0.055723	0.000000
0.040787	0.000000
0.138837	0.000000
0.092494	0.000000
0.143277	0.000000
0.022224	0.000000
0.210151	0.000000
-0.036253	0.000000
1.124054	0.000000
0.077627	0.000000
-0.549183	0.000000
0.017483	0.000000
0.029432	0.000000
3.842932	0.000000
0.208664	0.000000
0.190891	0.000000
0.060372	0.000000
0.716459	0.000000
0.202093	0.000000
0.012774	0.000000
0.031059	0.000000
0.018090	0.000000
0.140568	0.000000
0.230433	0.000000
3.662627	0.000000
0.107056	0.000000
0.064505	0.000000
0.231856	0.000000
0.078632	0.000000
1.120180	0.000000
0.217816	0.000000
0.238959	0.000000
0.076430	0.000000
0.943254	0.000000
2.935090	0.000000
0.011036	0.000000
0.234449	0.000000
0.099080	0.000000
0.290632	0.000000
0.007825	0.000000
0.160605	0.000000
-0.231913	0.000000
0.187525	0.000000
0.124712	0.000000
0.992022	0.000000
0.046406	0.000000
0.211705	0.000000
0.256456	0.000000
-0.422512	0.000000
0.451374	0.000000
0.071894	0.000000
0.455647	0.000000
-1.140346	0.000000
0.104440	0.000000
0.264404	0.000000
0.122214	0.000000
0.011445	0.000000
3.677519	0.000000
0.649268	0.000000
0.552632	0.000000
0.040845	0.000000
5.191536	0.000000
-0.087237	0.000000
0.037538	0.000000
-0.744506	0.000000
0.019882	0.000000
1.140369	0.000000
0.099793	0.000000
2.126914	0.000000
0.186403	0.000000
0.310274	0.000000
0.034215	0.000000
0.220950	0.000000
0.278241	0.000000
0.458659	0.000000
0.573686	0.000000
0.029464	0.000000
0.475723	0.000000
0.126218	0.000000
-0.859586	0.000000
0.006727	0.000000
0.179663	0.000000
0.088344	0.000000
0.247129	0.000000
0.819885	0.000000
-0.210801	0.000000
0.085541	0.000000
0.049025	0.000000
1.435235	0.000000
0.114321	0.000000
0.647208	0.000000
0.121921	0.000000
0.054012	0.000000
0.525454	0.000000
0.036807	0.000000
-0.013204	0.000000
0.032820	0.000000
0.191597	0.000000
0.036054	0.000000
0.110522	0.000000
0.059579	0.000000
0.105227	0.000000
0.291733	0.000000
0.132686	0.000000
0.129997	0.000000
0.053973	0.000000
0.427516	0.000000
0.037556	0.000000
0.047882	0.000000
0.472160	0.000000
-0.015503	0.000000
0.012760	0.000000
0.340403	0.000000
0.440744	0.000000
5.095777	0.000000
-6.207698	0.000000
0.219971	0.000000
0.078409	0.000000
0.995172	0.000000
0.026870	0.000000
0.078600	0.000000
0.004404	0.000000
0.053929	0.000000
0.017643	0.000000
0.070082	0.000000
1.804150	0.000000
0.179041	0.000000
0.148307	0.000000
0.402850	0.000000
0.291371	0.000000
0.147365	0.000000
0.054669	0.000000
0.182454	0.000000
0.107057	0.000000
0.353077	0.000000
0.878967	0.000000
-0.023699	0.000000
0.080027	0.000000
0.798394	0.000000
0.085131	0.000000
0.042650	0.000000
0.003006	0.000000
0.292631	0.000000
0.024706	0.000000
2.307853	0.000000
0.205472	0.000000
0.141081	0.000000
0.086770	0.000000
0.202917	0.000000
0.291988	0.000000
1.740479	0.000000
0.349522	0.000000
0.147330	0.000000
0.954776	0.000000
0.420903	0.000000
0.016098	0.000000
0.260354	0.000000
0.234981	0.000000
0.732097	0.000000
0.330159	0.000000
0.016584	0.000000
0.112606	0.000000
0.132333	0.000000
0.263596	0.000000
6.108148	0.000000
0.709603	0.000000
0.218217	0.000000
0.385523	0.000000
0.016551	0.000000
4.829977	0.000000
0.017202	0.000000
0.078053	0.000000
0.450245	0.000000
1.301018	0.000000
2.548385	0.000000
0.078068	0.000000
0.040255	0.000000
0.175666	0.000000
0.099949	0.000000
0.118344	0.000000
0.110016	0.000000
0.142482	0.000000
1.650747	0.000000
0.073442	0.000000
0.129017	0.000000
-0.229827	0.000000
0.585532	0.000000
0.031321	0.000000
0.941091	0.000000
0.119652	0.000000
0.752125	0.000000
0.039176	0.000000
0.151866	0.000000
0.225837	0.000000
0.521068	0.000000
0.518229	0.000000
1.326768	0.000000
0.064267	0.000000
0.258129	0.000000
0.277474	0.000000
0.083124	0.000000
0.084779	0.000000
0.009543	0.000000
0.077595	0.000000
0.506414	0.000000
0.128555	0.000000
0.491209	0.000000
0.206953	0.000000
0.257385	0.000000
0.446256	0.000000
1.216121	0.000000
0.028039	0.000000
0.043242	0.000000
0.009764	0.000000
0.085379	0.000000
0.029838	0.000000
0.118454	0.000000
0.129123	0.000000
1.706131	0.000000
0.076625	0.000000
0.037106	0.000000
0.104694	0.000000
0.296585	0.000000
0.048851	0.000000
0.109352	0.000000
0.127074	0.000000
0.170322	0.000000
0.171448	0.000000
0.108491	0.000000
0.003399	0.000000
0.102676	0.000000
0.501030	0.000000
0.136066	0.000000
-0.031978	0.000000
0.148664	0.000000
0.143057	0.000000
0.704708	0.000000
0.290892	0.000000
0.287399	0.000000
0.020688	0.000000
0.055711	0.000000
0.754716	0.000000
0.066615	0.000000
0.046896	0.000000
0.060209	0.000000
0.013337	0.000000
0.533391	0.000000
0.014064	0.000000
0.216452	0.000000
0.418814	0.000000
0.679653	0.000000
0.049144	0.000000
0.142883	0.000000
0.417614	0.000000
0.178823	0.000000
1.150644	0.000000
0.076996	0.000000
0.949769	0.000000
0.114912	0.000000
0.147259	0.000000
0.022609	0.000000
0.025507	0.000000
0.068220	0.000000
0.038263	0.000000
0.524502	0.000000
0.201156	0.000000
0.022249	0.000000
0.231540	0.000000
-0.115048	0.000000
0.114796	0.000000
0.870606	0.000000
0.262658	0.000000
0.152676	0.000000
0.421501	0.000000
0.048347	0.000000
0.024415	0.000000
0.294731	0.000000
0.210739	0.000000
0.213622	0.000000
0.039380	0.000000
0.046626	0.000000
0.037170	0.000000
0.079221	0.000000
0.073169	0.000000
0.891419	0.000000
0.062352	0.000000
0.462043	0.000000
0.121437	0.000000
0.033603	0.000000
0.134438	0.000000
0.101289	0.000000
0.076827	0.000000
0.570186	0.000000
0.068003	0.000000
0.317508	0.000000
0.624590	0.000000
0.244624	0.000000
0.040947	0.000000
0.303699	0.000000
0.016078	0.000000
0.022231	0.000000
0.081644	0.000000
0.238855	0.000000
0.002079	0.000000
0.048977	0.000000
0.004880	0.000000
0.046291	0.000000
0.083835	0.000000
0.246172	0.000000
0.178791	0.000000
0.126334	0.000000
0.015426	0.000000
0.249779	0.000000
0.013076	0.000000
0.581233	0.000000
0.461875	0.000000
0.004437	0.000000
0.069731	0.000000
0.239749	0.000000
0.251830	0.000000
0.062791	0.000000
0.012441	0.000000
0.084269	0.000000
0.074443	0.000000
0.095885	0.000000
0.043773	0.000000
0.079955	0.000000
0.512760	0.000000
0.502458	0.000000
0.243721	0.000000
0.214855	0.000000
0.173458	0.000000
0.366959	0.000000
0.137103	0.000000
0.186364	0.000000
0.024143	0.000000
0.163279	0.000000
-0.258061	0.000000
0.569551	0.000000
0.111127	0.000000
-0.031436	0.000000
0.102532	0.000000
0.008120	0.000000
0.327802	0.000000
1.092687	0.000000
0.799736	0.000000
0.196684	0.000000
0.088287	0.000000
0.167633	0.000000
0.064157	0.000000
0.049070	0.000000
0.506019	0.000000
1.127954	0.000000
0.218384	0.000000
0.262280	0.000000
2.399565	0.000000
0.291350	0.000000
1.053716	0.000000
1.611935	0.000000
7.473438	0.000000
0.179647	0.000000
0.045683	0.000000
0.436927	0.000000
0.612378	0.000000
0.099142	0.000000
0.045297	0.000000
0.249539	0.000000
0.950517	0.000000
0.104791	0.000000
0.154743	0.000000
2.580316	0.000000
0.022680	0.000000
6.585492	0.000000
1.159466	0.000000
0.482815	0.000000
1.723767	0.000000
0.075714	0.000000
0.097394	0.000000
0.942838	0.000000
0.054059	0.000000
0.175569	0.000000
0.179774	0.000000
0.198674	0.000000
0.900987	0.000000
0.495945	0.000000
0.006500	0.000000
