4.256621	0.000000
0.138298	0.000000
2.098360	0.000000
0.175592	0.000000
-0.541395	0.000000
0.735799	0.000000
-0.184922	0.000000
-0.737412	0.000000
1.066052	0.000000
0.570549	0.000000
-1.460770	0.000000
1.708702	0.000000
0.964380	0.000000
-0.354699	0.000000
0.367357	0.000000
0.064746	0.000000
-1.347819	0.000000
-0.456783	0.000000
0.159833	0.000000
-0.586591	0.000000
-0.086986	0.000000
-0.093309	0.000000
-0.082035	0.000000
1.209232	0.000000
0.086053	0.000000
0.467971	0.000000
-0.042769	0.000000
0.096054	0.000000
-0.395697	0.000000
-1.096611	0.000000
0.173576	0.000000
0.094494	0.000000
-0.515525	0.000000
-0.936144	0.000000
1.215586	0.000000
-0.140290	0.000000
-0.220816	0.000000
1.277256	0.000000
-0.272847	0.000000
0.347460	0.000000
1.433862	0.000000
0.445497	0.000000
0.107124	0.000000
-0.345928	0.000000
0.702458	0.000000
0.970418	0.000000
0.388365	0.000000
0.295577	0.000000
1.500878	0.000000
-0.119772	0.000000
-1.252208	0.000000
1.184278	0.000000
2.159069	0.000000
0.734220	0.000000
1.123581	0.000000
-0.313885	0.000000
-0.858717	0.000000
-0.517999	0.000000
1.370818	0.000000
0.654636	0.000000
-0.042558	0.000000
4.609463	0.000000
0.233165	0.000000
0.965504	0.000000
0.057016	0.000000
1.079203	0.000000
0.961846	0.000000
-0.303593	0.000000
-1.522868	0.000000
0.950878	0.000000
0.265620	0.000000
0.167525	0.000000
1.621929	0.000000
0.612716	0.000000
1.255074	0.000000
0.323690	0.000000
0.728570	0.000000
1.979726	0.000000
1.518406	0.000000
1.209909	0.000000
1.000696	0.000000
1.586745	0.000000
0.862115	0.000000
0.426839	0.000000
0.301064	0.000000
-1.559761	0.000000
0.171291	0.000000
0.432125	0.000000
0.439716	0.000000
0.156672	0.000000
0.809842	0.000000
1.416259	0.000000
0.830671	0.000000
1.823118	0.000000
-0.135035	0.000000
0.449054	0.000000
0.994141	0.000000
-0.283793	0.000000
-1.146047	0.000000
-0.881977	0.000000
-0.372790	0.000000
0.986356	0.000000
1.142446	0.000000
0.999550	0.000000
0.087808	0.000000
2.425976	0.000000
0.221927	0.000000
0.443323	0.000000
-1.322131	0.000000
0.878597	0.000000
0.080817	0.000000
0.081688	0.000000
2.159070	0.000000
-1.021453	0.000000
1.598852	0.000000
-0.224185	0.000000
1.157469	0.000000
-0.396135	0.000000
0.403220	0.000000
0.103378	0.000000
1.447311	0.000000
1.521159	0.000000
3.330695	0.000000
-0.438831	0.000000
2.251179	0.000000
0.000006	0.000000
0.961862	0.000000
-0.086739	0.000000
1.104183	0.000000
-0.031687	0.000000
2.058432	0.000000
0.737134	0.000000
0.000024	0.000000
0.000012	0.000000
1.346898	0.000000
1.683054	0.000000
0.546425	0.000000
0.913709	0.000000
0.519460	0.000000
0.439998	0.000000
0.870210	0.000000
0.964491	0.000000
2.052628	0.000000
0.177847	0.000000
1.032010	0.000000
-0.592698	0.000000
2.397123	0.000000
0.912261	0.000000
1.187191	0.000000
-0.125281	0.000000
-0.231284	0.000000
0.000041	0.000000
0.114617	0.000000
0.837685	0.000000
2.160989	0.000000
1.627820	0.000000
0.938887	0.000000
-0.227061	0.000000
0.218331	0.000000
-0.668161	0.000000
0.831642	0.000000
-0.063584	0.000000
0.713995	0.000000
-0.538144	0.000000
1.082925	0.000000
-0.454823	0.000000
2.052604	0.000000
1.625497	0.000000
0.357358	0.000000
0.159758	0.000000
0.848315	0.000000
0.898478	0.000000
0.109840	0.000000
-0.702216	0.000000
0.475365	0.000000
0.358782	0.000000
0.074697	0.000000
0.152371	0.000000
-0.080571	0.000000
1.205808	0.000000
-0.468164	0.000000
-0.046051	0.000000
0.266458	0.000000
4.388360	0.000000
0.484460	0.000000
2.011189	0.000000
-0.221932	0.000000
0.260326	0.000000
-0.266449	0.000000
-0.380307	0.000000
1.095620	0.000000
-0.435531	0.000000
0.043902	0.000000
-1.773621	0.000000
0.826479	0.000000
-0.291265	0.000000
0.437166	0.000000
-0.203044	0.000000
0.319681	0.000000
-0.989864	0.000000
-0.391523	0.000000
-0.124414	0.000000
-0.862077	0.000000
2.382884	0.000000
0.344044	0.000000
1.372627	0.000000
-0.427981	0.000000
-1.488360	0.000000
0.000069	0.000000
0.062674	0.000000
0.809876	0.000000
-1.038513	0.000000
1.833142	0.000000
0.591342	0.000000
1.384390	0.000000
0.841992	0.000000
0.883692	0.000000
-0.652787	0.000000
2.346888	0.000000
-0.748328	0.000000
-1.691954	0.000000
0.286403	0.000000
-0.464078	0.000000
0.730418	0.000000
-0.351191	0.000000
-0.454816	0.000000
-0.360573	0.000000
-0.406320	0.000000
-0.142931	0.000000
0.998397	0.000000
0.121227	0.000000
-1.592591	0.000000
0.146404	0.000000
0.031955	0.000000
0.216112	0.000000
1.345356	0.000000
1.344159	0.000000
-0.091390	0.000000
-0.483802	0.000000
1.343634	0.000000
0.681065	0.000000
-0.138253	0.000000
-0.999185	0.000000
-0.614297	0.000000
2.849626	0.000000
1.128214	0.000000
1.405754	0.000000
0.043441	0.000000
-0.380676	0.000000
0.190207	0.000000
-0.763548	0.000000
-0.301519	0.000000
-1.227343	0.000000
0.322522	0.000000
-0.887671	0.000000
0.809175	0.000000
-0.582790	0.000000
0.406164	0.000000
2.237662	0.000000
2.273158	0.000000
-0.348038	0.000000
-1.431098	0.000000
1.765269	0.000000
-0.533430	0.000000
1.247002	0.000000
-1.029438	0.000000
0.941755	0.000000
0.432167	0.000000
1.011333	0.000000
0.501314	0.000000
-0.751906	0.000000
1.038635	0.000000
0.630141	0.000000
0.295673	0.000000
0.810409	0.000000
-0.561308	0.000000
0.552282	0.000000
0.227082	0.000000
0.436649	0.000000
-0.988899	0.000000
-0.860269	0.000000
0.636357	0.000000
-0.392672	0.000000
2.037445	0.000000
-1.199957	0.000000
1.122046	0.000000
1.303663	0.000000
-0.258560	0.000000
0.214434	0.000000
-0.119803	0.000000
-0.605882	0.000000
0.612593	0.000000
0.439137	0.000000
1.723760	0.000000
0.388934	0.000000
-0.224150	0.000000
-0.858756	0.000000
0.396158	0.000000
-1.048181	0.000000
0.482367	0.000000
1.617567	0.000000
1.521174	0.000000
0.432993	0.000000
2.018646	0.000000
-0.028455	0.000000
4.905221	0.000000
1.220791	0.000000
0.780881	0.000000
-1.256380	0.000000
-0.760666	0.000000
-0.497957	0.000000
-0.201005	0.000000
-0.262933	0.000000
0.096764	0.000000
0.520401	0.000000
-0.161780	0.000000
0.582885	0.000000
1.827427	0.000000
1.078892	0.000000
2.016499	0.000000
1.435815	0.000000
0.311140	0.000000
0.944229	0.000000
0.071170	0.000000
2.150007	0.000000
-0.779850	0.000000
1.669418	0.000000
-0.912204	0.000000
1.626919	0.000000
0.250677	0.000000
-0.115673	0.000000
2.218810	0.000000
0.859290	0.000000
0.394222	0.000000
0.236405	0.000000
0.589418	0.000000
0.662726	0.000000
0.681227	0.000000
0.327537	0.000000
0.962213	0.000000
-1.118385	0.000000
0.000014	0.000000
1.106704	0.000000
0.576634	0.000000
-0.321925	0.000000
1.455595	0.000000
0.471567	0.000000
1.403876	0.000000
0.536010	0.000000
0.638991	0.000000
0.525149	0.000000
1.674375	0.000000
0.365987	0.000000
0.095809	0.000000
0.302553	0.000000
0.941785	0.000000
0.410733	0.000000
1.371357	0.000000
1.048263	0.000000
1.033549	0.000000
1.489851	0.000000
0.322694	0.000000
-1.798520	0.000000
0.219464	0.000000
0.683937	0.000000
1.667770	0.000000
3.699335	0.000000
0.997769	0.000000
0.342686	0.000000
-0.253556	0.000000
0.265601	0.000000
0.100512	0.000000
1.534263	0.000000
0.548244	0.000000
0.642828	0.000000
0.388438	0.000000
0.327850	0.000000
1.573607	0.000000
-0.839077	0.000000
0.219982	0.000000
0.957207	0.000000
0.186711	0.000000
-0.164195	0.000000
0.818053	0.000000
0.645007	0.000000
1.123104	0.000000
0.813332	0.000000
1.872553	0.000000
0.000042	0.000000
0.156675	0.000000
0.000030	0.000000
-0.896937	0.000000
-0.028622	0.000000
0.295662	0.000000
-1.012891	0.000000
1.066503	0.000000
1.270249	0.000000
-0.823098	0.000000
0.600374	0.000000
-0.962153	0.000000
-0.229406	0.000000
0.509107	0.000000
1.035303	0.000000
0.691971	0.000000
0.526846	0.000000
-0.090939	0.000000
0.665731	0.000000
0.000038	0.000000
-0.071462	0.000000
1.677299	0.000000
0.040401	0.000000
0.449267	0.000000
1.280806	0.000000
-0.319164	0.000000
1.037125	0.000000
0.896951	0.000000
0.784135	0.000000
0.700915	0.000000
0.846718	0.000000
1.274734	0.000000
0.127727	0.000000
0.829711	0.000000
-0.299709	0.000000
-1.272559	0.000000
0.655424	0.000000
2.501664	0.000000
1.368796	0.000000
4.338105	0.000000
0.647283	0.000000
0.824103	0.000000
-0.365158	0.000000
0.502568	0.000000
-0.175308	0.000000
1.257699	0.000000
1.683591	0.000000
1.294659	0.000000
0.437189	0.000000
1.370559	0.000000
0.239809	0.000000
2.236494	0.000000
1.174728	0.000000
1.462282	0.000000
0.451624	0.000000
-0.142203	0.000000
0.859997	0.000000
0.218380	0.000000
1.840625	0.000000
1.056346	0.000000
0.351769	0.000000
0.282030	0.000000
-0.289131	0.000000
0.755374	0.000000
2.348681	0.000000
0.492736	0.000000
-0.641509	0.000000
0.420987	0.000000
-0.386508	0.000000
0.539280	0.000000
0.109221	0.000000
-0.267258	0.000000
-0.946336	0.000000
0.668188	0.000000
0.999622	0.000000
1.037964	0.000000
0.263436	0.000000
0.667179	0.000000
-0.166388	0.000000
0.591135	0.000000
0.893376	0.000000
0.359448	0.000000
-0.363535	0.000000
0.735128	0.000000
0.841695	0.000000
0.127698	0.000000
-0.302449	0.000000
-0.448422	0.000000
-0.298663	0.000000
2.773107	0.000000
-1.209462	0.000000
0.585722	0.000000
-0.425607	0.000000
-0.138257	0.000000
-0.999166	0.000000
-0.394934	0.000000
1.852259	0.000000
0.441525	0.000000
-0.110978	0.000000
0.607380	0.000000
3.807354	0.000000
0.760724	0.000000
-0.199176	0.000000
-0.301490	0.000000
1.052022	0.000000
0.419249	0.000000
1.040767	0.000000
1.294673	0.000000
0.327886	0.000000
0.812231	0.000000
-0.879042	0.000000
0.403312	0.000000
-0.086955	0.000000
0.933378	0.000000
-0.041000	0.000000
-0.426755	0.000000
-0.085999	0.000000
0.935902	0.000000
1.284201	0.000000
-0.864204	0.000000
0.835451	0.000000
-0.407297	0.000000
-0.694045	0.000000
0.236082	0.000000
0.973875	0.000000
-0.147813	0.000000
0.405234	0.000000
-0.168358	0.000000
0.607534	0.000000
-0.737926	0.000000
-0.109130	0.000000
-0.587957	0.000000
0.774315	0.000000
1.399984	0.000000
-0.892487	0.000000
-0.269066	0.000000
-1.053594	0.000000
-0.303203	0.000000
0.499297	0.000000
0.701948	0.000000
0.250179	0.000000
1.317890	0.000000
0.727134	0.000000
-0.204181	0.000000
0.658719	0.000000
0.031935	0.000000
-1.728442	0.000000
-0.493226	0.000000
0.336082	0.000000
0.639977	0.000000
0.161305	0.000000
1.033570	0.000000
0.766208	0.000000
1.475052	0.000000
-0.233130	0.000000
-0.745943	0.000000
0.997401	0.000000
0.833917	0.000000
0.332977	0.000000
-0.260243	0.000000
1.142222	0.000000
3.169602	0.000000
1.593615	0.000000
1.172642	0.000000
-0.350606	0.000000
0.032280	0.000000
0.122446	0.000000
0.873902	0.000000
2.149238	0.000000
0.609159	0.000000
0.759196	0.000000
0.549976	0.000000
1.044200	0.000000
-0.808886	0.000000
0.903171	0.000000
1.209257	0.000000
0.860051	0.000000
0.499175	0.000000
0.128469	0.000000
-0.864171	0.000000
0.571613	0.000000
0.689337	0.000000
1.388285	0.000000
0.519324	0.000000
-0.114552	0.000000
-1.182497	0.000000
-0.303828	0.000000
-0.505175	0.000000
0.386603	0.000000
1.106964	0.000000
1.801084	0.000000
0.882011	0.000000
0.344134	0.000000
1.240898	0.000000
-0.249877	0.000000
1.499286	0.000000
0.204880	0.000000
0.788451	0.000000
1.054061	0.000000
0.517222	0.000000
1.536616	0.000000
-0.159690	0.000000
0.969500	0.000000
0.408417	0.000000
1.683369	0.000000
0.351132	0.000000
-0.561697	0.000000
0.896906	0.000000
-0.485343	0.000000
-0.518026	0.000000
0.000008	0.000000
0.447873	0.000000
0.808816	0.000000
2.028188	0.000000
1.765304	0.000000
-0.614307	0.000000
0.199492	0.000000
-0.245202	0.000000
0.369957	0.000000
1.735289	0.000000
0.304593	0.000000
1.267834	0.000000
3.320010	0.000000
-1.474158	0.000000
-0.482107	0.000000
0.129011	0.000000
1.224418	0.000000
1.035755	0.000000
0.400725	0.000000
1.066016	0.000000
0.519499	0.000000
1.576586	0.000000
-0.173973	0.000000
1.368966	0.000000
0.779980	0.000000
0.711341	0.000000
-0.386978	0.000000
0.592735	0.000000
-0.171166	0.000000
-0.095950	0.000000
0.923403	0.000000
-1.409930	0.000000
0.578458	0.000000
1.227466	0.000000
0.229166	0.000000
0.443499	0.000000
1.586958	0.000000
0.645528	0.000000
-0.331336	0.000000
0.283832	0.000000
0.109185	0.000000
-2.245061	0.000000
0.802988	0.000000
1.304574	0.000000
1.427999	0.000000
-0.499704	0.000000
-0.029260	0.000000
1.061375	0.000000
0.610247	0.000000
1.440827	0.000000
0.536044	0.000000
0.479257	0.000000
1.898593	0.000000
0.000003	0.000000
0.182974	0.000000
0.989592	0.000000
-1.123510	0.000000
0.627851	0.000000
-0.373348	0.000000
-0.944641	0.000000
0.443516	0.000000
-0.137755	0.000000
0.255451	0.000000
-0.368706	0.000000
0.233191	0.000000
-0.087737	0.000000
-0.227939	0.000000
0.932018	0.000000
-0.850832	0.000000
0.173525	0.000000
-0.913746	0.000000
-0.411993	0.000000
0.398412	0.000000
3.350386	0.000000
-1.008150	0.000000
1.193184	0.000000
1.652978	0.000000
1.132824	0.000000
-0.582797	0.000000
1.065995	0.000000
-0.599321	0.000000
1.393218	0.000000
-1.044181	0.000000
-0.373339	0.000000
0.451633	0.000000
1.173669	0.000000
1.806028	0.000000
0.062431	0.000000
-0.898863	0.000000
1.008332	0.000000
1.099241	0.000000
-0.062621	0.000000
1.156934	0.000000
-0.660846	0.000000
0.372384	0.000000
0.542077	0.000000
-0.438935	0.000000
0.505216	0.000000
-0.276122	0.000000
-0.056731	0.000000
0.654997	0.000000
1.363114	0.000000
1.290496	0.000000
-0.381761	0.000000
1.606495	0.000000
-0.192157	0.000000
0.526861	0.000000
0.272969	0.000000
1.414632	0.000000
0.628038	0.000000
-0.786117	0.000000
-0.199610	0.000000
1.656176	0.000000
1.756046	0.000000
0.475731	0.000000
0.031937	0.000000
-0.648146	0.000000
-0.313910	0.000000
1.045495	0.000000
-1.188427	0.000000
-1.007865	0.000000
-1.343606	0.000000
0.553411	0.000000
1.705575	0.000000
0.699440	0.000000
-0.087744	0.000000
-0.655364	0.000000
1.667804	0.000000
-0.295905	0.000000
3.513890	0.000000
0.723391	0.000000
1.141082	0.000000
-0.033173	0.000000
-0.268021	0.000000
4.383405	0.000000
2.354144	0.000000
0.275496	0.000000
0.420797	0.000000
-0.364249	0.000000
1.167529	0.000000
0.199839	0.000000
0.256685	0.000000
1.696817	0.000000
-0.871082	0.000000
-1.026262	0.000000
0.924701	0.000000
1.547999	0.000000
0.124834	0.000000
1.797860	0.000000
0.528209	0.000000
-0.087897	0.000000
0.094028	0.000000
-0.231298	0.000000
0.660953	0.000000
-0.372309	0.000000
1.034788	0.000000
-0.472689	0.000000
0.280680	0.000000
-0.165655	0.000000
-0.596037	0.000000
0.818696	0.000000
1.202753	0.000000
0.458842	0.000000
0.636358	0.000000
-0.142754	0.000000
-1.268551	0.000000
0.819534	0.000000
-0.485159	0.000000
-0.637959	0.000000
-0.110796	0.000000
0.250182	0.000000
0.958451	0.000000
0.727122	0.000000
0.163407	0.000000
-0.658643	0.000000
-0.063806	0.000000
0.086472	0.000000
0.448491	0.000000
-0.074631	0.000000
1.858934	0.000000
1.007962	0.000000
1.309206	0.000000
-0.638487	0.000000
-0.553135	0.000000
1.265673	0.000000
-0.658228	0.000000
0.256475	0.000000
2.305462	0.000000
0.443924	0.000000
0.737506	0.000000
-0.304523	0.000000
-0.412030	0.000000
-0.564356	0.000000
0.971627	0.000000
0.482198	0.000000
3.224829	0.000000
0.704052	0.000000
0.194211	0.000000
-0.473544	0.000000
0.964487	0.000000
-0.719203	0.000000
-0.146646	0.000000
-0.130518	0.000000
1.244505	0.000000
0.574776	0.000000
-0.248952	0.000000
0.645022	0.000000
-0.062347	0.000000
0.984515	0.000000
-0.912198	0.000000
0.483697	0.000000
1.378616	0.000000
-0.289166	0.000000
2.124406	0.000000
-0.028607	0.000000
-0.739038	0.000000
0.776613	0.000000
1.122645	0.000000
-0.883567	0.000000
-0.397350	0.000000
0.654976	0.000000
-0.614686	0.000000
-0.028640	0.000000
-0.031776	0.000000
3.177317	0.000000
0.845781	0.000000
1.843856	0.000000
0.879417	0.000000
-0.110927	0.000000
-0.369370	0.000000
1.572296	0.000000
0.559118	0.000000
-0.363516	0.000000
0.122542	0.000000
1.280845	0.000000
0.255403	0.000000
0.345732	0.000000
0.089728	0.000000
-0.336028	0.000000
0.792355	0.000000
-1.048215	0.000000
-0.378930	0.000000
0.383165	0.000000
0.599308	0.000000
1.698639	0.000000
1.448151	0.000000
-0.313446	0.000000
2.452588	0.000000
1.072821	0.000000
0.303731	0.000000
0.380747	0.000000
0.538861	0.000000
-0.431583	0.000000
1.072152	0.000000
0.350705	0.000000
0.483760	0.000000
3.061083	0.000000
-0.097078	0.000000
0.692168	0.000000
1.218319	0.000000
0.079948	0.000000
0.439999	0.000000
1.653319	0.000000
0.964485	0.000000
0.656838	0.000000
0.746924	0.000000
2.107045	0.000000
0.748726	0.000000
2.054680	0.000000
-0.768125	0.000000
0.747504	0.000000
0.971317	0.000000
-0.347012	0.000000
0.377725	0.000000
-0.601453	0.000000
1.084074	0.000000
0.574020	0.000000
0.645529	0.000000
-0.386528	0.000000
0.709597	0.000000
1.964833	0.000000
0.481121	0.000000
0.888997	0.000000
0.477311	0.000000
-0.178470	0.000000
0.884163	0.000000
0.351221	0.000000
-0.272899	0.000000
0.832150	0.000000
0.221686	0.000000
0.571754	0.000000
1.996799	0.000000
0.686730	0.000000
1.633541	0.000000
0.292793	0.000000
-0.159597	0.000000
-0.907436	0.000000
-0.762305	0.000000
1.605511	0.000000
0.792315	0.000000
-0.685335	0.000000
-0.654548	0.000000
-0.766167	0.000000
-0.184346	0.000000
-0.899232	0.000000
0.131697	0.000000
0.854904	0.000000
0.735792	0.000000
0.480921	0.000000
0.260355	0.000000
1.941749	0.000000
-0.602183	0.000000
0.697205	0.000000
0.636610	0.000000
0.000058	0.000000
-0.257967	0.000000
-0.275485	0.000000
3.236574	0.000000
0.437134	0.000000
0.659903	0.000000
1.598329	0.000000
-0.293261	0.000000
0.826665	0.000000
1.026719	0.000000
0.738948	0.000000
0.746907	0.000000
0.516031	0.000000
0.062416	0.000000
0.770544	0.000000
-0.816171	0.000000
1.451016	0.000000
-0.281949	0.000000
0.347083	0.000000
-0.236010	0.000000
1.059812	0.000000
-0.147782	0.000000
0.202644	0.000000
-0.084163	0.000000
0.276149	0.000000
0.709587	0.000000
0.709584	0.000000
0.775104	0.000000
0.086045	0.000000
-0.063600	0.000000
1.106697	0.000000
0.000050	0.000000
1.785357	0.000000
-0.667129	0.000000
-0.360584	0.000000
0.480307	0.000000
0.250158	0.000000
-0.039886	0.000000
-0.525102	0.000000
1.878561	0.000000
1.207631	0.000000
-0.574545	0.000000
-0.043164	0.000000
0.717537	0.000000
0.821469	0.000000
-0.365657	0.000000
0.403226	0.000000
0.379024	0.000000
0.468287	0.000000
-0.046031	0.000000
1.232369	0.000000
0.877724	0.000000
2.564669	0.000000
0.588694	0.000000
-0.073943	0.000000
0.780902	0.000000
-0.456877	0.000000
0.158483	0.000000
-0.497977	0.000000
-0.133968	0.000000
-0.262936	0.000000
-1.193156	0.000000
0.704042	0.000000
-0.453084	0.000000
3.642781	0.000000
-0.101519	0.000000
-0.319620	0.000000
1.649864	0.000000
0.043522	0.000000
0.000035	0.000000
-0.123086	0.000000
-1.671504	0.000000
-0.429995	0.000000
0.249604	0.000000
-0.085607	0.000000
0.096102	0.000000
2.198475	0.000000
0.470021	0.000000
0.115708	0.000000
-0.094346	0.000000
0.429676	0.000000
-0.246338	0.000000
0.641539	0.000000
0.112263	0.000000
-0.331295	0.000000
-0.425714	0.000000
1.146169	0.000000
0.641469	0.000000
1.491222	0.000000
0.731822	0.000000
-1.178034	0.000000
0.230683	0.000000
0.673160	0.000000
0.242623	0.000000
-0.471499	0.000000
1.625503	0.000000
-0.678917	0.000000
-0.678841	0.000000
2.989187	0.000000
0.571751	0.000000
-1.646729	0.000000
1.308765	0.000000
0.518591	0.000000
0.583033	0.000000
0.186748	0.000000
-0.731356	0.000000
1.007960	0.000000
0.172289	0.000000
-0.170241	0.000000
1.751617	0.000000
1.032511	0.000000
-0.702104	0.000000
-0.284924	0.000000
1.765902	0.000000
1.368744	0.000000
0.954378	0.000000
1.066049	0.000000
0.602244	0.000000
0.066409	0.000000
0.569574	0.000000
2.279386	0.000000
-0.322465	0.000000
0.550994	0.000000
-0.647273	0.000000
1.784960	0.000000
5.076145	0.000000
0.879108	0.000000
0.439965	0.000000
1.870839	0.000000
1.337843	0.000000
0.246373	0.000000
0.035615	0.000000
1.462040	0.000000
1.060688	0.000000
2.482689	0.000000
0.240088	0.000000
2.198514	0.000000
1.253300	0.000000
-0.289185	0.000000
0.660933	0.000000
0.343726	0.000000
1.724586	0.000000
1.148024	0.000000
-0.224521	0.000000
-0.386538	0.000000
0.908294	0.000000
0.873291	0.000000
0.748397	0.000000
-0.114690	0.000000
0.572759	0.000000
0.392729	0.000000
1.383917	0.000000
-0.731674	0.000000
-0.515496	0.000000
0.416098	0.000000
0.923588	0.000000
-0.035675	0.000000
1.237985	0.000000
0.403982	0.000000
1.511041	0.000000
0.182990	0.000000
1.883348	0.000000
0.086465	0.000000
-0.582918	0.000000
1.008129	0.000000
-0.091375	0.000000
0.000059	0.000000
0.654610	0.000000
-1.532360	0.000000
0.599268	0.000000
0.033352	0.000000
1.141002	0.000000
-0.227923	0.000000
-0.637670	0.000000
0.554918	0.000000
1.475016	0.000000
0.152300	0.000000
0.602259	0.000000
1.394448	0.000000
0.067061	0.000000
-0.745116	0.000000
-0.677204	0.000000
1.163207	0.000000
0.550220	0.000000
0.728569	0.000000
1.624380	0.000000
3.995774	0.000000
-0.183264	0.000000
1.305240	0.000000
1.555638	0.000000
0.123191	0.000000
-1.209182	0.000000
0.215022	0.000000
0.623932	0.000000
0.428098	0.000000
0.240079	0.000000
2.726136	0.000000
0.344664	0.000000
-0.809776	0.000000
0.236042	0.000000
0.973855	0.000000
0.098556	0.000000
-0.202550	0.000000
0.477119	0.000000
-1.435879	0.000000
-0.397341	0.000000
0.982431	0.000000
0.988910	0.000000
-0.057317	0.000000
0.159104	0.000000
1.142401	0.000000
0.961053	0.000000
-0.292648	0.000000
2.365339	0.000000
-1.026246	0.000000
0.406408	0.000000
0.893397	0.000000
0.798711	0.000000
-0.242353	0.000000
-0.489978	0.000000
0.000004	0.000000
0.223484	0.000000
1.512425	0.000000
0.089725	0.000000
-0.560017	0.000000
1.371321	0.000000
1.048266	0.000000
-1.067963	0.000000
1.149311	0.000000
1.613332	0.000000
0.466322	0.000000
0.131706	0.000000
1.709763	0.000000
0.784854	0.000000
0.369971	0.000000
-0.043380	0.000000
0.647293	0.000000
2.630787	0.000000
1.859236	0.000000
1.340203	0.000000
1.052089	0.000000
0.161265	0.000000
0.214306	0.000000
0.712051	0.000000
0.218615	0.000000
0.152333	0.000000
-0.359553	0.000000
3.666368	0.000000
-0.086958	0.000000
-0.062184	0.000000
0.821038	0.000000
-0.568996	0.000000
0.215001	0.000000
1.091859	0.000000
0.941779	0.000000
0.288143	0.000000
1.231182	0.000000
1.597984	0.000000
-0.346999	0.000000
2.124426	0.000000
0.257828	0.000000
0.000026	0.000000
0.303935	0.000000
-0.112235	0.000000
0.441820	0.000000
-0.766290	0.000000
1.855715	0.000000
1.870938	0.000000
-0.573519	0.000000
0.159128	0.000000
-0.142762	0.000000
0.961095	0.000000
-0.409733	0.000000
0.667184	0.000000
-0.221856	0.000000
0.628093	0.000000
-0.178610	0.000000
-0.638906	0.000000
0.605946	0.000000
0.367586	0.000000
0.256174	0.000000
0.063881	0.000000
0.216124	0.000000
0.313927	0.000000
0.000015	0.000000
0.822836	0.000000
1.894897	0.000000
0.000035	0.000000
0.085180	0.000000
1.290693	0.000000
0.799379	0.000000
1.360423	0.000000
-0.427390	0.000000
1.913024	0.000000
1.775670	0.000000
0.260315	0.000000
-0.152274	0.000000
-0.126772	0.000000
-0.398380	0.000000
-0.536039	0.000000
1.665722	0.000000
0.677230	0.000000
0.551023	0.000000
0.097101	0.000000
1.566452	0.000000
1.015288	0.000000
-0.199732	0.000000
0.586616	0.000000
4.350854	0.000000
-0.559978	0.000000
0.615778	0.000000
0.569058	0.000000
1.204029	0.000000
0.467944	0.000000
1.712240	0.000000
0.240082	0.000000
1.275181	0.000000
1.409958	0.000000
0.231457	0.000000
0.566512	0.000000
-0.343709	0.000000
1.970940	0.000000
0.979191	0.000000
0.673613	0.000000
0.552331	0.000000
0.340615	0.000000
0.818726	0.000000
-1.416527	0.000000
0.229454	0.000000
0.286370	0.000000
-0.963835	0.000000
0.346007	0.000000
-0.819460	0.000000
0.060677	0.000000
0.443830	0.000000
0.517261	0.000000
0.393080	0.000000
0.878595	0.000000
0.484760	0.000000
1.511036	0.000000
1.317429	0.000000
-0.670286	0.000000
0.302519	0.000000
-0.672625	0.000000
-2.128231	0.000000
-0.609453	0.000000
0.282245	0.000000
1.584795	0.000000
2.043225	0.000000
0.184409	0.000000
1.265673	0.000000
-0.702068	0.000000
-1.225299	0.000000
0.294386	0.000000
-0.221926	0.000000
0.086782	0.000000
-1.789414	0.000000
-0.728958	0.000000
0.730434	0.000000
-0.636534	0.000000
2.104074	0.000000
-0.451448	0.000000
0.795901	0.000000
1.941988	0.000000
-0.582835	0.000000
0.406088	0.000000
-1.118776	0.000000
0.146698	0.000000
0.783172	0.000000
3.111222	0.000000
0.533708	0.000000
0.071187	0.000000
1.333043	0.000000
0.218385	0.000000
-0.428001	0.000000
-0.143996	0.000000
1.538968	0.000000
0.282035	0.000000
-0.694099	0.000000
1.652279	0.000000
0.945236	0.000000
0.640590	0.000000
0.979220	0.000000
0.673612	0.000000
-0.552254	0.000000
0.709610	0.000000
0.000068	0.000000
0.374208	0.000000
0.602258	0.000000
0.381842	0.000000
-0.356972	0.000000
-0.115278	0.000000
-0.146300	0.000000
-1.000660	0.000000
-0.110935	0.000000
0.923613	0.000000
-0.750374	0.000000
0.479221	0.000000
0.929105	0.000000
1.592684	0.000000
0.292815	0.000000
1.276857	0.000000
0.129666	0.000000
0.403603	0.000000
-0.746725	0.000000
1.005675	0.000000
1.249833	0.000000
1.998219	0.000000
0.212840	0.000000
-0.092119	0.000000
-0.732735	0.000000
-1.448100	0.000000
0.484436	0.000000
0.049096	0.000000
1.442725	0.000000
1.822060	0.000000
1.104159	0.000000
-1.616446	0.000000
1.394407	0.000000
-0.904598	0.000000
-0.219165	0.000000
-0.773898	0.000000
1.775408	0.000000
1.844885	0.000000
-0.728531	0.000000
0.101530	0.000000
0.159880	0.000000
0.220005	0.000000
1.522821	0.000000
0.155578	0.000000
4.105205	0.000000
-0.640135	0.000000
0.645041	0.000000
0.249602	0.000000
1.198551	0.000000
0.000066	0.000000
1.582966	0.000000
-0.908605	0.000000
0.231384	0.000000
0.660917	0.000000
1.117066	0.000000
0.886941	0.000000
0.168877	0.000000
0.224525	0.000000
-0.110392	0.000000
-0.227037	0.000000
-0.600292	0.000000
0.213851	0.000000
0.946383	0.000000
1.050016	0.000000
0.249941	0.000000
1.114862	0.000000
0.204875	0.000000
-0.303195	0.000000
0.138730	0.000000
0.221663	0.000000
-0.214384	0.000000
0.798760	0.000000
1.413827	0.000000
1.225179	0.000000
-0.622047	0.000000
0.159618	0.000000
1.296396	0.000000
-1.031409	0.000000
-0.410671	0.000000
0.670459	0.000000
0.322594	0.000000
-0.275608	0.000000
0.723641	0.000000
0.322726	0.000000
0.000031	0.000000
0.570550	0.000000
0.398964	0.000000
1.030130	0.000000
0.665918	0.000000
0.173544	0.000000
-0.190311	0.000000
2.060246	0.000000
1.261617	0.000000
0.201040	0.000000
0.438347	0.000000
0.161292	0.000000
0.826521	0.000000
-0.323625	0.000000
0.400762	0.000000
-0.406063	0.000000
0.879120	0.000000
0.183342	0.000000
0.739637	0.000000
0.591160	0.000000
-1.149423	0.000000
3.556538	0.000000
2.580021	0.000000
0.436783	0.000000
0.256835	0.000000
-0.095991	0.000000
0.000000	0.000000
0.783323	0.000000
0.000076	0.000000
0.708173	0.000000
1.260287	0.000000
1.330387	0.000000
0.607778	0.000000
0.000021	0.000000
0.110470	0.000000
0.028392	0.000000
0.436654	0.000000
2.004554	0.000000
-0.573519	0.000000
-0.159081	0.000000
-1.535080	0.000000
0.461337	0.000000
-0.468265	0.000000
1.455568	0.000000
-0.943030	0.000000
0.221718	0.000000
-1.036247	0.000000
0.479226	0.000000
-0.080781	0.000000
1.102610	0.000000
1.171053	0.000000
-0.638409	0.000000
-0.604951	0.000000
-0.269020	0.000000
0.186723	0.000000
-1.066572	0.000000
0.483808	0.000000
1.550326	0.000000
1.872942	0.000000
0.276619	0.000000
0.699468	0.000000
-0.702108	0.000000
-0.313450	0.000000
1.520656	0.000000
1.590744	0.000000
0.997800	0.000000
-1.142131	0.000000
1.711599	0.000000
-0.497980	0.000000
-1.306634	0.000000
0.438397	0.000000
-0.193476	0.000000
0.030641	0.000000
-0.097093	0.000000
-0.218557	0.000000
1.827408	0.000000
-0.359574	0.000000
0.549995	0.000000
0.304570	0.000000
-0.031084	0.000000
0.738989	0.000000
1.564873	0.000000
4.299954	0.000000
-0.124769	0.000000
1.840624	0.000000
0.720235	0.000000
1.802809	0.000000
0.595331	0.000000
0.347149	0.000000
2.171599	0.000000
0.200519	0.000000
-0.739015	0.000000
0.236401	0.000000
0.084231	0.000000
-0.662663	0.000000
0.085165	0.000000
0.109245	0.000000
0.160386	0.000000
0.573577	0.000000
1.081842	0.000000
0.892517	0.000000
0.461362	0.000000
0.380506	0.000000
0.242618	0.000000
1.081768	0.000000
-0.517161	0.000000
-0.142929	0.000000
0.519208	0.000000
1.292650	0.000000
1.347668	0.000000
0.365959	0.000000
-0.702223	0.000000
0.907484	0.000000
0.941779	0.000000
0.634794	0.000000
0.121943	0.000000
-1.935144	0.000000
0.516815	0.000000
0.340592	0.000000
0.507065	0.000000
0.799409	0.000000
1.316527	0.000000
-0.968840	0.000000
0.932054	0.000000
1.035809	0.000000
0.997788	0.000000
-0.342641	0.000000
-0.221857	0.000000
0.033227	0.000000
1.038636	0.000000
0.000037	0.000000
1.160938	0.000000
-0.428516	0.000000
-1.035685	0.000000
-0.218537	0.000000
2.487331	0.000000
0.399582	0.000000
-0.953200	0.000000
1.435791	0.000000
0.933394	0.000000
0.164214	0.000000
0.497929	0.000000
0.473003	0.000000
3.119646	0.000000
0.727693	0.000000
1.584436	0.000000
-0.659517	0.000000
1.190624	0.000000
-0.231323	0.000000
1.510716	0.000000
-0.171824	0.000000
-0.492702	0.000000
-0.270090	0.000000
-0.420968	0.000000
-0.883619	0.000000
-0.794716	0.000000
0.382115	0.000000
0.320731	0.000000
-0.086029	0.000000
-0.827220	0.000000
0.285608	0.000000
0.884194	0.000000
0.673179	0.000000
0.970382	0.000000
-0.055448	0.000000
-0.554086	0.000000
2.322736	0.000000
0.559095	0.000000
0.282801	0.000000
0.408415	0.000000
-0.182948	0.000000
-0.383017	0.000000
0.129664	0.000000
1.031428	0.000000
1.866880	0.000000
1.858912	0.000000
0.241956	0.000000
0.275632	0.000000
0.255443	0.000000
1.889894	0.000000
1.199040	0.000000
-0.877620	0.000000
0.114021	0.000000
0.784847	0.000000
2.589539	0.000000
1.041155	0.000000
-0.228420	0.000000
0.158508	0.000000
-0.730380	0.000000
-1.507637	0.000000
1.052065	0.000000
1.257687	0.000000
1.377494	0.000000
-0.291255	0.000000
-0.400679	0.000000
1.675118	0.000000
-1.438413	0.000000
0.256663	0.000000
2.088443	0.000000
1.586726	0.000000
1.190555	0.000000
0.035568	0.000000
1.246992	0.000000
0.748704	0.000000
4.280508	0.000000
0.432153	0.000000
2.330396	0.000000
-0.125283	0.000000
2.082411	0.000000
0.613732	0.000000
0.486955	0.000000
0.788373	0.000000
-0.033741	0.000000
-0.056085	0.000000
1.712084	0.000000
0.454152	0.000000
1.964864	0.000000
-0.080170	0.000000
0.602223	0.000000
2.418148	0.000000
0.963944	0.000000
3.075352	0.000000
0.585371	0.000000
1.152337	0.000000
-0.166395	0.000000
-0.295515	0.000000
-1.179209	0.000000
3.234745	0.000000
1.050312	0.000000
0.980152	0.000000
-0.073167	0.000000
0.606520	0.000000
1.037107	0.000000
0.000065	0.000000
0.448094	0.000000
1.066621	0.000000
0.161282	0.000000
1.102482	0.000000
1.064214	0.000000
0.000070	0.000000
-0.999151	0.000000
-0.175497	0.000000
0.341983	0.000000
-1.226260	0.000000
0.628925	0.000000
0.824235	0.000000
1.446839	0.000000
-0.824060	0.000000
-0.199184	0.000000
1.641724	0.000000
0.920553	0.000000
1.031953	0.000000
-1.254997	0.000000
-0.161810	0.000000
0.072910	0.000000
0.050767	0.000000
1.678268	0.000000
-0.329930	0.000000
0.348104	0.000000
-0.342207	0.000000
-0.410512	0.000000
0.391270	0.000000
1.032015	0.000000
0.717524	0.000000
-0.556393	0.000000
4.801267	0.000000
-0.087922	0.000000
1.754598	0.000000
0.809863	0.000000
-0.472038	0.000000
-0.286401	0.000000
-0.394122	0.000000
-0.742817	0.000000
0.898126	0.000000
0.828403	0.000000
-0.879864	0.000000
-0.327435	0.000000
0.614737	0.000000
0.716952	0.000000
0.031824	0.000000
0.285633	0.000000
-2.114290	0.000000
0.673170	0.000000
0.212320	0.000000
0.693476	0.000000
1.773289	0.000000
-1.750913	0.000000
-0.239595	0.000000
0.605968	0.000000
-0.571715	0.000000
0.292778	0.000000
2.106779	0.000000
0.259311	0.000000
1.390184	0.000000
2.128286	0.000000
1.980803	0.000000
2.136817	0.000000
-0.689001	0.000000
1.021655	0.000000
1.152370	0.000000
0.532914	0.000000
0.526625	0.000000
1.111363	0.000000
1.128230	0.000000
1.146835	0.000000
0.954439	0.000000
0.038114	0.000000
0.190216	0.000000
-2.025153	0.000000
1.239690	0.000000
-0.131473	0.000000
1.902664	0.000000
1.652985	0.000000
0.647360	0.000000
2.003528	0.000000
0.253840	0.000000
1.957946	0.000000
0.806642	0.000000
0.783196	0.000000
0.248913	0.000000
2.339934	0.000000
0.213400	0.000000
0.645051	0.000000
0.904705	0.000000
1.755059	0.000000
-0.240054	0.000000
4.396966	0.000000
0.783327	0.000000
0.578463	0.000000
0.708143	0.000000
0.945211	0.000000
0.788434	0.000000
-0.405172	0.000000
0.561340	0.000000
1.215021	0.000000
0.340624	0.000000
1.091573	0.000000
-0.908716	0.000000
-0.143346	0.000000
2.990882	0.000000
0.035741	0.000000
0.230680	0.000000
-0.175599	0.000000
-0.485160	0.000000
-0.194119	0.000000
0.665016	0.000000
0.142977	0.000000
1.317892	0.000000
0.121185	0.000000
1.388520	0.000000
-0.914846	0.000000
0.734217	0.000000
0.604993	0.000000
0.000006	0.000000
-0.149340	0.000000
0.213338	0.000000
0.645071	0.000000
0.620170	0.000000
1.915480	0.000000
1.382867	0.000000
0.133277	0.000000
0.351095	0.000000
0.398972	0.000000
0.441514	0.000000
0.924852	0.000000
-0.043369	0.000000
0.038101	0.000000
0.221896	0.000000
-0.331947	0.000000
0.234535	0.000000
-0.745167	0.000000
0.451485	0.000000
0.948936	0.000000
0.161864	0.000000
1.675680	0.000000
2.690378	0.000000
0.039997	0.000000
1.759861	0.000000
0.739655	0.000000
-0.062200	0.000000
0.287411	0.000000
-1.315852	0.000000
-0.042958	0.000000
1.310269	0.000000
0.470917	0.000000
1.248331	0.000000
0.175904	0.000000
3.133225	0.000000
0.636332	0.000000
1.321886	0.000000
-1.002463	0.000000
0.098568	0.000000
-0.573997	0.000000
0.364864	0.000000
-0.828329	0.000000
0.766355	0.000000
0.327504	0.000000
1.229481	0.000000
-0.573536	0.000000
0.190951	0.000000
-0.142760	0.000000
0.000028	0.000000
0.497564	0.000000
1.637511	0.000000
-0.416040	0.000000
-0.960460	0.000000
0.750435	0.000000
0.559112	0.000000
0.202020	0.000000
0.449225	0.000000
1.171019	0.000000
0.925721	0.000000
-0.950608	0.000000
-1.300447	0.000000
-0.522689	0.000000
-0.060909	0.000000
0.000067	0.000000
-0.275605	0.000000
0.297986	0.000000
0.092256	0.000000
-0.166478	0.000000
1.053263	0.000000
0.569950	0.000000
0.490537	0.000000
0.295998	0.000000
-0.216891	0.000000
1.066057	0.000000
-1.648172	0.000000
-0.464782	0.000000
1.373663	0.000000
0.131540	0.000000
1.612441	0.000000
0.948954	0.000000
0.841549	0.000000
1.675696	0.000000
-1.776630	0.000000
-1.038882	0.000000
-0.843204	0.000000
1.392313	0.000000
-0.311113	0.000000
0.533735	0.000000
-0.604591	0.000000
0.387038	0.000000
0.717535	0.000000
0.813354	0.000000
0.432153	0.000000
0.527662	0.000000
-0.751944	0.000000
5.784362	0.000000
0.047215	0.000000
-0.658752	0.000000
0.542053	0.000000
-0.607752	0.000000
0.533281	0.000000
-0.331295	0.000000
0.709602	0.000000
2.838103	0.000000
-0.267269	0.000000
-0.344109	0.000000
1.495436	0.000000
-0.535488	0.000000
1.653032	0.000000
0.673174	0.000000
-0.636766	0.000000
-0.166387	0.000000
1.034435	0.000000
-0.786117	0.000000
-0.878512	0.000000
-0.080770	0.000000
-0.571702	0.000000
-0.256155	0.000000
0.574610	0.000000
-2.117320	0.000000
-1.659194	0.000000
0.410763	0.000000
-0.639932	0.000000
0.685437	0.000000
2.411615	0.000000
-0.127675	0.000000
0.230537	0.000000
0.199894	0.000000
-0.789863	0.000000
0.569923	0.000000
0.049105	0.000000
-1.109763	0.000000
1.258103	0.000000
0.380792	0.000000
-0.316942	0.000000
0.033247	0.000000
-0.033462	0.000000
0.920560	0.000000
-0.161233	0.000000
1.071372	0.000000
-0.161801	0.000000
0.182195	0.000000
2.791913	0.000000
-0.119856	0.000000
-0.696587	0.000000
0.391583	0.000000
0.684466	0.000000
1.518922	0.000000
-0.782412	0.000000
0.258061	0.000000
-0.031175	0.000000
0.214083	0.000000
0.240143	0.000000
-1.143152	0.000000
1.284653	0.000000
0.404957	0.000000
4.720861	0.000000
0.286439	0.000000
2.168070	0.000000
2.059698	0.000000
0.056146	0.000000
-0.717896	0.000000
0.170323	0.000000
0.709573	0.000000
0.294021	0.000000
0.286807	0.000000
-0.031802	0.000000
-0.392676	0.000000
-0.153766	0.000000
0.409762	0.000000
0.121318	0.000000
0.721174	0.000000
0.258664	0.000000
-0.428756	0.000000
0.559091	0.000000
0.444379	0.000000
-0.163303	0.000000
-0.914858	0.000000
0.446902	0.000000
-0.345658	0.000000
-0.762354	0.000000
0.112019	0.000000
-0.091377	0.000000
0.967619	0.000000
-0.137752	0.000000
0.510849	0.000000
-0.092147	0.000000
0.166543	0.000000
0.789948	0.000000
-1.624221	0.000000
0.588649	0.000000
0.924853	0.000000
0.086797	0.000000
0.647298	0.000000
-0.792374	0.000000
-0.132776	0.000000
0.335086	0.000000
-0.219117	0.000000
1.064233	0.000000
-0.122428	0.000000
1.132837	0.000000
0.182185	0.000000
0.456903	0.000000
-0.399528	0.000000
0.256665	0.000000
-0.348035	0.000000
0.217830	0.000000
0.944237	0.000000
1.173681	0.000000
0.903013	0.000000
0.561576	0.000000
1.583848	0.000000
1.248366	0.000000
0.879457	0.000000
-0.845914	0.000000
-0.520539	0.000000
0.566500	0.000000
2.864260	0.000000
-1.182510	0.000000
0.270175	0.000000
-0.336760	0.000000
-0.276056	0.000000
0.737997	0.000000
0.873243	0.000000
1.710550	0.000000
-0.774238	0.000000
0.700019	0.000000
-0.928159	0.000000
1.537711	0.000000
1.199970	0.000000
-0.090954	0.000000
0.110980	0.000000
-1.108246	0.000000
0.500289	0.000000
0.239655	0.000000
0.403953	0.000000
0.490053	0.000000
-0.292728	0.000000
-0.478806	0.000000
-1.598791	0.000000
-0.179372	0.000000
0.746793	0.000000
1.401785	0.000000
-0.524117	0.000000
-0.103342	0.000000
-1.276936	0.000000
1.936017	0.000000
-0.233104	0.000000
0.307211	0.000000
-0.313412	0.000000
-0.049046	0.000000
0.037032	0.000000
-0.043353	0.000000
-0.190354	0.000000
0.633922	0.000000
0.000012	0.000000
1.775703	0.000000
-0.043821	0.000000
0.999728	0.000000
0.673439	0.000000
0.485540	0.000000
0.655743	0.000000
0.710706	0.000000
0.519460	0.000000
0.293357	0.000000
0.696159	0.000000
0.155590	0.000000
0.164223	0.000000
-0.568994	0.000000
1.032055	0.000000
-0.124737	0.000000
2.311514	0.000000
-0.528074	0.000000
0.659573	0.000000
-0.062655	0.000000
-2.082359	0.000000
0.330532	0.000000
0.315102	0.000000
4.927304	0.000000
1.553191	0.000000
0.140365	0.000000
-0.055170	0.000000
-0.085146	0.000000
0.272926	0.000000
1.870930	0.000000
0.889007	0.000000
0.222731	0.000000
-0.499762	0.000000
-0.807240	0.000000
1.346343	0.000000
-0.515507	0.000000
0.693451	0.000000
0.812776	0.000000
-0.107174	0.000000
0.958448	0.000000
-0.282737	0.000000
0.163389	0.000000
-0.182913	0.000000
0.957650	0.000000
0.691464	0.000000
1.479897	0.000000
0.112060	0.000000
0.670459	0.000000
0.846711	0.000000
0.103364	0.000000
-0.893865	0.000000
0.460968	0.000000
0.999236	0.000000
0.614374	0.000000
0.712415	0.000000
0.833882	0.000000
0.147987	0.000000
0.173566	0.000000
-0.342630	0.000000
0.665618	0.000000
0.796811	0.000000
-0.100508	0.000000
0.745199	0.000000
0.612754	0.000000
0.642829	0.000000
1.132850	0.000000
-0.182089	0.000000
1.116790	0.000000
-0.279672	0.000000
-0.073323	0.000000
0.783161	0.000000
0.062228	0.000000
0.492665	0.000000
0.142283	0.000000
0.558998	0.000000
-0.530324	0.000000
0.085622	0.000000
0.528176	0.000000
0.483718	0.000000
-0.469959	0.000000
0.057899	0.000000
0.236048	0.000000
-0.716035	0.000000
2.808587	0.000000
3.376500	0.000000
-0.420970	0.000000
-0.994011	0.000000
0.113550	0.000000
0.764172	0.000000
0.347469	0.000000
-0.372770	0.000000
-0.445442	0.000000
0.606932	0.000000
0.807283	0.000000
0.731727	0.000000
0.363928	0.000000
0.360600	0.000000
0.664977	0.000000
-0.035680	0.000000
0.718882	0.000000
1.050314	0.000000
0.449272	0.000000
-0.292734	0.000000
0.127685	0.000000
-0.518500	0.000000
-0.717507	0.000000
-1.418766	0.000000
-0.274249	0.000000
0.161275	0.000000
-0.172246	0.000000
1.745266	0.000000
0.414899	0.000000
1.165740	0.000000
0.526621	0.000000
-0.284915	0.000000
-0.147080	0.000000
0.776878	0.000000
0.867663	0.000000
1.408737	0.000000
-0.950822	0.000000
0.896445	0.000000
-1.038612	0.000000
1.227416	0.000000
1.483441	0.000000
1.224461	0.000000
0.226607	0.000000
-0.291370	0.000000
-1.065969	0.000000
-0.439510	0.000000
0.586667	0.000000
0.565660	0.000000
1.057841	0.000000
-0.738902	0.000000
0.355664	0.000000
0.730996	0.000000
1.154285	0.000000
0.770492	0.000000
-0.192020	0.000000
0.439724	0.000000
-0.093959	0.000000
-1.214634	0.000000
0.566524	0.000000
-1.317507	0.000000
1.182585	0.000000
0.101323	0.000000
2.806567	0.000000
0.552308	0.000000
-1.021747	0.000000
0.982417	0.000000
0.080193	0.000000
-1.061021	0.000000
0.159107	0.000000
1.142444	0.000000
-0.038389	0.000000
0.439017	0.000000
0.485190	0.000000
0.610253	0.000000
0.701922	0.000000
0.285882	0.000000
0.159781	0.000000
0.727163	0.000000
0.285909	0.000000
0.365978	0.000000
0.798071	0.000000
1.296428	0.000000
0.538152	0.000000
-0.560011	0.000000
0.091447	0.000000
0.483854	0.000000
0.206746	0.000000
0.127727	0.000000
-0.138221	0.000000
-0.366335	0.000000
-0.438786	0.000000
-0.341907	0.000000
1.716863	0.000000
0.406967	0.000000
-0.390388	0.000000
2.246350	0.000000
-1.172714	0.000000
-1.261563	0.000000
-1.541134	0.000000
0.657581	0.000000
-2.999038	0.000000
1.622350	0.000000
-1.359328	0.000000
1.639262	0.000000
-0.253765	0.000000
1.358609	0.000000
0.513292	0.000000
-1.174684	0.000000
-0.217775	0.000000
-1.231510	0.000000
1.635997	0.000000
-0.687944	0.000000
-0.343142	0.000000
-0.299587	0.000000
-0.768126	0.000000
-0.087920	0.000000
-0.375973	0.000000
-0.347044	0.000000
-0.424856	0.000000
0.200499	0.000000
1.034737	0.000000
0.067578	0.000000
0.056133	0.000000
5.522742	0.000000
-1.192068	0.000000
1.473625	0.000000
-0.267259	0.000000
-0.487501	0.000000
0.445451	0.000000
0.571241	0.000000
0.076946	0.000000
0.848770	0.000000
-0.394189	0.000000
0.194200	0.000000
0.738894	0.000000
0.929139	0.000000
-0.958384	0.000000
-0.807858	0.000000
0.449213	0.000000
-0.329335	0.000000
0.925741	0.000000
-0.172833	0.000000
0.448459	0.000000
-0.410661	0.000000
-1.249371	0.000000
-1.693271	0.000000
-0.516742	0.000000
0.297967	0.000000
0.553141	0.000000
0.632859	0.000000
0.000030	0.000000
0.598416	0.000000
1.275415	0.000000
0.887848	0.000000
0.563957	0.000000
0.647260	0.000000
1.236162	0.000000
-0.033197	0.000000
-0.167463	0.000000
0.832863	0.000000
0.161268	0.000000
0.857128	0.000000
0.161862	0.000000
1.347842	0.000000
1.015282	0.000000
-1.198715	0.000000
0.806607	0.000000
-0.391534	0.000000
0.373370	0.000000
0.944238	0.000000
-0.497906	0.000000
0.387010	0.000000
-1.622142	0.000000
0.342449	0.000000
-1.344335	0.000000
-0.351682	0.000000
1.848607	0.000000
-0.231304	0.000000
0.755400	0.000000
0.315083	0.000000
1.379698	0.000000
-0.540224	0.000000
-0.589372	0.000000
0.220997	0.000000
2.838279	0.000000
0.600395	0.000000
-0.481075	0.000000
-0.344088	0.000000
0.413640	0.000000
0.357011	0.000000
0.884182	0.000000
-0.995048	0.000000
0.394243	0.000000
-0.554703	0.000000
-0.036939	0.000000
-1.929575	0.000000
0.079872	0.000000
1.534988	0.000000
0.653404	0.000000
-2.415212	0.000000
-0.063818	0.000000
-0.691370	0.000000
1.255661	0.000000
0.037371	0.000000
0.030486	0.000000
0.282278	0.000000
0.275627	0.000000
-0.255389	0.000000
0.968017	0.000000
0.466345	0.000000
0.175597	0.000000
0.626918	0.000000
1.226303	0.000000
-1.183718	0.000000
0.737487	0.000000
-1.104114	0.000000
0.760734	0.000000
-0.298764	0.000000
-0.670073	0.000000
0.438377	0.000000
-0.677160	0.000000
0.153102	0.000000
0.258947	0.000000
0.509989	0.000000
0.812231	0.000000
-0.559402	0.000000
-0.733209	0.000000
0.304580	0.000000
0.653401	0.000000
0.041117	0.000000
-0.071126	0.000000
0.473024	0.000000
1.372665	0.000000
1.070190	0.000000
-0.672133	0.000000
-0.351731	0.000000
1.159317	0.000000
0.405000	0.000000
0.755374	0.000000
-0.572814	0.000000
1.872389	0.000000
-0.202561	0.000000
1.403287	0.000000
0.110511	0.000000
0.482539	0.000000
5.457786	0.000000
0.026764	0.000000
-0.544855	0.000000
0.795485	0.000000
0.499842	0.000000
1.729930	0.000000
-0.175570	0.000000
0.091011	0.000000
1.303685	0.000000
0.517237	0.000000
-0.142922	0.000000
0.239611	0.000000
-0.686701	0.000000
0.326743	0.000000
0.219589	0.000000
1.691822	0.000000
-0.129594	0.000000
0.583051	0.000000
0.112016	0.000000
0.060992	0.000000
0.927313	0.000000
0.551281	0.000000
1.660083	0.000000
-0.737459	0.000000
-0.499554	0.000000
-0.043851	0.000000
-1.111328	0.000000
0.637715	0.000000
0.702875	0.000000
0.477257	0.000000
0.000040	0.000000
1.331237	0.000000
0.830030	0.000000
0.536102	0.000000
1.052044	0.000000
-0.096737	0.000000
1.010174	0.000000
0.873902	0.000000
1.566438	0.000000
1.573648	0.000000
0.719271	0.000000
0.183365	0.000000
0.261082	0.000000
2.022291	0.000000
1.395782	0.000000
1.458202	0.000000
0.645034	0.000000
0.405559	0.000000
-0.599217	0.000000
-0.048013	0.000000
-0.351738	0.000000
0.626657	0.000000
0.173605	0.000000
0.566565	0.000000
0.429684	0.000000
0.886972	0.000000
-1.046689	0.000000
-0.112245	0.000000
0.331412	0.000000
0.510931	0.000000
2.619783	0.000000
2.672741	0.000000
1.032384	0.000000
0.127279	0.000000
1.178142	0.000000
1.307064	0.000000
-0.204859	0.000000
-0.545815	0.000000
0.083238	0.000000
2.179655	0.000000
-0.107169	0.000000
0.000019	0.000000
0.565548	0.000000
0.939289	0.000000
0.548926	0.000000
1.564126	0.000000
-0.345627	0.000000
0.538175	0.000000
0.672123	0.000000
1.097070	0.000000
0.443506	0.000000
0.999145	0.000000
0.638512	0.000000
-0.184372	0.000000
0.133256	0.000000
-1.448126	0.000000
0.598417	0.000000
-1.471469	0.000000
0.998870	0.000000
-0.910948	0.000000
1.027993	0.000000
0.348683	0.000000
1.328027	0.000000
-0.703576	0.000000
0.964376	0.000000
0.870712	0.000000
0.336730	0.000000
0.712087	0.000000
1.092853	0.000000
0.253842	0.000000
0.279764	0.000000
-0.843256	0.000000
-0.217490	0.000000
0.684492	0.000000
1.272613	0.000000
0.462358	0.000000
-0.343968	0.000000
-0.124763	0.000000
0.813336	0.000000
-0.336067	0.000000
0.439749	0.000000
0.000042	0.000000
0.115753	0.000000
-0.235994	0.000000
-0.057250	0.000000
0.689855	0.000000
-0.573976	0.000000
0.056159	0.000000
0.331385	0.000000
1.021826	0.000000
1.200785	0.000000
1.630381	0.000000
2.867760	0.000000
0.636369	0.000000
1.142406	0.000000
0.807321	0.000000
-0.351185	0.000000
0.667138	0.000000
-1.164943	0.000000
1.293057	0.000000
1.500841	0.000000
-0.399325	0.000000
0.727150	0.000000
-0.490037	0.000000
1.134478	0.000000
0.925715	0.000000
-0.345672	0.000000
1.479928	0.000000
1.082828	0.000000
0.670446	0.000000
-0.524073	0.000000
0.413462	0.000000
-0.425616	0.000000
0.875827	0.000000
-0.799306	0.000000
1.228778	0.000000
-0.341929	0.000000
0.735782	0.000000
0.259003	0.000000
-0.043337	0.000000
-0.266497	0.000000
-0.316954	0.000000
0.498028	0.000000
1.809234	0.000000
1.095906	0.000000
0.354754	0.000000
1.163213	0.000000
0.971005	0.000000
0.109328	0.000000
0.558412	0.000000
0.879071	0.000000
0.073359	0.000000
1.348745	0.000000
0.342279	0.000000
0.944224	0.000000
0.391231	0.000000
2.924023	0.000000
0.093621	0.000000
0.513686	0.000000
-0.143986	0.000000
1.143230	0.000000
-0.407287	0.000000
0.578441	0.000000
0.991377	0.000000
0.085954	0.000000
0.443482	0.000000
-0.337624	0.000000
0.673609	0.000000
0.386598	0.000000
1.788153	0.000000
1.419084	0.000000
1.042397	0.000000
1.233142	0.000000
3.181804	0.000000
-0.107066	0.000000
-0.422855	0.000000
-0.585344	0.000000
0.000046	0.000000
-1.525553	0.000000
0.960563	0.000000
-0.786146	0.000000
0.798757	0.000000
-0.444313	0.000000
2.001029	0.000000
0.219582	0.000000
-0.542608	0.000000
0.216115	0.000000
1.569588	0.000000
0.933479	0.000000
-1.249409	0.000000
0.685453	0.000000
0.310094	0.000000
-0.468207	0.000000
0.921937	0.000000
-0.233127	0.000000
-1.184820	0.000000
-1.082823	0.000000
2.207360	0.000000
-1.405687	0.000000
0.260345	0.000000
0.038080	0.000000
0.824095	0.000000
1.593630	0.000000
0.871140	0.000000
1.402741	0.000000
0.386989	0.000000
-0.306082	0.000000
-0.291272	0.000000
0.218591	0.000000
0.812178	0.000000
0.119890	0.000000
0.549959	0.000000
0.478601	0.000000
-0.622194	0.000000
-0.123107	0.000000
-1.066938	0.000000
-0.042969	0.000000
-0.405506	0.000000
0.085626	0.000000
0.144067	0.000000
0.615625	0.000000
-0.438621	0.000000
-0.231359	0.000000
0.991426	0.000000
0.916570	0.000000
-0.098464	0.000000
1.350603	0.000000
0.392922	0.000000
-0.220840	0.000000
-0.113529	0.000000
1.637393	0.000000
0.668213	0.000000
0.344128	0.000000
-0.190859	0.000000
3.570003	0.000000
0.538209	0.000000
1.053670	0.000000
2.425950	0.000000
1.802931	0.000000
-0.221604	0.000000
0.393078	0.000000
0.798759	0.000000
0.525131	0.000000
0.204216	0.000000
-0.256152	0.000000
0.159642	0.000000
0.000026	0.000000
-0.627821	0.000000
-0.634685	0.000000
1.036113	0.000000
1.209567	0.000000
0.241169	0.000000
1.277048	0.000000
-0.184332	0.000000
0.866021	0.000000
0.877693	0.000000
0.626922	0.000000
-0.441464	0.000000
0.111015	0.000000
-0.216833	0.000000
0.038087	0.000000
-0.570496	0.000000
-0.398354	0.000000
-0.100463	0.000000
0.043874	0.000000
-0.064478	0.000000
1.071380	0.000000
-0.194165	0.000000
0.546422	0.000000
1.065989	0.000000
-0.319613	0.000000
0.036715	0.000000
-0.217511	0.000000
0.186678	0.000000
0.862127	0.000000
0.426814	0.000000
0.903035	0.000000
0.779909	0.000000
0.000066	0.000000
-0.143958	0.000000
0.439704	0.000000
1.723299	0.000000
-0.057791	0.000000
3.304615	0.000000
0.916562	0.000000
0.936247	0.000000
0.135078	0.000000
0.140338	0.000000
0.883685	0.000000
1.844881	0.000000
0.545814	0.000000
-0.213796	0.000000
-0.200738	0.000000
0.604552	0.000000
-0.606890	0.000000
3.844197	0.000000
0.643924	0.000000
-0.485168	0.000000
1.164990	0.000000
-0.443302	0.000000
0.321610	0.000000
0.000030	0.000000
0.767529	0.000000
0.898447	0.000000
-0.182943	0.000000
0.031932	0.000000
1.771709	0.000000
-0.493218	0.000000
1.232186	0.000000
0.457110	0.000000
2.056212	0.000000
0.585725	0.000000
0.425668	0.000000
1.936009	0.000000
0.832711	0.000000
-0.087731	0.000000
-0.797854	0.000000
1.128235	0.000000
-0.776816	0.000000
0.737518	0.000000
-0.038059	0.000000
0.190225	0.000000
1.195223	0.000000
0.871115	0.000000
-0.219152	0.000000
-0.096727	0.000000
0.581605	0.000000
1.197532	0.000000
0.364281	0.000000
0.456888	0.000000
-0.639321	0.000000
0.549985	0.000000
0.043513	0.000000
-0.093285	0.000000
-0.738899	0.000000
-1.102497	0.000000
-0.601974	0.000000
1.528611	0.000000
-0.128376	0.000000
0.240081	0.000000
-0.263815	0.000000
0.094041	0.000000
0.636344	0.000000
0.283320	0.000000
0.458287	0.000000
0.591286	0.000000
1.418180	0.000000
0.392944	0.000000
1.270254	0.000000
1.334003	0.000000
-0.054561	0.000000
0.053493	0.000000
2.810377	0.000000
0.445465	0.000000
0.642638	0.000000
-0.038406	0.000000
2.926802	0.000000
2.001410	0.000000
-0.027710	0.000000
0.812761	0.000000
-0.071417	0.000000
1.956810	0.000000
0.242384	0.000000
0.081736	0.000000
-0.109778	0.000000
0.670358	0.000000
-0.518479	0.000000
0.538142	0.000000
-1.568124	0.000000
-0.243760	0.000000
1.209544	0.000000
0.310115	0.000000
0.383144	0.000000
0.921932	0.000000
0.899291	0.000000
-1.097064	0.000000
-0.883345	0.000000
0.539619	0.000000
0.554929	0.000000
0.607397	0.000000
0.418851	0.000000
-0.063369	0.000000
0.099643	0.000000
0.469109	0.000000
-0.525944	0.000000
0.000026	0.000000
-0.091819	0.000000
-0.550214	0.000000
0.437175	0.000000
0.253876	0.000000
-0.399556	0.000000
1.209939	0.000000
-0.086974	0.000000
0.497838	0.000000
-1.149394	0.000000
-0.320027	0.000000
0.559059	0.000000
2.090173	0.000000
0.385300	0.000000
-1.056216	0.000000
-0.923330	0.000000
-0.689300	0.000000
-0.115617	0.000000
0.566523	0.000000
0.773381	0.000000
0.985525	0.000000
0.236360	0.000000
1.262994	0.000000
-0.110431	0.000000
0.227098	0.000000
1.691967	0.000000
0.935482	0.000000
0.745632	0.000000
-0.827244	0.000000
1.892108	0.000000
0.576628	0.000000
-0.614582	0.000000
3.032461	0.000000
0.416085	0.000000
1.330006	0.000000
0.750436	0.000000
0.239609	0.000000
1.777367	0.000000
0.285868	0.000000
0.622109	0.000000
0.255404	0.000000
0.605011	0.000000
0.448493	0.000000
0.784133	0.000000
-1.157968	0.000000
0.604821	0.000000
1.481428	0.000000
-0.255339	0.000000
0.737536	0.000000
-0.133193	0.000000
-0.438804	0.000000
2.821090	0.000000
0.196214	0.000000
0.850847	0.000000
0.043419	0.000000
1.294514	0.000000
1.204488	0.000000
0.996002	0.000000
0.536113	0.000000
-0.087627	0.000000
-0.677183	0.000000
0.612236	0.000000
2.103791	0.000000
0.218580	0.000000
0.659973	0.000000
-0.799110	0.000000
-0.183308	0.000000
0.783150	0.000000
-0.871117	0.000000
0.779983	0.000000
0.818009	0.000000
1.720001	0.000000
0.686323	0.000000
0.770530	0.000000
0.096036	0.000000
0.835451	0.000000
0.344677	0.000000
-0.347037	0.000000
0.566510	0.000000
0.744741	0.000000
1.773842	0.000000
2.296016	0.000000
1.515561	0.000000
-0.662705	0.000000
-0.283821	0.000000
0.163779	0.000000
0.080184	0.000000
-0.086027	0.000000
-0.222717	0.000000
-0.785376	0.000000
-0.499695	0.000000
1.141435	0.000000
0.333579	0.000000
2.773755	0.000000
2.216632	0.000000
0.821924	0.000000
1.078275	0.000000
1.696565	0.000000
0.367539	0.000000
-0.219549	0.000000
0.829993	0.000000
0.648213	0.000000
-0.538062	0.000000
-0.186646	0.000000
-0.578961	0.000000
1.330475	0.000000
0.344557	0.000000
-0.723595	0.000000
0.507118	0.000000
-0.965857	0.000000
0.043944	0.000000
-0.626906	0.000000
-0.048979	0.000000
0.148004	0.000000
0.086762	0.000000
-0.228416	0.000000
0.538836	0.000000
1.029211	0.000000
0.067054	0.000000
0.219185	0.000000
-0.580436	0.000000
-0.122432	0.000000
0.841560	0.000000
1.566395	0.000000
-0.355251	0.000000
-0.079885	0.000000
-0.036620	0.000000
1.174746	0.000000
1.275610	0.000000
0.205281	0.000000
-0.568984	0.000000
0.473051	0.000000
-0.343124	0.000000
0.642134	0.000000
1.344394	0.000000
1.451000	0.000000
0.219346	0.000000
-0.520517	0.000000
1.227474	0.000000
-0.429601	0.000000
-0.049250	0.000000
2.363593	0.000000
0.449057	0.000000
-0.386527	0.000000
0.510923	0.000000
-1.036921	0.000000
0.534564	0.000000
1.261830	0.000000
0.668220	0.000000
0.999593	0.000000
1.268635	0.000000
0.556118	0.000000
-0.272911	0.000000
-0.194133	0.000000
3.694370	0.000000
0.678995	0.000000
0.958458	0.000000
0.363600	0.000000
-0.571690	0.000000
0.073195	0.000000
0.095768	0.000000
-0.691368	0.000000
0.493360	0.000000
0.373389	0.000000
-0.792262	0.000000
0.120955	0.000000
1.446975	0.000000
0.170284	0.000000
-0.322648	0.000000
0.033334	0.000000
0.131679	0.000000
-0.113955	0.000000
1.324445	0.000000
-0.332900	0.000000
0.433831	0.000000
0.913791	0.000000
1.996866	0.000000
1.261644	0.000000
0.569591	0.000000
-1.578004	0.000000
2.128389	0.000000
0.551010	0.000000
0.097136	0.000000
0.145737	0.000000
-0.050691	0.000000
0.559451	0.000000
-1.136519	0.000000
-0.739561	0.000000
0.497804	0.000000
0.287366	0.000000
0.177866	0.000000
-0.816956	0.000000
-0.935868	0.000000
-0.128349	0.000000
0.960286	0.000000
0.571654	0.000000
0.751978	0.000000
1.156904	0.000000
0.000023	0.000000
0.802022	0.000000
0.788440	0.000000
-0.202540	0.000000
0.561333	0.000000
0.441883	0.000000
1.106943	0.000000
0.709581	0.000000
-0.293975	0.000000
0.975030	0.000000
0.318214	0.000000
0.856824	0.000000
-0.115284	0.000000
-1.756026	0.000000
0.151645	0.000000
1.442391	0.000000
0.960547	0.000000
3.573438	0.000000
-0.319419	0.000000
-0.323136	0.000000
0.081704	0.000000
-0.073165	0.000000
0.510764	0.000000
0.475365	0.000000
0.986579	0.000000
-0.261362	0.000000
0.761853	0.000000
0.887035	0.000000
0.895769	0.000000
-0.723597	0.000000
2.950091	0.000000
-1.032496	0.000000
0.570538	0.000000
-0.455925	0.000000
0.686795	0.000000
0.295978	0.000000
0.694122	0.000000
-0.456840	0.000000
0.348661	0.000000
0.398442	0.000000
-0.268027	0.000000
-0.219159	0.000000
0.451508	0.000000
0.642827	0.000000
-0.161809	0.000000
1.639280	0.000000
1.015236	0.000000
-0.519417	0.000000
0.220031	0.000000
0.217577	0.000000
0.186673	0.000000
1.477874	0.000000
0.177866	0.000000
0.688034	0.000000
-0.374340	0.000000
1.241399	0.000000
1.248383	0.000000
1.363095	0.000000
0.156679	0.000000
0.115756	0.000000
-0.235981	0.000000
0.744746	0.000000
0.591351	0.000000
0.776625	0.000000
0.505218	0.000000
-1.214895	0.000000
-0.085116	0.000000
0.982408	0.000000
0.187118	0.000000
-0.573505	0.000000
0.827308	0.000000
0.321354	0.000000
-0.307527	0.000000
2.253628	0.000000
1.698208	0.000000
0.748942	0.000000
-1.736267	0.000000
0.071497	0.000000
3.993484	0.000000
-0.242340	0.000000
0.980107	0.000000
-0.219505	0.000000
-2.394029	0.000000
-1.166707	0.000000
-1.838564	0.000000
1.456209	0.000000
0.335250	0.000000
1.007939	0.000000
-0.482317	0.000000
1.958067	0.000000
0.460956	0.000000
0.932587	0.000000
0.746029	0.000000
-0.427400	0.000000
0.686732	0.000000
1.035824	0.000000
0.694143	0.000000
2.208265	0.000000
1.141064	0.000000
1.593611	0.000000
-0.971592	0.000000
0.964359	0.000000
0.515966	0.000000
0.336749	0.000000
0.485534	0.000000
-0.036371	0.000000
0.406142	0.000000
1.798130	0.000000
-0.183257	0.000000
0.391619	0.000000
1.151186	0.000000
0.410543	0.000000
-0.035528	0.000000
0.559001	0.000000
-0.374319	0.000000
0.085647	0.000000
-1.536361	0.000000
-0.087917	0.000000
0.187996	0.000000
0.694167	0.000000
-0.802525	0.000000
-0.315040	0.000000
0.147847	0.000000
1.080508	0.000000
-3.339769	0.000000
0.662772	0.000000
-0.056747	0.000000
0.982423	0.000000
-0.213786	0.000000
-0.200712	0.000000
-3.213564	0.000000
0.928206	0.000000
0.499793	0.000000
-0.497519	0.000000
-2.698817	0.000000
-0.305078	0.000000
0.849735	0.000000
0.285910	0.000000
0.239611	0.000000
4.039420	0.000000
0.122554	0.000000
-0.036571	0.000000
-0.606457	0.000000
-1.685204	0.000000
1.435071	0.000000
-1.045434	0.000000
-0.121892	0.000000
1.007989	0.000000
0.585700	0.000000
-0.042534	0.000000
-1.935919	0.000000
-0.299705	0.000000
-1.097058	0.000000
0.512948	0.000000
0.883009	0.000000
1.590704	0.000000
1.995528	0.000000
0.114272	0.000000
-0.824044	0.000000
-1.261579	0.000000
1.038646	0.000000
1.139725	0.000000
-0.999634	0.000000
0.979560	0.000000
0.550250	0.000000
0.437143	0.000000
1.370592	0.000000
0.000025	0.000000
-0.806562	0.000000
0.043550	0.000000
-2.582237	0.000000
1.806261	0.000000
0.853584	0.000000
1.161005	0.000000
0.686354	0.000000
1.112982	0.000000
0.096078	0.000000
2.242490	0.000000
-0.281943	0.000000
1.214735	0.000000
-0.566462	0.000000
-0.143194	0.000000
-0.147745	0.000000
0.067553	0.000000
0.701673	0.000000
0.276155	0.000000
0.170315	0.000000
-0.272860	0.000000
-0.267233	0.000000
-0.086016	0.000000
1.049991	0.000000
0.535529	0.000000
-1.998913	0.000000
0.146373	0.000000
-0.181909	0.000000
-0.443759	0.000000
-0.591044	0.000000
0.178675	0.000000
0.838667	0.000000
0.807923	0.000000
4.083721	0.000000
-0.475701	0.000000
0.446940	0.000000
0.561810	0.000000
-0.672599	0.000000
0.336096	0.000000
-0.335178	0.000000
0.927297	0.000000
0.516808	0.000000
-0.468156	0.000000
0.921895	0.000000
-2.831057	0.000000
-0.482704	0.000000
0.085517	0.000000
-0.588590	0.000000
-0.332894	0.000000
0.216929	0.000000
1.522942	0.000000
1.584795	0.000000
1.261640	0.000000
1.373659	0.000000
0.920524	0.000000
0.354744	0.000000
0.214274	0.000000
-0.614944	0.000000
-3.752044	0.000000
1.675115	0.000000
1.038943	0.000000
0.586660	0.000000
-0.347999	0.000000
0.933387	0.000000
0.944227	0.000000
-0.284501	0.000000
0.000058	0.000000
-1.528550	0.000000
-0.556463	0.000000
0.192074	0.000000
0.659611	0.000000
-0.751940	0.000000
-0.867588	0.000000
-0.944139	0.000000
1.031166	0.000000
0.049334	0.000000
-1.958342	0.000000
1.487520	0.000000
0.883719	0.000000
-4.768264	0.000000
0.600388	0.000000
-0.400864	0.000000
2.839056	0.000000
0.890922	0.000000
0.678323	0.000000
0.346014	0.000000
0.702444	0.000000
1.849826	0.000000
-0.693401	0.000000
0.554165	0.000000
1.072035	0.000000
-0.598973	0.000000
1.050312	0.000000
-0.612498	0.000000
3.659453	0.000000
0.606513	0.000000
1.339622	0.000000
1.748965	0.000000
0.746810	0.000000
-0.030436	0.000000
-1.491694	0.000000
-4.099734	0.000000
-0.723593	0.000000
1.382871	0.000000
-0.965879	0.000000
0.043910	0.000000
1.253832	0.000000
1.863994	0.000000
-0.665867	0.000000
0.390495	0.000000
0.266520	0.000000
-0.570487	0.000000
0.099646	0.000000
-1.038610	0.000000
2.060263	0.000000
0.258021	0.000000
0.000013	0.000000
0.873923	0.000000
0.072859	0.000000
0.913725	0.000000
-0.519402	0.000000
1.136603	0.000000
-1.479206	0.000000
1.151188	0.000000
1.436857	0.000000
-0.035521	0.000000
-0.214931	0.000000
-0.998233	0.000000
0.214096	0.000000
0.576231	0.000000
0.703550	0.000000
-3.133170	0.000000
-0.694041	0.000000
-0.094406	0.000000
-0.028622	0.000000
-1.182522	0.000000
0.236388	0.000000
-2.189097	0.000000
1.049393	0.000000
0.255484	0.000000
1.746497	0.000000
1.149298	0.000000
-0.401436	0.000000
1.368181	0.000000
-0.035643	0.000000
-0.230631	0.000000
-0.146308	0.000000
-0.485182	0.000000
1.109523	0.000000
1.071380	0.000000
2.644352	0.000000
-1.876869	0.000000
-3.231480	0.000000
1.715181	0.000000
0.768539	0.000000
3.192115	0.000000
0.000072	0.000000
0.493322	0.000000
-1.306756	0.000000
0.000005	0.000000
1.088595	0.000000
1.412538	0.000000
0.468244	0.000000
1.290683	0.000000
1.165763	0.000000
2.150308	0.000000
-0.512915	0.000000
1.128258	0.000000
-0.517849	0.000000
0.390492	0.000000
-1.446767	0.000000
-1.870043	0.000000
0.697252	0.000000
-0.971570	0.000000
2.147875	0.000000
-1.354396	0.000000
-3.520173	0.000000
0.517883	0.000000
-0.254985	0.000000
1.573639	0.000000
-0.879038	0.000000
-0.219974	0.000000
-0.696062	0.000000
0.591140	0.000000
0.410555	0.000000
0.000034	0.000000
-0.515952	0.000000
1.528604	0.000000
1.369813	0.000000
0.864267	0.000000
-0.131882	0.000000
-2.788506	0.000000
0.578530	0.000000
0.094463	0.000000
0.000015	0.000000
0.837649	0.000000
-0.303835	0.000000
-0.617399	0.000000
0.000075	0.000000
-0.737916	0.000000
0.654943	0.000000
-1.256175	0.000000
-2.695648	0.000000
1.209086	0.000000
-0.713963	0.000000
-0.845689	0.000000
-0.204835	0.000000
1.516242	0.000000
-0.748871	0.000000
0.443335	0.000000
-1.893870	0.000000
0.559101	0.000000
1.292628	0.000000
0.040881	0.000000
0.695341	0.000000
0.415019	0.000000
4.321209	0.000000
0.089736	0.000000
-0.111955	0.000000
1.036119	0.000000
0.201595	0.000000
-0.068879	0.000000
-1.234362	0.000000
-0.691400	0.000000
-0.965839	0.000000
1.097113	0.000000
0.655436	0.000000
0.245279	0.000000
0.184983	0.000000
0.607386	0.000000
1.218395	0.000000
0.729021	0.000000
2.058438	0.000000
-2.110700	0.000000
0.789013	0.000000
0.548245	0.000000
0.765294	0.000000
-2.653950	0.000000
0.510021	0.000000
1.776636	0.000000
-1.518381	0.000000
0.439995	0.000000
0.435079	0.000000
-3.391154	0.000000
-2.955692	0.000000
-1.778254	0.000000
0.215038	0.000000
-3.587513	0.000000
-1.112859	0.000000
1.440386	0.000000
1.407028	0.000000
0.595334	0.000000
0.578508	0.000000
-0.094383	0.000000
-3.036089	0.000000
0.344986	0.000000
-1.316781	0.000000
-0.308702	0.000000
-1.049291	0.000000
1.589436	0.000000
0.436684	0.000000
-2.084713	0.000000
0.544890	0.000000
0.350037	0.000000
-1.749230	0.000000
-0.076865	0.000000
0.731725	0.000000
-0.242565	0.000000
-4.271525	0.000000
1.219162	0.000000
-0.142888	0.000000
-2.715512	0.000000
0.161615	0.000000
-0.285849	0.000000
-1.061193	0.000000
-1.181051	0.000000
-0.259261	0.000000
4.484476	0.000000
-1.456132	0.000000
0.700938	0.000000
-0.443460	0.000000
0.551282	0.000000
0.085200	0.000000
1.936036	0.000000
-0.566204	0.000000
-0.087706	0.000000
-0.370410	0.000000
-0.588573	0.000000
1.627720	0.000000
-3.253491	0.000000
1.522983	0.000000
-0.126749	0.000000
0.066454	0.000000
0.502576	0.000000
1.534223	0.000000
-1.193151	0.000000
0.275541	0.000000
-1.780077	0.000000
0.837850	0.000000
1.269074	0.000000
0.759236	0.000000
-3.226374	0.000000
-2.610425	0.000000
0.124454	0.000000
0.328427	0.000000
-1.387007	0.000000
0.301064	0.000000
0.967102	0.000000
1.969046	0.000000
1.488458	0.000000
-1.582824	0.000000
0.657983	0.000000
1.214748	0.000000
0.849821	0.000000
-2.205431	0.000000
0.837702	0.000000
0.607797	0.000000
0.701662	0.000000
2.043414	0.000000
0.113556	0.000000
-0.218233	0.000000
0.213821	0.000000
1.691973	0.000000
-0.890894	0.000000
-0.178496	0.000000
0.615127	0.000000
-4.126695	0.000000
0.000041	0.000000
0.277418	0.000000
-3.287923	0.000000
1.179269	0.000000
1.198078	0.000000
0.565561	0.000000
-1.265920	0.000000
0.695295	0.000000
-3.351647	0.000000
0.388927	0.000000
0.583000	0.000000
3.733797	0.000000
-0.121883	0.000000
-0.322469	0.000000
0.516819	0.000000
1.489827	0.000000
0.507078	0.000000
-0.333053	0.000000
1.404275	0.000000
0.227978	0.000000
0.196271	0.000000
-1.849643	0.000000
-0.694044	0.000000
0.723434	0.000000
0.000011	0.000000
-1.361180	0.000000
0.201056	0.000000
0.789067	0.000000
0.677221	0.000000
0.306122	0.000000
-2.524506	0.000000
0.655741	0.000000
0.507694	0.000000
0.998992	0.000000
0.953263	0.000000
0.739680	0.000000
0.373360	0.000000
0.533711	0.000000
-0.853509	0.000000
-0.687963	0.000000
0.561547	0.000000
-0.085563	0.000000
0.336169	0.000000
0.219915	0.000000
0.094001	0.000000
-0.057777	0.000000
-0.141601	0.000000
1.002532	0.000000
-0.197057	0.000000
-1.519370	0.000000
-3.929157	0.000000
0.497049	0.000000
0.227080	0.000000
0.982397	0.000000
0.801847	0.000000
0.544914	0.000000
-3.022630	0.000000
0.714006	0.000000
0.499760	0.000000
0.731700	0.000000
-0.242589	0.000000
0.138729	0.000000
0.221718	0.000000
-0.643198	0.000000
0.678945	0.000000
-0.282708	0.000000
-3.021934	0.000000
-1.134374	0.000000
0.478827	0.000000
1.123561	0.000000
1.748944	0.000000
0.112063	0.000000
3.047392	0.000000
1.169216	0.000000
0.551251	0.000000
1.191913	0.000000
1.613359	0.000000
0.333105	0.000000
0.351112	0.000000
0.911873	0.000000
1.422541	0.000000
-2.367530	0.000000
-0.520514	0.000000
0.190385	0.000000
1.553097	0.000000
-0.497981	0.000000
-0.569528	0.000000
-0.219149	0.000000
-0.193465	0.000000
-3.244680	0.000000
0.906266	0.000000
0.145726	0.000000
0.710698	0.000000
1.398550	0.000000
1.063270	0.000000
1.131231	0.000000
-0.311103	0.000000
0.738927	0.000000
0.497932	0.000000
-2.579967	0.000000
-0.343106	0.000000
-1.112886	0.000000
-1.152224	0.000000
1.890690	0.000000
0.000015	0.000000
0.173574	0.000000
0.377684	0.000000
-2.978794	0.000000
0.886933	0.000000
1.148048	0.000000
-0.224506	0.000000
-0.055198	0.000000
-0.539246	0.000000
0.600393	0.000000
0.721666	0.000000
0.401482	0.000000
0.254562	0.000000
-1.749231	0.000000
1.537732	0.000000
-0.409718	0.000000
-0.242584	0.000000
1.054037	0.000000
0.406428	0.000000
0.821938	0.000000
-0.559068	0.000000
-0.040349	0.000000
0.898419	0.000000
0.000037	0.000000
1.308791	0.000000
0.000045	0.000000
1.031463	0.000000
-1.605478	0.000000
-1.736944	0.000000
4.031754	0.000000
0.585709	0.000000
1.277006	0.000000
0.921924	0.000000
1.432230	0.000000
0.746046	0.000000
-2.422131	0.000000
1.324433	0.000000
0.517910	0.000000
-0.433804	0.000000
-0.609153	0.000000
0.602248	0.000000
-0.630783	0.000000
-0.737033	0.000000
2.104087	0.000000
0.677222	0.000000
1.224415	0.000000
1.197548	0.000000
0.910699	0.000000
0.507634	0.000000
-0.279643	0.000000
0.000024	0.000000
1.261731	0.000000
0.062259	0.000000
0.780009	0.000000
2.667430	0.000000
-0.042950	0.000000
-0.218337	0.000000
-0.213965	0.000000
1.008331	0.000000
0.835464	0.000000
0.188020	0.000000
0.809812	0.000000
-0.235976	0.000000
0.229177	0.000000
0.295674	0.000000
-0.067509	0.000000
0.196469	0.000000
0.662722	0.000000
0.425770	0.000000
0.436649	0.000000
-2.004530	0.000000
-0.344084	0.000000
0.572748	0.000000
0.714021	0.000000
0.768842	0.000000
0.380479	0.000000
-0.424510	0.000000
-1.054009	0.000000
1.699400	0.000000
0.786162	0.000000
0.439289	0.000000
0.888679	0.000000
0.204198	0.000000
-2.707919	0.000000
-0.542619	0.000000
0.302527	0.000000
-0.807171	0.000000
0.186697	0.000000
-1.889333	0.000000
1.733694	0.000000
3.445164	0.000000
