4.308070	0.000000
0.249449	0.000000
1.153047	0.000000
0.834753	0.000000
0.746212	0.000000
1.032557	0.000000
-0.234471	0.000000
-0.137707	0.000000
1.411763	0.000000
1.070765	0.000000
-1.906663	0.000000
2.880165	0.000000
-0.047770	0.000000
0.389454	0.000000
0.314478	0.000000
-0.266812	0.000000
-1.308081	0.000000
-0.639250	0.000000
0.121870	0.000000
-0.171107	0.000000
-0.094060	0.000000
0.147044	0.000000
-0.301143	0.000000
0.269036	0.000000
0.387295	0.000000
0.548939	0.000000
0.000059	0.000000
0.272638	0.000000
-0.478892	0.000000
-0.892664	0.000000
0.724405	0.000000
-0.764424	0.000000
0.055572	0.000000
-0.503085	0.000000
1.146750	0.000000
-0.081380	0.000000
0.233269	0.000000
1.193944	0.000000
-0.170450	0.000000
0.678682	0.000000
1.558062	0.000000
0.648329	0.000000
0.499467	0.000000
0.000004	0.000000
-0.065011	0.000000
1.189100	0.000000
0.549905	0.000000
0.674409	0.000000
1.288954	0.000000
0.037663	0.000000
-0.725233	0.000000
0.549318	0.000000
2.356422	0.000000
0.187694	0.000000
0.972173	0.000000
0.000053	0.000000
-1.181623	0.000000
-1.176865	0.000000
1.560946	0.000000
0.651622	0.000000
-0.043054	0.000000
4.988586	0.000000
1.013285	0.000000
-0.049081	0.000000
-0.031044	0.000000
0.877644	0.000000
0.859938	0.000000
-0.275483	0.000000
-0.156844	0.000000
1.539205	0.000000
0.711009	0.000000
0.422449	0.000000
1.339339	0.000000
0.460265	0.000000
1.226460	0.000000
0.133454	0.000000
0.726743	0.000000
1.651434	0.000000
1.665326	0.000000
1.403476	0.000000
0.799853	0.000000
1.176376	0.000000
1.247671	0.000000
0.307468	0.000000
0.215163	0.000000
-0.640356	0.000000
0.355112	0.000000
-0.490630	0.000000
0.783793	0.000000
-0.031836	0.000000
2.052472	0.000000
1.121341	0.000000
0.749635	0.000000
1.056626	0.000000
-0.501663	0.000000
0.434200	0.000000
1.807563	0.000000
-0.179063	0.000000
-0.909299	0.000000
-0.624368	0.000000
-0.569242	0.000000
0.388984	0.000000
0.499492	0.000000
0.943109	0.000000
0.065093	0.000000
2.785890	0.000000
0.000045	0.000000
0.599497	0.000000
-0.530663	0.000000
0.338638	0.000000
0.000013	0.000000
0.126787	0.000000
1.832784	0.000000
-0.500363	0.000000
1.225792	0.000000
-0.295581	0.000000
1.575505	0.000000
-0.134468	0.000000
0.823856	0.000000
0.137215	0.000000
1.680161	0.000000
1.596367	0.000000
3.494017	0.000000
-0.785598	0.000000
1.989874	0.000000
0.103308	0.000000
0.938109	0.000000
0.045977	0.000000
1.372543	0.000000
0.033481	0.000000
1.325021	0.000000
-0.076798	0.000000
0.000044	0.000000
0.637263	0.000000
1.352239	0.000000
2.201584	0.000000
0.472418	0.000000
0.905642	0.000000
0.771789	0.000000
0.239637	0.000000
0.705801	0.000000
0.911678	0.000000
2.323151	0.000000
0.845464	0.000000
1.032666	0.000000
-0.213432	0.000000
1.952901	0.000000
0.926902	0.000000
0.827310	0.000000
-0.478169	0.000000
-0.241369	0.000000
0.509747	0.000000
0.333201	0.000000
0.201261	0.000000
2.544357	0.000000
1.465343	0.000000
0.466458	0.000000
0.149267	0.000000
0.113724	0.000000
-1.303023	0.000000
1.078685	0.000000
-0.356547	0.000000
0.422645	0.000000
-0.428641	0.000000
0.748052	0.000000
-1.087116	0.000000
1.484748	0.000000
1.573651	0.000000
0.113751	0.000000
0.677286	0.000000
0.981315	0.000000
0.760552	0.000000
0.261836	0.000000
-0.562939	0.000000
0.845373	0.000000
-0.394048	0.000000
-0.196880	0.000000
-0.571580	0.000000
-0.650338	0.000000
1.268989	0.000000
1.120129	0.000000
0.249486	0.000000
0.314476	0.000000
4.910169	0.000000
0.000041	0.000000
1.806928	0.000000
-0.156313	0.000000
0.091881	0.000000
-0.039166	0.000000
-0.167274	0.000000
1.098785	0.000000
-0.307177	0.000000
0.095686	0.000000
-1.805501	0.000000
1.352264	0.000000
-0.300206	0.000000
-0.036285	0.000000
0.000010	0.000000
-0.081201	0.000000
-0.513404	0.000000
0.047107	0.000000
0.147043	0.000000
-0.215049	0.000000
2.228875	0.000000
-0.042958	0.000000
1.646739	0.000000
-0.532523	0.000000
-1.144871	0.000000
-0.304742	0.000000
-0.318787	0.000000
0.241520	0.000000
-0.917344	0.000000
1.415966	0.000000
0.855376	0.000000
1.290118	0.000000
0.217083	0.000000
0.932917	0.000000
-0.208895	0.000000
2.557584	0.000000
-0.895832	0.000000
-1.168503	0.000000
0.940067	0.000000
-0.845180	0.000000
0.943151	0.000000
-0.455279	0.000000
-0.441609	0.000000
-0.164970	0.000000
-0.187313	0.000000
-0.454880	0.000000
0.639675	0.000000
0.042734	0.000000
-0.929457	0.000000
0.098202	0.000000
0.594226	0.000000
0.126812	0.000000
0.739053	0.000000
1.457349	0.000000
-0.403465	0.000000
-0.390169	0.000000
1.028893	0.000000
0.818591	0.000000
0.399120	0.000000
-0.419251	0.000000
-1.325662	0.000000
3.109138	0.000000
1.652009	0.000000
1.250764	0.000000
0.229632	0.000000
-0.039170	0.000000
0.301177	0.000000
-1.131038	0.000000
-1.305665	0.000000
-0.239154	0.000000
1.203728	0.000000
-0.062850	0.000000
0.433646	0.000000
-0.254314	0.000000
0.852388	0.000000
2.355822	0.000000
1.437696	0.000000
-0.517520	0.000000
-1.911525	0.000000
1.462742	0.000000
-0.307403	0.000000
1.118692	0.000000
-1.189276	0.000000
0.621420	0.000000
0.817828	0.000000
0.304816	0.000000
-0.286924	0.000000
-0.543216	0.000000
0.917470	0.000000
0.555312	0.000000
-0.704372	0.000000
0.286697	0.000000
-0.488403	0.000000
0.291624	0.000000
0.567119	0.000000
0.682062	0.000000
-0.542909	0.000000
-0.838932	0.000000
0.907619	0.000000
-0.922016	0.000000
1.457520	0.000000
-1.138268	0.000000
0.883368	0.000000
0.934860	0.000000
-0.299694	0.000000
-0.151604	0.000000
0.338639	0.000000
-0.426638	0.000000
0.802773	0.000000
0.098206	0.000000
1.626301	0.000000
0.803123	0.000000
-0.640396	0.000000
-0.669545	0.000000
0.571650	0.000000
-0.867114	0.000000
0.445895	0.000000
2.111002	0.000000
1.546455	0.000000
0.174707	0.000000
1.080279	0.000000
0.435319	0.000000
5.162549	0.000000
1.055319	0.000000
0.642844	0.000000
-1.921456	0.000000
-0.602241	0.000000
-0.226208	0.000000
-0.191966	0.000000
-0.191277	0.000000
0.177032	0.000000
0.597546	0.000000
-0.466953	0.000000
0.363405	0.000000
1.758024	0.000000
-0.121840	0.000000
1.848477	0.000000
1.646786	0.000000
0.264683	0.000000
1.419733	0.000000
-0.422708	0.000000
2.280360	0.000000
-1.067317	0.000000
1.420318	0.000000
-0.817780	0.000000
0.914414	0.000000
-0.063709	0.000000
-0.181057	0.000000
2.344472	0.000000
1.055028	0.000000
0.553518	0.000000
0.537574	0.000000
0.678422	0.000000
-0.291460	0.000000
0.716349	0.000000
0.682104	0.000000
0.760120	0.000000
-0.359519	0.000000
0.291772	0.000000
1.652078	0.000000
-0.514363	0.000000
-0.162581	0.000000
1.325003	0.000000
-0.577367	0.000000
1.161499	0.000000
0.644494	0.000000
0.827782	0.000000
0.511991	0.000000
1.774566	0.000000
0.327316	0.000000
0.218974	0.000000
-0.380385	0.000000
0.197112	0.000000
0.354539	0.000000
1.244172	0.000000
1.344127	0.000000
1.268967	0.000000
1.163200	0.000000
0.149672	0.000000
-1.642146	0.000000
0.834781	0.000000
0.186587	0.000000
2.271557	0.000000
3.908613	0.000000
1.423428	0.000000
0.156920	0.000000
-0.368058	0.000000
0.064676	0.000000
0.000026	0.000000
1.291501	0.000000
0.743453	0.000000
1.257900	0.000000
0.200163	0.000000
0.290738	0.000000
0.799114	0.000000
0.000017	0.000000
0.855768	0.000000
1.082177	0.000000
0.088239	0.000000
0.000061	0.000000
0.115317	0.000000
0.516312	0.000000
0.975872	0.000000
0.976478	0.000000
0.981392	0.000000
0.261306	0.000000
-0.159401	0.000000
0.181102	0.000000
-0.509644	0.000000
0.277655	0.000000
0.201267	0.000000
-1.146698	0.000000
0.976901	0.000000
1.282845	0.000000
-1.104315	0.000000
0.966214	0.000000
-0.895805	0.000000
-0.509336	0.000000
1.134558	0.000000
0.614762	0.000000
1.157487	0.000000
-0.065040	0.000000
-0.407644	0.000000
0.054991	0.000000
0.262307	0.000000
-0.227409	0.000000
2.031751	0.000000
0.767990	0.000000
0.845038	0.000000
0.818209	0.000000
0.000042	0.000000
1.606148	0.000000
0.738989	0.000000
0.551450	0.000000
1.210572	0.000000
1.214060	0.000000
1.543332	0.000000
0.129259	0.000000
1.097553	0.000000
-0.524060	0.000000
-0.294564	0.000000
-0.373059	0.000000
2.581276	0.000000
1.133488	0.000000
4.591677	0.000000
-0.156847	0.000000
0.133861	0.000000
-0.581695	0.000000
0.499229	0.000000
-0.191321	0.000000
0.637243	0.000000
1.855399	0.000000
0.600468	0.000000
0.363361	0.000000
1.651440	0.000000
0.406222	0.000000
1.369217	0.000000
0.658709	0.000000
1.911599	0.000000
0.774385	0.000000
-0.115267	0.000000
0.645410	0.000000
0.030504	0.000000
2.041677	0.000000
0.981373	0.000000
0.696705	0.000000
0.446333	0.000000
0.905560	0.000000
0.764560	0.000000
2.554294	0.000000
0.553493	0.000000
-0.537522	0.000000
0.379919	0.000000
-0.408136	0.000000
0.328369	0.000000
0.113715	0.000000
-0.162848	0.000000
-1.288366	0.000000
0.842780	0.000000
0.422638	0.000000
0.600213	0.000000
0.422834	0.000000
1.223060	0.000000
-0.384913	0.000000
0.299771	0.000000
0.758196	0.000000
0.413913	0.000000
-0.383945	0.000000
1.014041	0.000000
1.636388	0.000000
-0.688011	0.000000
0.507206	0.000000
-0.098507	0.000000
-0.787715	0.000000
2.051166	0.000000
-0.476896	0.000000
0.274375	0.000000
-0.301493	0.000000
0.099823	0.000000
-0.768660	0.000000
-0.196327	0.000000
1.181463	0.000000
1.239039	0.000000
-0.195367	0.000000
1.147911	0.000000
3.921473	0.000000
0.803074	0.000000
-0.646290	0.000000
-0.345597	0.000000
0.574015	0.000000
0.566491	0.000000
0.849104	0.000000
1.334291	0.000000
0.181689	0.000000
0.159889	0.000000
-0.446785	0.000000
0.479244	0.000000
-0.141107	0.000000
0.999930	0.000000
-0.258094	0.000000
-0.461085	0.000000
-0.042992	0.000000
0.701393	0.000000
1.065196	0.000000
-1.417422	0.000000
0.870847	0.000000
-0.350639	0.000000
-0.845099	0.000000
0.407764	0.000000
1.332699	0.000000
-0.805035	0.000000
0.035854	0.000000
-0.108527	0.000000
1.049569	0.000000
-0.507396	0.000000
0.113738	0.000000
-0.651516	0.000000
0.838953	0.000000
1.620763	0.000000
-1.229404	0.000000
0.428731	0.000000
-0.747980	0.000000
-0.203812	0.000000
0.824897	0.000000
0.149916	0.000000
-0.796081	0.000000
1.241651	0.000000
0.298694	0.000000
-0.549234	0.000000
0.360036	0.000000
-0.437812	0.000000
-0.929838	0.000000
-0.591124	0.000000
0.590821	0.000000
1.546814	0.000000
0.346864	0.000000
0.651626	0.000000
0.517028	0.000000
1.746035	0.000000
0.279550	0.000000
-0.687410	0.000000
1.088236	0.000000
1.652055	0.000000
0.195473	0.000000
0.137761	0.000000
1.019592	0.000000
3.346070	0.000000
1.551231	0.000000
0.729680	0.000000
0.000068	0.000000
0.212470	0.000000
-0.031445	0.000000
0.967380	0.000000
2.289217	0.000000
1.225317	0.000000
0.731132	0.000000
0.821542	0.000000
0.940993	0.000000
-0.205843	0.000000
1.591822	0.000000
0.614878	0.000000
0.688473	0.000000
0.487966	0.000000
0.310693	0.000000
-0.218043	0.000000
0.435445	0.000000
0.637644	0.000000
0.060404	0.000000
0.356772	0.000000
0.305433	0.000000
-1.006233	0.000000
0.215031	0.000000
-0.678353	0.000000
1.166234	0.000000
1.343145	0.000000
1.420908	0.000000
0.868735	0.000000
0.509365	0.000000
0.842824	0.000000
-0.768345	0.000000
1.114613	0.000000
0.552887	0.000000
0.611545	0.000000
0.907349	0.000000
0.262306	0.000000
1.933409	0.000000
-0.263356	0.000000
1.535907	0.000000
0.126783	0.000000
1.570967	0.000000
-0.062539	0.000000
-0.253535	0.000000
1.576525	0.000000
-0.708964	0.000000
-0.369837	0.000000
0.607047	0.000000
0.205787	0.000000
0.732386	0.000000
1.795929	0.000000
1.153036	0.000000
-0.834661	0.000000
0.684049	0.000000
-0.516183	0.000000
0.547260	0.000000
1.882606	0.000000
-0.117609	0.000000
1.405374	0.000000
3.231679	0.000000
-1.344020	0.000000
-0.430431	0.000000
0.814311	0.000000
0.849091	0.000000
0.800614	0.000000
0.181681	0.000000
1.172036	0.000000
0.121871	0.000000
1.745773	0.000000
0.376397	0.000000
1.352814	0.000000
0.731401	0.000000
0.345867	0.000000
-0.559325	0.000000
0.884381	0.000000
-0.221892	0.000000
-0.218002	0.000000
1.001465	0.000000
-1.880941	0.000000
-0.120645	0.000000
1.529031	0.000000
-0.166582	0.000000
0.503167	0.000000
1.361787	0.000000
1.058279	0.000000
-0.349774	0.000000
0.477590	0.000000
0.000023	0.000000
-2.904647	0.000000
0.958808	0.000000
0.875206	0.000000
1.152623	0.000000
-0.814445	0.000000
-0.357730	0.000000
0.679526	0.000000
0.357440	0.000000
0.599535	0.000000
0.530738	0.000000
0.940613	0.000000
1.578609	0.000000
0.169015	0.000000
0.687321	0.000000
0.625538	0.000000
-0.929838	0.000000
1.527291	0.000000
0.512092	0.000000
-0.638833	0.000000
1.040661	0.000000
-0.240032	0.000000
0.646208	0.000000
0.199600	0.000000
0.698830	0.000000
-0.147254	0.000000
0.621851	0.000000
1.961748	0.000000
-1.172570	0.000000
-0.045854	0.000000
-0.901890	0.000000
-0.434945	0.000000
0.872598	0.000000
3.840225	0.000000
-0.478302	0.000000
1.239111	0.000000
1.823963	0.000000
1.601140	0.000000
-0.218014	0.000000
1.012181	0.000000
-0.568607	0.000000
1.369261	0.000000
-0.893922	0.000000
-0.029368	0.000000
0.602337	0.000000
0.499600	0.000000
1.333794	0.000000
0.061021	0.000000
-0.266243	0.000000
0.763289	0.000000
1.306220	0.000000
0.478247	0.000000
0.905516	0.000000
-0.305784	0.000000
0.138840	0.000000
-0.201204	0.000000
-0.358317	0.000000
0.352774	0.000000
-0.174830	0.000000
-0.328307	0.000000
0.227392	0.000000
1.221612	0.000000
1.857726	0.000000
0.129679	0.000000
0.998969	0.000000
-0.257141	0.000000
1.105802	0.000000
0.509641	0.000000
2.089673	0.000000
0.412151	0.000000
-0.113706	0.000000
-0.225708	0.000000
1.663954	0.000000
2.197071	0.000000
0.065468	0.000000
-0.312729	0.000000
-0.380375	0.000000
0.049334	0.000000
1.063507	0.000000
-1.311387	0.000000
-0.953867	0.000000
-1.234593	0.000000
0.818575	0.000000
2.045338	0.000000
1.083166	0.000000
-1.374788	0.000000
0.217684	0.000000
1.497173	0.000000
-0.078159	0.000000
3.122356	0.000000
1.215680	0.000000
0.435011	0.000000
-0.420078	0.000000
-0.383987	0.000000
4.783310	0.000000
2.017969	0.000000
0.345969	0.000000
0.400312	0.000000
-0.218002	0.000000
1.385067	0.000000
0.528084	0.000000
0.616168	0.000000
1.834959	0.000000
-0.911661	0.000000
-1.118540	0.000000
0.614863	0.000000
1.678005	0.000000
0.304965	0.000000
1.731003	0.000000
0.490704	0.000000
-0.130588	0.000000
0.031893	0.000000
0.241548	0.000000
0.407802	0.000000
-0.083291	0.000000
0.251618	0.000000
-0.143285	0.000000
0.325642	0.000000
-0.408062	0.000000
0.059721	0.000000
0.966264	0.000000
0.895862	0.000000
0.449453	0.000000
0.486256	0.000000
0.345820	0.000000
-0.471493	0.000000
1.073285	0.000000
0.067949	0.000000
-1.072290	0.000000
-0.337171	0.000000
0.341184	0.000000
0.790157	0.000000
0.554646	0.000000
0.084534	0.000000
-0.752707	0.000000
0.000009	0.000000
0.295913	0.000000
0.246366	0.000000
0.118169	0.000000
0.941559	0.000000
0.823821	0.000000
1.406140	0.000000
-0.430741	0.000000
-0.099748	0.000000
1.153051	0.000000
-1.178424	0.000000
0.497477	0.000000
2.271524	0.000000
0.664512	0.000000
0.413246	0.000000
-0.039150	0.000000
-0.033425	0.000000
0.064647	0.000000
0.729666	0.000000
0.861009	0.000000
3.540288	0.000000
0.566095	0.000000
-0.133400	0.000000
-0.617654	0.000000
0.905651	0.000000
-0.162454	0.000000
0.136968	0.000000
0.282365	0.000000
0.999895	0.000000
0.645366	0.000000
-0.076817	0.000000
0.387288	0.000000
-0.091465	0.000000
0.621411	0.000000
0.054593	0.000000
0.043551	0.000000
1.307138	0.000000
-0.482918	0.000000
1.580042	0.000000
-0.055524	0.000000
-1.106878	0.000000
0.860106	0.000000
1.166823	0.000000
-0.408086	0.000000
-0.298471	0.000000
0.682067	0.000000
-0.352868	0.000000
-0.209722	0.000000
0.389024	0.000000
3.227259	0.000000
0.900246	0.000000
2.113976	0.000000
0.543633	0.000000
0.027522	0.000000
0.262300	0.000000
1.137297	0.000000
0.677266	0.000000
-0.895933	0.000000
-0.168949	0.000000
0.818209	0.000000
0.187662	0.000000
0.845343	0.000000
0.295596	0.000000
-0.590804	0.000000
1.042418	0.000000
-0.260129	0.000000
-0.274323	0.000000
-0.559972	0.000000
1.446734	0.000000
1.572303	0.000000
1.227575	0.000000
0.435281	0.000000
2.581312	0.000000
1.289887	0.000000
0.505106	0.000000
-0.352899	0.000000
0.033481	0.000000
-1.357276	0.000000
0.345676	0.000000
0.287013	0.000000
0.708065	0.000000
3.144748	0.000000
0.066753	0.000000
0.545052	0.000000
1.544928	0.000000
-1.015393	0.000000
0.308089	0.000000
1.693810	0.000000
0.764627	0.000000
0.774444	0.000000
-0.345841	0.000000
1.634996	0.000000
0.701385	0.000000
2.529871	0.000000
-0.109012	0.000000
0.783767	0.000000
1.689702	0.000000
-1.026196	0.000000
0.152948	0.000000
-0.249865	0.000000
0.553502	0.000000
0.645072	0.000000
0.515614	0.000000
0.233271	0.000000
0.089585	0.000000
2.614435	0.000000
0.325787	0.000000
0.569326	0.000000
0.388982	0.000000
-0.076782	0.000000
1.243215	0.000000
0.650497	0.000000
0.169884	0.000000
0.742380	0.000000
0.262315	0.000000
0.530776	0.000000
2.031746	0.000000
0.725338	0.000000
1.690039	0.000000
-0.261799	0.000000
-0.125075	0.000000
-1.690590	0.000000
-0.443356	0.000000
1.221038	0.000000
1.244179	0.000000
-0.650352	0.000000
-0.137158	0.000000
-0.904672	0.000000
-0.099711	0.000000
-0.908386	0.000000
-0.441895	0.000000
0.870596	0.000000
0.464661	0.000000
0.430002	0.000000
0.734722	0.000000
1.647058	0.000000
-0.702642	0.000000
1.292719	0.000000
0.307270	0.000000
0.000068	0.000000
-0.637200	0.000000
0.094372	0.000000
3.335738	0.000000
0.472423	0.000000
0.639283	0.000000
1.624750	0.000000
-0.992656	0.000000
1.082191	0.000000
1.146951	0.000000
0.000003	0.000000
0.384328	0.000000
0.602407	0.000000
-0.243948	0.000000
0.621384	0.000000
0.545275	0.000000
1.523946	0.000000
-0.541953	0.000000
0.664072	0.000000
-0.407713	0.000000
0.694096	0.000000
-0.050266	0.000000
0.716731	0.000000
0.352796	0.000000
-0.058239	0.000000
-0.447670	0.000000
0.738900	0.000000
0.732997	0.000000
0.059970	0.000000
0.194501	0.000000
0.730019	0.000000
-0.685852	0.000000
1.886332	0.000000
-0.747366	0.000000
-0.054953	0.000000
0.112458	0.000000
0.113738	0.000000
0.000027	0.000000
-0.213292	0.000000
2.070300	0.000000
0.425510	0.000000
-0.594217	0.000000
-0.633979	0.000000
0.936054	0.000000
0.669618	0.000000
-0.100830	0.000000
0.563724	0.000000
0.377307	0.000000
-0.129228	0.000000
0.049910	0.000000
1.153055	0.000000
-0.540059	0.000000
1.865497	0.000000
1.032501	0.000000
-0.078158	0.000000
0.688760	0.000000
0.509852	0.000000
0.769598	0.000000
-0.678614	0.000000
-0.422408	0.000000
-1.195758	0.000000
-1.097439	0.000000
1.069227	0.000000
-0.033321	0.000000
3.633633	0.000000
0.372960	0.000000
0.365575	0.000000
0.855765	0.000000
0.564663	0.000000
0.411762	0.000000
0.215165	0.000000
-1.152831	0.000000
-0.430244	0.000000
0.670934	0.000000
0.000070	0.000000
0.545244	0.000000
2.002895	0.000000
0.988311	0.000000
0.965944	0.000000
0.051035	0.000000
0.055535	0.000000
-0.603716	0.000000
0.143397	0.000000
0.244226	0.000000
0.174987	0.000000
-0.238753	0.000000
0.852618	0.000000
0.515830	0.000000
1.138581	0.000000
0.518654	0.000000
-1.037271	0.000000
0.128643	0.000000
0.292720	0.000000
-0.203821	0.000000
0.082512	0.000000
1.536172	0.000000
-1.099302	0.000000
-0.263337	0.000000
2.559906	0.000000
0.126819	0.000000
-2.094556	0.000000
1.469954	0.000000
-0.126784	0.000000
1.034657	0.000000
1.024094	0.000000
-0.773388	0.000000
0.780469	0.000000
-0.102870	0.000000
0.646207	0.000000
1.047676	0.000000
0.908496	0.000000
-0.049064	0.000000
-0.435260	0.000000
1.548802	0.000000
1.758867	0.000000
0.734693	0.000000
0.313740	0.000000
0.535395	0.000000
0.096962	0.000000
0.000011	0.000000
2.583051	0.000000
-0.212380	0.000000
0.786208	0.000000
-0.333533	0.000000
1.344456	0.000000
5.327089	0.000000
1.380990	0.000000
0.889997	0.000000
1.552673	0.000000
1.029329	0.000000
0.688407	0.000000
0.538047	0.000000
0.989628	0.000000
0.365946	0.000000
2.929293	0.000000
1.090456	0.000000
2.351194	0.000000
1.594058	0.000000
0.965880	0.000000
1.274223	0.000000
0.777388	0.000000
1.559769	0.000000
1.397628	0.000000
0.189959	0.000000
1.690958	0.000000
0.985012	0.000000
1.136764	0.000000
0.787271	0.000000
0.389551	0.000000
1.361435	0.000000
0.153734	0.000000
1.243178	0.000000
-0.260170	0.000000
-0.339719	0.000000
1.072334	0.000000
0.899233	0.000000
-1.402574	0.000000
1.015861	0.000000
0.597337	0.000000
1.394327	0.000000
0.098205	0.000000
1.313567	0.000000
-0.295823	0.000000
-0.738981	0.000000
1.260413	0.000000
0.134525	0.000000
0.390246	0.000000
0.583050	0.000000
-1.163154	0.000000
0.898019	0.000000
0.384391	0.000000
1.178489	0.000000
0.248763	0.000000
-0.309728	0.000000
0.312740	0.000000
1.652982	0.000000
-0.039155	0.000000
0.803092	0.000000
1.809766	0.000000
0.268829	0.000000
-0.621783	0.000000
-0.460200	0.000000
0.786203	0.000000
0.366979	0.000000
0.872098	0.000000
1.171962	0.000000
4.061776	0.000000
-0.308042	0.000000
1.129242	0.000000
0.499974	0.000000
-0.602264	0.000000
-0.922276	0.000000
0.129106	0.000000
1.006373	0.000000
-0.177477	0.000000
0.054595	0.000000
3.004346	0.000000
0.286955	0.000000
-0.543255	0.000000
-0.305738	0.000000
0.638582	0.000000
0.352280	0.000000
-0.322488	0.000000
0.461344	0.000000
-0.524733	0.000000
0.119407	0.000000
0.170591	0.000000
0.814443	0.000000
0.539345	0.000000
-0.518624	0.000000
0.115284	0.000000
1.071738	0.000000
-0.162561	0.000000
1.155144	0.000000
-0.577355	0.000000
-0.412095	0.000000
1.402635	0.000000
0.827777	0.000000
0.213378	0.000000
-0.042234	0.000000
0.589138	0.000000
0.093870	0.000000
1.901998	0.000000
0.246353	0.000000
-0.472628	0.000000
0.605298	0.000000
0.780481	0.000000
-0.788748	0.000000
1.292439	0.000000
1.646290	0.000000
0.489211	0.000000
-0.589160	0.000000
1.305832	0.000000
0.258136	0.000000
0.039149	0.000000
-0.596855	0.000000
0.823552	0.000000
2.308775	0.000000
1.551221	0.000000
1.651297	0.000000
1.148023	0.000000
0.495655	0.000000
-0.125749	0.000000
0.366943	0.000000
0.254373	0.000000
0.266384	0.000000
-0.771682	0.000000
3.423070	0.000000
0.611688	0.000000
0.029455	0.000000
0.430257	0.000000
-1.075958	0.000000
0.516373	0.000000
1.036828	0.000000
0.932077	0.000000
0.054596	0.000000
1.045019	0.000000
1.211525	0.000000
-0.181069	0.000000
2.395477	0.000000
0.472015	0.000000
-0.251565	0.000000
0.322550	0.000000
-0.515531	0.000000
-0.408142	0.000000
-0.656615	0.000000
1.705105	0.000000
2.090311	0.000000
-0.539279	0.000000
0.032421	0.000000
-0.384139	0.000000
1.157478	0.000000
-0.065000	0.000000
0.645547	0.000000
0.329949	0.000000
1.049088	0.000000
0.758225	0.000000
-1.053425	0.000000
0.170698	0.000000
0.464780	0.000000
-0.065406	0.000000
-0.125096	0.000000
-0.380380	0.000000
0.492693	0.000000
-0.157549	0.000000
0.067300	0.000000
2.211291	0.000000
0.205784	0.000000
0.000045	0.000000
1.446686	0.000000
1.432542	0.000000
0.589221	0.000000
-0.155406	0.000000
1.548765	0.000000
1.407092	0.000000
0.642898	0.000000
-0.235264	0.000000
-0.100358	0.000000
0.032350	0.000000
-1.113657	0.000000
1.769843	0.000000
0.637278	0.000000
0.754770	0.000000
0.133438	0.000000
1.417118	0.000000
1.118766	0.000000
0.284367	0.000000
0.513501	0.000000
4.705029	0.000000
-0.794012	0.000000
-0.387151	0.000000
-0.307384	0.000000
1.548921	0.000000
0.213470	0.000000
1.864116	0.000000
0.163626	0.000000
1.175638	0.000000
1.562209	0.000000
0.362250	0.000000
0.101976	0.000000
-0.694087	0.000000
2.314561	0.000000
0.788442	0.000000
0.624117	0.000000
-0.641363	0.000000
0.388032	0.000000
1.023092	0.000000
-0.624370	0.000000
0.299648	0.000000
0.259334	0.000000
-0.729914	0.000000
0.171536	0.000000
-0.227625	0.000000
0.101955	0.000000
0.632420	0.000000
0.337260	0.000000
0.303321	0.000000
0.677284	0.000000
0.512027	0.000000
1.394314	0.000000
0.785477	0.000000
-1.125858	0.000000
1.606164	0.000000
0.394156	0.000000
-1.654215	0.000000
0.403509	0.000000
0.520306	0.000000
1.886321	0.000000
1.249394	0.000000
0.698439	0.000000
1.327764	0.000000
0.392890	0.000000
-1.336901	0.000000
0.154932	0.000000
-0.156313	0.000000
-0.413190	0.000000
-1.803815	0.000000
-1.003772	0.000000
1.131092	0.000000
-0.307181	0.000000
2.152496	0.000000
-1.097462	0.000000
1.226489	0.000000
1.934728	0.000000
-1.053725	0.000000
0.213148	0.000000
-0.690430	0.000000
0.171157	0.000000
1.411558	0.000000
2.940881	0.000000
0.559310	0.000000
-0.115261	0.000000
1.118666	0.000000
-0.457411	0.000000
-0.133127	0.000000
-1.090371	0.000000
1.349760	0.000000
0.286947	0.000000
-0.301797	0.000000
1.478110	0.000000
0.305445	0.000000
0.955983	0.000000
1.325935	0.000000
0.162832	0.000000
-0.641289	0.000000
-0.238742	0.000000
-0.113597	0.000000
0.570087	0.000000
0.838957	0.000000
0.940059	0.000000
-0.422584	0.000000
0.214384	0.000000
-0.325175	0.000000
-0.985198	0.000000
-0.549877	0.000000
1.049077	0.000000
-0.644393	0.000000
0.300998	0.000000
0.554699	0.000000
1.774529	0.000000
0.850974	0.000000
0.781881	0.000000
-0.633939	0.000000
0.246365	0.000000
-0.669563	0.000000
-0.268974	0.000000
1.040640	0.000000
1.783439	0.000000
0.043135	0.000000
-0.199526	0.000000
-0.034917	0.000000
-1.129317	0.000000
0.621863	0.000000
-0.154841	0.000000
1.485292	0.000000
1.836717	0.000000
-0.313713	0.000000
-1.338361	0.000000
1.195760	0.000000
-1.228810	0.000000
0.574028	0.000000
-0.566386	0.000000
1.949756	0.000000
2.435060	0.000000
-0.799378	0.000000
0.000081	0.000000
0.081249	0.000000
-0.273803	0.000000
1.129240	0.000000
0.205874	0.000000
4.302131	0.000000
-0.614810	0.000000
0.731448	0.000000
0.487931	0.000000
0.710193	0.000000
0.054557	0.000000
1.698086	0.000000
-0.669472	0.000000
-0.181061	0.000000
1.019366	0.000000
1.027291	0.000000
1.056628	0.000000
0.573430	0.000000
0.434192	0.000000
0.991289	0.000000
0.029882	0.000000
0.113692	0.000000
0.162883	0.000000
0.689141	0.000000
0.713128	0.000000
0.384211	0.000000
1.157492	0.000000
-0.325196	0.000000
0.679518	0.000000
-0.164950	0.000000
0.487093	0.000000
-0.492765	0.000000
0.602024	0.000000
0.981278	0.000000
0.971786	0.000000
-0.719997	0.000000
-0.156371	0.000000
0.380436	0.000000
-1.921322	0.000000
-0.787745	0.000000
1.143303	0.000000
0.476999	0.000000
-0.274321	0.000000
1.120148	0.000000
0.099773	0.000000
0.139764	0.000000
1.080289	0.000000
-0.528533	0.000000
1.342286	0.000000
0.820847	0.000000
0.229642	0.000000
0.078483	0.000000
2.409177	0.000000
1.098787	0.000000
0.115241	0.000000
0.191373	0.000000
-0.035380	0.000000
0.503187	0.000000
0.100075	0.000000
1.053761	0.000000
-0.319542	0.000000
0.406232	0.000000
-0.102673	0.000000
1.317418	0.000000
0.911671	0.000000
-0.516199	0.000000
3.842889	0.000000
2.624614	0.000000
0.731905	0.000000
0.310726	0.000000
0.381662	0.000000
-0.348312	0.000000
0.637632	0.000000
-0.241381	0.000000
0.509724	0.000000
1.693625	0.000000
0.704477	0.000000
0.752562	0.000000
0.162849	0.000000
0.466466	0.000000
-0.029832	0.000000
0.511599	0.000000
2.144624	0.000000
-0.389508	0.000000
-0.648283	0.000000
-0.922022	0.000000
0.214354	0.000000
-0.585379	0.000000
1.494859	0.000000
-0.329941	0.000000
0.074996	0.000000
-0.909754	0.000000
0.489126	0.000000
0.042696	0.000000
1.225295	0.000000
0.850928	0.000000
-0.343974	0.000000
-0.591696	0.000000
-0.541900	0.000000
0.157594	0.000000
-0.605226	0.000000
0.130128	0.000000
1.200380	0.000000
1.249350	0.000000
0.898001	0.000000
0.628940	0.000000
-0.196366	0.000000
0.342013	0.000000
1.032512	0.000000
1.407113	0.000000
1.010223	0.000000
-0.862667	0.000000
1.673020	0.000000
0.000021	0.000000
-0.038376	0.000000
0.574020	0.000000
0.035425	0.000000
0.094370	0.000000
0.233539	0.000000
-0.327001	0.000000
1.704673	0.000000
-0.446767	0.000000
0.616202	0.000000
0.658702	0.000000
0.117655	0.000000
0.258139	0.000000
1.652485	0.000000
4.302623	0.000000
-0.030491	0.000000
1.198397	0.000000
1.199464	0.000000
1.741664	0.000000
-0.031843	0.000000
0.965956	0.000000
2.038659	0.000000
0.277676	0.000000
-0.251514	0.000000
0.250856	0.000000
0.217113	0.000000
-0.233214	0.000000
0.388060	0.000000
-0.284141	0.000000
-0.244276	0.000000
0.659198	0.000000
1.264180	0.000000
0.307396	0.000000
0.814502	0.000000
0.617939	0.000000
0.611554	0.000000
1.099827	0.000000
-0.337165	0.000000
-0.265355	0.000000
0.489136	0.000000
0.810643	0.000000
1.309823	0.000000
0.490950	0.000000
-0.688001	0.000000
-0.591727	0.000000
1.182377	0.000000
0.236342	0.000000
0.672564	0.000000
-2.124529	0.000000
0.240088	0.000000
0.430862	0.000000
1.346924	0.000000
0.663913	0.000000
0.540173	0.000000
-1.212504	0.000000
1.600416	0.000000
1.016245	0.000000
1.056141	0.000000
-1.176409	0.000000
-0.167288	0.000000
0.161620	0.000000
1.344100	0.000000
-0.430493	0.000000
1.026696	0.000000
-0.566017	0.000000
-0.967307	0.000000
-0.145313	0.000000
2.397232	0.000000
1.056047	0.000000
-0.102680	0.000000
1.599692	0.000000
0.558797	0.000000
-0.344112	0.000000
1.114463	0.000000
0.344263	0.000000
3.049499	0.000000
0.843308	0.000000
0.763311	0.000000
-0.130553	0.000000
0.350715	0.000000
-0.724343	0.000000
1.834841	0.000000
0.083293	0.000000
-0.402469	0.000000
0.430039	0.000000
-0.135644	0.000000
-0.058253	0.000000
-1.104343	0.000000
0.000069	0.000000
0.624402	0.000000
-0.868873	0.000000
-0.972395	0.000000
0.307418	0.000000
0.771654	0.000000
1.073238	0.000000
0.951293	0.000000
0.412467	0.000000
0.187390	0.000000
1.478452	0.000000
0.677266	0.000000
-0.042614	0.000000
0.253533	0.000000
0.065489	0.000000
-0.343996	0.000000
-0.380389	0.000000
0.049287	0.000000
1.930002	0.000000
1.983948	0.000000
0.520325	0.000000
0.548740	0.000000
0.775462	0.000000
1.596382	0.000000
1.083156	0.000000
-1.080197	0.000000
0.497480	0.000000
0.413078	0.000000
2.306060	0.000000
1.102004	0.000000
1.411751	0.000000
0.401567	0.000000
-0.032308	0.000000
-1.344049	0.000000
2.104661	0.000000
1.770147	0.000000
1.226450	0.000000
-0.633730	0.000000
0.109029	0.000000
1.651461	0.000000
-1.218504	0.000000
0.068473	0.000000
1.552678	0.000000
1.558658	0.000000
1.548773	0.000000
0.153769	0.000000
1.333825	0.000000
1.494283	0.000000
4.438352	0.000000
0.490736	0.000000
2.612420	0.000000
-0.063724	0.000000
-0.905423	0.000000
1.223270	0.000000
0.610819	0.000000
0.452909	0.000000
-0.322481	0.000000
-0.081365	0.000000
-0.466432	0.000000
0.537275	0.000000
1.534562	0.000000
0.651528	0.000000
0.659214	0.000000
2.139378	0.000000
1.383149	0.000000
3.343732	0.000000
0.715501	0.000000
0.679500	0.000000
-0.467409	0.000000
-0.449557	0.000000
-0.568575	0.000000
2.370353	0.000000
0.853292	0.000000
0.845063	0.000000
0.556388	0.000000
0.281481	0.000000
0.464941	0.000000
0.197069	0.000000
0.354519	0.000000
0.134553	0.000000
0.260158	0.000000
1.234651	0.000000
1.550931	0.000000
0.498869	0.000000
-1.642166	0.000000
0.000071	0.000000
0.217668	0.000000
-0.258107	0.000000
0.234577	0.000000
0.413262	0.000000
1.019628	0.000000
-0.635721	0.000000
0.226226	0.000000
0.921681	0.000000
0.334848	0.000000
1.593126	0.000000
-1.194962	0.000000
-0.033308	0.000000
0.072723	0.000000
0.000032	0.000000
2.071511	0.000000
0.342347	0.000000
0.141156	0.000000
0.088263	0.000000
-0.817350	0.000000
-0.653241	0.000000
1.505923	0.000000
0.548915	0.000000
-0.266254	0.000000
5.451984	0.000000
0.391911	0.000000
1.243381	0.000000
-0.060296	0.000000
-0.050959	0.000000
-0.055525	0.000000
-0.301887	0.000000
-0.967564	0.000000
0.949740	0.000000
0.641407	0.000000
-0.179056	0.000000
-0.511504	0.000000
0.950152	0.000000
1.078692	0.000000
0.259339	0.000000
0.384211	0.000000
-1.671801	0.000000
0.487855	0.000000
0.237867	0.000000
0.110020	0.000000
1.273883	0.000000
-0.492808	0.000000
0.000032	0.000000
0.682658	0.000000
-0.549221	0.000000
0.458222	0.000000
1.688871	0.000000
0.169128	0.000000
0.197108	0.000000
2.048208	0.000000
1.849427	0.000000
1.387483	0.000000
-0.617269	0.000000
0.904747	0.000000
1.097488	0.000000
0.384356	0.000000
1.620413	0.000000
0.621864	0.000000
1.393943	0.000000
1.837089	0.000000
1.469335	0.000000
0.352972	0.000000
0.535420	0.000000
-1.745091	0.000000
1.574541	0.000000
0.191358	0.000000
2.584374	0.000000
1.509511	0.000000
0.633782	0.000000
1.962174	0.000000
0.958895	0.000000
2.233958	0.000000
0.684657	0.000000
0.517592	0.000000
0.000009	0.000000
1.936015	0.000000
1.767759	0.000000
0.645385	0.000000
0.274461	0.000000
1.730974	0.000000
-1.035857	0.000000
4.354094	0.000000
0.541998	0.000000
0.301925	0.000000
0.968387	0.000000
0.472017	0.000000
1.106991	0.000000
-0.286680	0.000000
0.786928	0.000000
1.399388	0.000000
0.567111	0.000000
1.023120	0.000000
-0.624342	0.000000
0.838969	0.000000
2.074556	0.000000
0.806835	0.000000
1.028868	0.000000
0.520390	0.000000
-0.611514	0.000000
-0.879841	0.000000
1.011667	0.000000
-0.416995	0.000000
1.580270	0.000000
0.170666	0.000000
1.056265	0.000000
-0.490899	0.000000
-0.406534	0.000000
1.521629	0.000000
-0.246274	0.000000
0.118221	0.000000
0.504395	0.000000
1.127357	0.000000
0.480148	0.000000
1.981759	0.000000
1.197328	0.000000
0.000019	0.000000
0.883832	0.000000
0.062210	0.000000
0.103313	0.000000
1.016281	0.000000
-0.183630	0.000000
0.039233	0.000000
0.267714	0.000000
-0.096948	0.000000
0.115246	0.000000
-0.813092	0.000000
0.495677	0.000000
0.817640	0.000000
-0.133427	0.000000
1.344446	0.000000
2.290729	0.000000
-0.243684	0.000000
1.848476	0.000000
1.505642	0.000000
-0.558757	0.000000
-0.042955	0.000000
-1.037541	0.000000
0.258199	0.000000
0.884364	0.000000
0.532626	0.000000
0.109122	0.000000
0.522549	0.000000
3.188140	0.000000
0.301902	0.000000
1.478048	0.000000
-1.027238	0.000000
0.201324	0.000000
-0.358310	0.000000
0.054298	0.000000
0.116691	0.000000
1.134251	0.000000
0.738916	0.000000
0.678670	0.000000
-0.659131	0.000000
0.583474	0.000000
0.153720	0.000000
-0.214330	0.000000
0.878109	0.000000
1.426918	0.000000
-0.109978	0.000000
-0.636896	0.000000
1.023546	0.000000
-0.075241	0.000000
0.554658	0.000000
0.422517	0.000000
0.720018	0.000000
0.750618	0.000000
-1.141140	0.000000
-0.197019	0.000000
-0.511988	0.000000
-0.201711	0.000000
-0.043291	0.000000
-0.205741	0.000000
1.033990	0.000000
0.149657	0.000000
0.593985	0.000000
0.638362	0.000000
0.435300	0.000000
0.567923	0.000000
-0.312638	0.000000
0.183667	0.000000
0.470601	0.000000
-1.271470	0.000000
-1.131088	0.000000
1.382524	0.000000
0.430524	0.000000
1.309896	0.000000
0.974887	0.000000
0.600467	0.000000
1.598812	0.000000
-1.544788	0.000000
0.284373	0.000000
-0.068449	0.000000
1.129249	0.000000
0.676431	0.000000
0.000046	0.000000
-1.152823	0.000000
0.602360	0.000000
-0.365917	0.000000
0.532656	0.000000
0.872320	0.000000
0.391926	0.000000
-0.095593	0.000000
6.036683	0.000000
-0.560585	0.000000
0.194382	0.000000
1.106935	0.000000
-0.214965	0.000000
0.895501	0.000000
-0.058296	0.000000
0.238801	0.000000
2.955497	0.000000
0.081483	0.000000
-0.539289	0.000000
1.685579	0.000000
-0.345734	0.000000
0.814515	0.000000
0.097613	0.000000
-0.237778	0.000000
-0.714856	0.000000
-0.711859	0.000000
-0.947683	0.000000
-0.940559	0.000000
0.511991	0.000000
-0.126682	0.000000
-0.458170	0.000000
1.251042	0.000000
-1.690639	0.000000
-1.280852	0.000000
0.236379	0.000000
-0.302577	0.000000
0.390235	0.000000
2.057749	0.000000
0.000058	0.000000
0.698431	0.000000
1.153029	0.000000
-0.049085	0.000000
0.839488	0.000000
-0.051620	0.000000
-0.664423	0.000000
0.642877	0.000000
-0.392134	0.000000
0.200793	0.000000
-0.096926	0.000000
0.230425	0.000000
0.239212	0.000000
-0.283161	0.000000
0.817635	0.000000
-0.100060	0.000000
0.763093	0.000000
3.409387	0.000000
-0.568617	0.000000
-0.205379	0.000000
0.517605	0.000000
0.735261	0.000000
1.376714	0.000000
-0.461114	0.000000
0.000025	0.000000
-0.152438	0.000000
0.177586	0.000000
-0.054511	0.000000
-0.565980	0.000000
1.147712	0.000000
-0.965763	0.000000
5.096719	0.000000
0.666340	0.000000
2.616409	0.000000
1.540960	0.000000
0.325660	0.000000
-0.349812	0.000000
0.656653	0.000000
0.738861	0.000000
0.624401	0.000000
-0.089855	0.000000
-0.324103	0.000000
-0.115253	0.000000
0.514412	0.000000
0.487854	0.000000
0.000039	0.000000
0.439959	0.000000
0.487082	0.000000
0.379119	0.000000
0.978280	0.000000
-0.213275	0.000000
0.084539	0.000000
-1.374526	0.000000
1.595028	0.000000
-0.422641	0.000000
-0.295515	0.000000
0.039442	0.000000
-0.067208	0.000000
0.910567	0.000000
-0.342957	0.000000
0.301618	0.000000
-0.049805	0.000000
0.489203	0.000000
0.049132	0.000000
-1.119235	0.000000
0.413072	0.000000
1.016276	0.000000
0.229620	0.000000
1.254867	0.000000
-1.003783	0.000000
-0.517020	0.000000
0.729640	0.000000
0.191366	0.000000
0.885067	0.000000
-0.062877	0.000000
0.867333	0.000000
0.218035	0.000000
-0.053204	0.000000
0.203124	0.000000
0.308125	0.000000
-0.094094	0.000000
0.000003	0.000000
1.247668	0.000000
1.076050	0.000000
0.903551	0.000000
0.701392	0.000000
1.509039	0.000000
0.654245	0.000000
0.174186	0.000000
-0.701348	0.000000
0.543394	0.000000
0.866502	0.000000
2.776403	0.000000
-0.452790	0.000000
-0.215005	0.000000
-0.678379	0.000000
-0.408067	0.000000
0.238825	0.000000
0.284251	0.000000
1.330226	0.000000
-1.168532	0.000000
0.745552	0.000000
-0.230477	0.000000
1.714739	0.000000
1.398463	0.000000
0.509606	0.000000
0.274980	0.000000
-0.412116	0.000000
1.213129	0.000000
0.602052	0.000000
0.511982	0.000000
0.633782	0.000000
0.752777	0.000000
-0.031252	0.000000
-1.775153	0.000000
-0.541843	0.000000
0.472702	0.000000
1.378682	0.000000
-0.130013	0.000000
-0.102871	0.000000
-0.732350	0.000000
1.845837	0.000000
-0.279474	0.000000
0.147337	0.000000
-0.683983	0.000000
-0.103239	0.000000
-0.078144	0.000000
-0.275469	0.000000
0.235311	0.000000
0.435016	0.000000
0.484779	0.000000
0.960074	0.000000
0.717537	0.000000
0.885097	0.000000
0.345923	0.000000
0.600455	0.000000
0.254385	0.000000
0.958887	0.000000
-1.137271	0.000000
-0.273809	0.000000
1.035121	0.000000
0.294087	0.000000
0.172137	0.000000
-0.038420	0.000000
1.075704	0.000000
0.091493	0.000000
1.952855	0.000000
-0.545180	0.000000
0.696689	0.000000
0.095666	0.000000
-1.207315	0.000000
0.152908	0.000000
0.249883	0.000000
5.031523	0.000000
1.290126	0.000000
0.081448	0.000000
0.466474	0.000000
0.149275	0.000000
0.568360	0.000000
0.678678	0.000000
0.329607	0.000000
0.388995	0.000000
0.000005	0.000000
-0.171438	0.000000
2.016434	0.000000
-0.373705	0.000000
0.577414	0.000000
0.974191	0.000000
-0.606520	0.000000
0.903014	0.000000
-0.554591	0.000000
0.633802	0.000000
0.687332	0.000000
1.125927	0.000000
1.014443	0.000000
0.295616	0.000000
0.196960	0.000000
0.538038	0.000000
0.433584	0.000000
0.240117	0.000000
-0.258465	0.000000
0.848059	0.000000
0.174753	0.000000
0.589286	0.000000
0.217672	0.000000
0.258204	0.000000
0.586304	0.000000
-0.091768	0.000000
-0.078365	0.000000
0.100385	0.000000
0.807960	0.000000
0.384079	0.000000
0.334844	0.000000
0.141615	0.000000
0.628985	0.000000
0.900662	0.000000
0.000035	0.000000
0.852387	0.000000
0.121869	0.000000
-0.205380	0.000000
1.223321	0.000000
-0.088222	0.000000
0.559283	0.000000
0.999168	0.000000
0.602358	0.000000
-1.067308	0.000000
0.221919	0.000000
-0.381622	0.000000
0.000022	0.000000
0.031891	0.000000
0.120780	0.000000
0.611657	0.000000
-0.388680	0.000000
2.616450	0.000000
3.583620	0.000000
-0.651242	0.000000
-1.341055	0.000000
-0.387994	0.000000
0.454753	0.000000
0.542953	0.000000
-0.539324	0.000000
0.000050	0.000000
0.998954	0.000000
0.900251	0.000000
0.195142	0.000000
0.679481	0.000000
0.852357	0.000000
0.861743	0.000000
0.947749	0.000000
0.790117	0.000000
1.066627	0.000000
0.676068	0.000000
-0.229082	0.000000
-0.312726	0.000000
0.211342	0.000000
-0.492615	0.000000
-1.181576	0.000000
-0.336243	0.000000
0.260199	0.000000
-0.411529	0.000000
2.024822	0.000000
0.349278	0.000000
0.908492	0.000000
-0.785615	0.000000
-0.497437	0.000000
-0.361350	0.000000
1.094401	0.000000
0.551067	0.000000
0.274504	0.000000
-1.037263	0.000000
0.678653	0.000000
-0.691187	0.000000
1.339390	0.000000
0.849679	0.000000
0.817671	0.000000
0.300231	0.000000
0.327069	0.000000
-0.266297	0.000000
0.040630	0.000000
0.239621	0.000000
0.470515	0.000000
0.911702	0.000000
-0.258106	0.000000
0.614873	0.000000
0.903559	0.000000
1.219827	0.000000
0.843275	0.000000
-0.817782	0.000000
0.348344	0.000000
-0.031870	0.000000
-0.120638	0.000000
0.713570	0.000000
-1.193823	0.000000
0.251649	0.000000
0.931758	0.000000
2.713554	0.000000
1.049542	0.000000
-0.865547	0.000000
1.023081	0.000000
0.190045	0.000000
-0.659172	0.000000
-0.032390	0.000000
1.114173	0.000000
-0.300029	0.000000
0.650462	0.000000
0.543628	0.000000
0.192478	0.000000
1.011645	0.000000
0.000061	0.000000
-0.150497	0.000000
1.023989	0.000000
0.507028	0.000000
0.589144	0.000000
0.406589	0.000000
0.126835	0.000000
0.394163	0.000000
-0.078761	0.000000
1.143295	0.000000
0.346898	0.000000
0.205819	0.000000
0.990909	0.000000
0.548742	0.000000
-0.384287	0.000000
-0.490990	0.000000
-1.119233	0.000000
1.135786	0.000000
0.429968	0.000000
-1.469251	0.000000
2.039200	0.000000
-0.836484	0.000000
-1.712779	0.000000
-1.228819	0.000000
0.956733	0.000000
-1.628507	0.000000
1.478046	0.000000
-0.967296	0.000000
1.671475	0.000000
-0.639167	0.000000
0.324974	0.000000
0.273890	0.000000
-0.235225	0.000000
-0.264669	0.000000
-0.602291	0.000000
1.998339	0.000000
-0.559328	0.000000
-0.243951	0.000000
-0.976382	0.000000
-0.108961	0.000000
-0.043502	0.000000
0.000011	0.000000
0.000037	0.000000
0.000001	0.000000
-0.333143	0.000000
0.956016	0.000000
-0.429994	0.000000
-0.081366	0.000000
5.830775	0.000000
-0.895393	0.000000
0.568411	0.000000
-0.515783	0.000000
-0.898854	0.000000
0.940049	0.000000
1.344696	0.000000
0.042908	0.000000
1.040761	0.000000
-0.237812	0.000000
0.055011	0.000000
0.337217	0.000000
1.175189	0.000000
-0.940569	0.000000
-0.938540	0.000000
-0.295730	0.000000
-0.752684	0.000000
0.000022	0.000000
0.338191	0.000000
1.133140	0.000000
-0.393834	0.000000
-0.806979	0.000000
-1.647577	0.000000
-0.240023	0.000000
0.086187	0.000000
0.798180	0.000000
0.628962	0.000000
0.392839	0.000000
-0.062137	0.000000
1.497143	0.000000
0.977190	0.000000
0.229610	0.000000
1.098014	0.000000
1.572648	0.000000
-0.064629	0.000000
-0.652797	0.000000
0.621841	0.000000
0.283233	0.000000
0.628943	0.000000
0.233524	0.000000
1.489835	0.000000
1.385064	0.000000
-0.934182	0.000000
0.718844	0.000000
-0.658678	0.000000
0.235310	0.000000
0.989531	0.000000
-0.422669	0.000000
0.172127	0.000000
-1.494234	0.000000
0.443898	0.000000
-0.272579	0.000000
-0.217659	0.000000
2.008522	0.000000
0.664107	0.000000
0.356843	0.000000
0.222152	0.000000
0.805063	0.000000
0.000034	0.000000
-1.085382	0.000000
-0.116547	0.000000
2.984760	0.000000
0.341030	0.000000
0.190066	0.000000
-0.029954	0.000000
0.453857	0.000000
-0.038410	0.000000
1.114557	0.000000
-1.365886	0.000000
-0.271753	0.000000
-0.082462	0.000000
-0.112381	0.000000
-1.137232	0.000000
0.376284	0.000000
1.877273	0.000000
0.549313	0.000000
-1.636375	0.000000
-0.156354	0.000000
-0.845267	0.000000
0.689741	0.000000
0.393919	0.000000
-0.437102	0.000000
0.433618	0.000000
-0.034270	0.000000
-0.129231	0.000000
1.396850	0.000000
0.384343	0.000000
0.147334	0.000000
0.963846	0.000000
0.877685	0.000000
-0.781695	0.000000
0.780590	0.000000
-0.901913	0.000000
0.435026	0.000000
0.226241	0.000000
0.384083	0.000000
0.334901	0.000000
-0.743408	0.000000
0.094386	0.000000
-0.166769	0.000000
1.090101	0.000000
0.532758	0.000000
-1.380971	0.000000
-0.308058	0.000000
-0.094095	0.000000
0.088253	0.000000
0.430265	0.000000
-0.576427	0.000000
0.559378	0.000000
1.494273	0.000000
0.932040	0.000000
0.000045	0.000000
-0.261184	0.000000
1.115837	0.000000
0.120805	0.000000
1.223242	0.000000
-0.111051	0.000000
2.264200	0.000000
-0.788359	0.000000
0.868370	0.000000
0.116644	0.000000
0.716381	0.000000
5.683576	0.000000
0.380087	0.000000
-0.269642	0.000000
0.615917	0.000000
0.038432	0.000000
1.500417	0.000000
-0.292661	0.000000
0.645524	0.000000
1.732235	0.000000
1.086589	0.000000
-0.151591	0.000000
0.037625	0.000000
0.170681	0.000000
0.169015	0.000000
0.229110	0.000000
1.407402	0.000000
0.253640	0.000000
0.788299	0.000000
-0.236317	0.000000
0.638894	0.000000
1.257448	0.000000
0.651627	0.000000
1.464777	0.000000
-0.798102	0.000000
-0.803563	0.000000
-0.196367	0.000000
-0.715081	0.000000
0.774431	0.000000
0.586310	0.000000
-0.091777	0.000000
0.117663	0.000000
1.673061	0.000000
-0.129255	0.000000
-0.268758	0.000000
1.339396	0.000000
-0.849650	0.000000
0.974863	0.000000
1.000726	0.000000
1.453483	0.000000
1.278546	0.000000
0.406201	0.000000
0.479268	0.000000
0.000047	0.000000
1.852781	0.000000
1.161605	0.000000
1.537168	0.000000
0.731484	0.000000
0.701385	0.000000
-0.665737	0.000000
-0.545156	0.000000
-0.478892	0.000000
-0.286921	0.000000
-0.181077	0.000000
0.815517	0.000000
0.444247	0.000000
1.106954	0.000000
-0.931689	0.000000
0.379925	0.000000
0.408153	0.000000
0.925289	0.000000
2.500759	0.000000
2.714697	0.000000
1.348349	0.000000
0.064847	0.000000
1.536832	0.000000
1.243227	0.000000
-0.487831	0.000000
-0.543549	0.000000
0.302481	0.000000
1.760986	0.000000
-0.909798	0.000000
-0.263328	0.000000
0.640021	0.000000
1.098550	0.000000
-0.196364	0.000000
1.219768	0.000000
-0.633949	0.000000
0.541994	0.000000
0.827151	0.000000
0.907915	0.000000
0.607058	0.000000
0.960307	0.000000
1.593975	0.000000
0.149681	0.000000
0.209681	0.000000
-0.932882	0.000000
0.186572	0.000000
-0.774367	0.000000
0.781760	0.000000
-0.505008	0.000000
1.568586	0.000000
0.970371	0.000000
1.325027	0.000000
0.038421	0.000000
1.722030	0.000000
0.212446	0.000000
0.440309	0.000000
0.400293	0.000000
0.726770	0.000000
0.532755	0.000000
-0.324920	0.000000
-0.410761	0.000000
-0.282292	0.000000
0.882302	0.000000
1.936007	0.000000
0.384323	0.000000
-0.387227	0.000000
-0.091461	0.000000
1.065226	0.000000
-0.272580	0.000000
0.217769	0.000000
0.063807	0.000000
-0.422500	0.000000
-0.407729	0.000000
0.277650	0.000000
0.201270	0.000000
-0.573319	0.000000
-0.407014	0.000000
0.000051	0.000000
1.313313	0.000000
0.511601	0.000000
1.303051	0.000000
2.996263	0.000000
0.648333	0.000000
1.267889	0.000000
1.157480	0.000000
-0.520344	0.000000
1.155116	0.000000
-0.357426	0.000000
0.861743	0.000000
2.009205	0.000000
-0.940578	0.000000
0.682665	0.000000
0.169057	0.000000
1.112749	0.000000
1.219727	0.000000
-0.591712	0.000000
0.788267	0.000000
0.709011	0.000000
0.706150	0.000000
0.043382	0.000000
0.342993	0.000000
-0.818486	0.000000
0.848093	0.000000
-1.362642	0.000000
0.982044	0.000000
0.528560	0.000000
1.135756	0.000000
0.390885	0.000000
0.229587	0.000000
0.235308	0.000000
-0.167258	0.000000
-0.452408	0.000000
0.921700	0.000000
0.813177	0.000000
0.601861	0.000000
1.195024	0.000000
0.600431	0.000000
0.290718	0.000000
0.639256	0.000000
0.162514	0.000000
-0.342255	0.000000
1.740898	0.000000
0.323508	0.000000
1.161610	0.000000
0.076860	0.000000
3.356023	0.000000
-0.121974	0.000000
0.621423	0.000000
0.327160	0.000000
1.088509	0.000000
-0.191279	0.000000
0.965890	0.000000
1.070351	0.000000
0.138834	0.000000
-0.150937	0.000000
-0.860043	0.000000
-0.054242	0.000000
-0.641366	0.000000
1.581933	0.000000
1.364044	0.000000
1.031611	0.000000
0.898881	0.000000
3.241457	0.000000
-1.421515	0.000000
-0.428645	0.000000
-0.780508	0.000000
-0.305727	0.000000
-0.879840	0.000000
0.337242	0.000000
-0.720226	0.000000
0.790118	0.000000
0.042709	0.000000
1.774561	0.000000
0.981863	0.000000
-0.406554	0.000000
1.394819	0.000000
1.576554	0.000000
0.669628	0.000000
-1.210484	0.000000
0.043389	0.000000
-0.137149	0.000000
0.086216	0.000000
0.748329	0.000000
0.069931	0.000000
-0.785589	0.000000
-0.683975	0.000000
1.806932	0.000000
-1.328881	0.000000
0.826517	0.000000
0.509828	0.000000
0.100406	0.000000
1.486584	0.000000
0.844896	0.000000
1.387231	0.000000
0.708065	0.000000
-0.157214	0.000000
-0.500304	0.000000
0.145383	0.000000
0.479508	0.000000
-0.324874	0.000000
0.513458	0.000000
0.470528	0.000000
-0.646963	0.000000
-0.559232	0.000000
-0.422687	0.000000
0.344251	0.000000
-0.579365	0.000000
0.310694	0.000000
0.109063	0.000000
0.522516	0.000000
0.000013	0.000000
0.241466	0.000000
1.325148	0.000000
0.610829	0.000000
0.704448	0.000000
1.720123	0.000000
0.217094	0.000000
-0.174832	0.000000
-0.328297	0.000000
1.818807	0.000000
0.651551	0.000000
0.809032	0.000000
-0.324123	0.000000
3.841962	0.000000
1.200293	0.000000
0.650470	0.000000
2.446151	0.000000
1.897176	0.000000
-0.337153	0.000000
-0.037866	0.000000
0.865423	0.000000
0.085360	0.000000
0.338014	0.000000
0.523683	0.000000
0.437867	0.000000
0.549477	0.000000
-0.443374	0.000000
-0.472599	0.000000
1.681299	0.000000
1.430834	0.000000
0.205784	0.000000
0.732431	0.000000
0.000018	0.000000
1.292833	0.000000
1.178479	0.000000
0.435297	0.000000
-0.051580	0.000000
0.312732	0.000000
0.000033	0.000000
-0.941137	0.000000
-0.669180	0.000000
-0.193856	0.000000
-0.460779	0.000000
0.191363	0.000000
0.247855	0.000000
0.471713	0.000000
0.133469	0.000000
0.981100	0.000000
1.491647	0.000000
0.081281	0.000000
0.308110	0.000000
-0.094085	0.000000
0.000027	0.000000
0.688381	0.000000
0.307481	0.000000
0.516343	0.000000
0.609923	0.000000
0.000055	0.000000
-0.163549	0.000000
0.740248	0.000000
1.275254	0.000000
0.120739	0.000000
2.446462	0.000000
0.499776	0.000000
1.157250	0.000000
0.680902	0.000000
0.352785	0.000000
0.524773	0.000000
1.910253	0.000000
0.000044	0.000000
0.027179	0.000000
-0.239682	0.000000
0.129697	0.000000
-0.230478	0.000000
4.286784	0.000000
0.520367	0.000000
-0.407672	0.000000
1.567240	0.000000
-0.711868	0.000000
-0.037892	0.000000
-0.150479	0.000000
0.853331	0.000000
1.774571	0.000000
0.425465	0.000000
0.312795	0.000000
0.887608	0.000000
-0.936039	0.000000
1.457378	0.000000
0.336271	0.000000
1.734346	0.000000
0.788828	0.000000
-0.129190	0.000000
1.696137	0.000000
0.978331	0.000000
-0.147282	0.000000
-0.839429	0.000000
1.135822	0.000000
-0.898954	0.000000
0.688748	0.000000
0.078490	0.000000
0.602311	0.000000
0.258569	0.000000
1.344073	0.000000
-0.286985	0.000000
0.247844	0.000000
0.597531	0.000000
1.200850	0.000000
0.363362	0.000000
0.586040	0.000000
-0.934174	0.000000
1.061195	0.000000
0.047062	0.000000
-0.499926	0.000000
0.086101	0.000000
-0.537943	0.000000
0.000037	0.000000
1.463762	0.000000
0.177564	0.000000
0.436200	0.000000
-0.478882	0.000000
0.286962	0.000000
0.603692	0.000000
0.305818	0.000000
0.360974	0.000000
0.754793	0.000000
1.397636	0.000000
0.298508	0.000000
1.341128	0.000000
1.193922	0.000000
0.000076	0.000000
-0.135694	0.000000
2.337110	0.000000
0.745565	0.000000
1.306284	0.000000
0.600162	0.000000
3.252246	0.000000
2.072422	0.000000
-0.742339	0.000000
1.498735	0.000000
-0.113679	0.000000
1.918881	0.000000
0.000018	0.000000
0.169010	0.000000
-0.163594	0.000000
1.469972	0.000000
-0.338071	0.000000
0.591202	0.000000
-0.354433	0.000000
-0.067218	0.000000
1.040625	0.000000
0.548766	0.000000
0.000001	0.000000
1.047624	0.000000
0.244633	0.000000
-0.196388	0.000000
-1.678914	0.000000
0.464694	0.000000
0.547210	0.000000
0.964275	0.000000
0.039247	0.000000
-0.267681	0.000000
0.743303	0.000000
0.115210	0.000000
-0.526122	0.000000
-0.141602	0.000000
0.220141	0.000000
-0.100058	0.000000
0.327031	0.000000
0.532747	0.000000
-0.162468	0.000000
0.992727	0.000000
0.188240	0.000000
0.764630	0.000000
-0.731293	0.000000
-0.230567	0.000000
0.043046	0.000000
1.707716	0.000000
0.221972	0.000000
-1.035797	0.000000
-0.435361	0.000000
-0.191264	0.000000
0.120777	0.000000
0.356824	0.000000
0.138863	0.000000
1.056620	0.000000
0.680911	0.000000
1.166841	0.000000
-0.466450	0.000000
-0.029815	0.000000
1.477737	0.000000
1.004434	0.000000
0.599298	0.000000
-0.680697	0.000000
1.613643	0.000000
0.557330	0.000000
-0.357706	0.000000
3.397411	0.000000
0.879879	0.000000
1.049124	0.000000
0.113728	0.000000
0.526744	0.000000
1.834588	0.000000
0.169002	0.000000
0.425507	0.000000
0.093843	0.000000
0.338140	0.000000
-0.049263	0.000000
0.354503	0.000000
-1.378594	0.000000
0.390230	0.000000
1.337571	0.000000
-0.560011	0.000000
0.399150	0.000000
0.628941	0.000000
0.147353	0.000000
2.704948	0.000000
0.877702	0.000000
0.429951	0.000000
0.137757	0.000000
1.882327	0.000000
1.137667	0.000000
1.292719	0.000000
0.614433	0.000000
0.095688	0.000000
0.141644	0.000000
0.534647	0.000000
2.068160	0.000000
0.436080	0.000000
0.532770	0.000000
-0.771674	0.000000
-0.650359	0.000000
0.846956	0.000000
-0.823412	0.000000
0.559327	0.000000
0.999154	0.000000
1.247783	0.000000
0.213508	0.000000
1.020838	0.000000
0.436193	0.000000
1.132062	0.000000
0.637632	0.000000
0.060422	0.000000
0.356847	0.000000
0.666337	0.000000
1.962328	0.000000
1.433457	0.000000
1.383936	0.000000
-0.349754	0.000000
-0.387992	0.000000
0.113710	0.000000
-0.244307	0.000000
0.539352	0.000000
0.291778	0.000000
0.653188	0.000000
-0.728710	0.000000
1.170850	0.000000
0.237862	0.000000
2.749533	0.000000
2.884992	0.000000
0.720296	0.000000
0.677288	0.000000
1.493272	0.000000
0.042258	0.000000
-0.229043	0.000000
0.625545	0.000000
0.634006	0.000000
-0.591122	0.000000
0.551484	0.000000
-0.840619	0.000000
1.127315	0.000000
0.445854	0.000000
-0.043047	0.000000
0.000024	0.000000
-1.292739	0.000000
0.245514	0.000000
0.093316	0.000000
0.413056	0.000000
0.234524	0.000000
0.183689	0.000000
-0.352867	0.000000
0.602332	0.000000
1.228052	0.000000
0.076833	0.000000
0.382672	0.000000
-0.849635	0.000000
0.094362	0.000000
0.967375	0.000000
1.344456	0.000000
-0.266330	0.000000
0.406174	0.000000
0.102697	0.000000
0.988082	0.000000
1.205775	0.000000
0.301204	0.000000
-0.461116	0.000000
0.172172	0.000000
-0.060965	0.000000
0.266347	0.000000
0.327163	0.000000
1.785189	0.000000
-0.127481	0.000000
-0.603594	0.000000
0.815531	0.000000
-0.360894	0.000000
-0.100602	0.000000
2.580216	0.000000
1.166836	0.000000
-0.291477	0.000000
0.656654	0.000000
-0.170494	0.000000
0.135736	0.000000
0.958842	0.000000
0.907626	0.000000
0.230519	0.000000
1.114605	0.000000
0.552889	0.000000
0.203848	0.000000
-0.412387	0.000000
3.746743	0.000000
0.834005	0.000000
0.489141	0.000000
0.895953	0.000000
-0.042247	0.000000
0.327311	0.000000
1.157213	0.000000
-0.042219	0.000000
0.394194	0.000000
0.000044	0.000000
-0.201735	0.000000
-0.520258	0.000000
1.783409	0.000000
0.560102	0.000000
-0.249362	0.000000
-0.489124	0.000000
-0.049093	0.000000
-0.435247	0.000000
1.393904	0.000000
0.078231	0.000000
0.137779	0.000000
1.215700	0.000000
1.773443	0.000000
0.711000	0.000000
0.614466	0.000000
-1.626280	0.000000
1.274507	0.000000
0.251614	0.000000
-0.200131	0.000000
0.109040	0.000000
-0.213053	0.000000
1.137333	0.000000
-1.026892	0.000000
-0.846827	0.000000
0.499977	0.000000
0.043043	0.000000
0.038452	0.000000
-0.602307	0.000000
-0.335434	0.000000
0.088808	0.000000
-0.108993	0.000000
0.087102	0.000000
0.414462	0.000000
0.664062	0.000000
0.101986	0.000000
0.444231	0.000000
1.308244	0.000000
-0.645041	0.000000
0.895465	0.000000
0.291552	0.000000
0.955142	0.000000
0.966243	0.000000
-0.678630	0.000000
0.928864	0.000000
0.291764	0.000000
1.037381	0.000000
-0.428619	0.000000
-1.105712	0.000000
0.475666	0.000000
1.127315	0.000000
0.936719	0.000000
3.790931	0.000000
-0.225734	0.000000
-0.853211	0.000000
0.591511	0.000000
-0.883619	0.000000
0.750599	0.000000
0.464992	0.000000
0.246331	0.000000
0.472668	0.000000
1.109686	0.000000
0.693771	0.000000
0.617341	0.000000
-0.215394	0.000000
2.693886	0.000000
-0.803613	0.000000
1.031189	0.000000
-0.715079	0.000000
1.497126	0.000000
0.312750	0.000000
0.321466	0.000000
-0.745032	0.000000
0.301178	0.000000
0.096993	0.000000
-0.307162	0.000000
0.143552	0.000000
0.743503	0.000000
0.503191	0.000000
-0.233490	0.000000
1.126426	0.000000
0.745842	0.000000
-0.771701	0.000000
-0.308020	0.000000
0.094170	0.000000
0.205875	0.000000
1.290682	0.000000
0.614897	0.000000
0.989644	0.000000
0.000035	0.000000
1.109581	0.000000
1.363015	0.000000
1.349787	0.000000
-0.127489	0.000000
1.569603	0.000000
-0.254815	0.000000
0.499779	0.000000
1.157295	0.000000
1.182582	0.000000
0.434184	0.000000
-1.166119	0.000000
0.119406	0.000000
0.738891	0.000000
0.434386	0.000000
-0.119843	0.000000
0.615908	0.000000
0.883713	0.000000
-0.257193	0.000000
2.211569	0.000000
1.868558	0.000000
-0.274932	0.000000
-1.348801	0.000000
0.644493	0.000000
3.762501	0.000000
0.597357	0.000000
1.394316	0.000000
-0.556345	0.000000
-2.126675	0.000000
-0.845308	0.000000
-1.379372	0.000000
1.024136	0.000000
0.235418	0.000000
0.910525	0.000000
-0.514416	0.000000
1.637051	0.000000
-0.399075	0.000000
0.524133	0.000000
-0.147227	0.000000
-0.435257	0.000000
0.671158	0.000000
0.781760	0.000000
0.505082	0.000000
0.823507	0.000000
0.936913	0.000000
1.260360	0.000000
-0.191969	0.000000
0.908874	0.000000
-0.141564	0.000000
0.220137	0.000000
0.467005	0.000000
-0.436014	0.000000
0.426197	0.000000
1.624731	0.000000
0.171178	0.000000
0.329423	0.000000
1.646888	0.000000
-0.129047	0.000000
0.000013	0.000000
0.258195	0.000000
0.213482	0.000000
0.177545	0.000000
-1.471959	0.000000
0.304828	0.000000
0.765176	0.000000
0.724473	0.000000
0.000078	0.000000
0.138825	0.000000
0.754724	0.000000
0.465898	0.000000
-3.147665	0.000000
0.116642	0.000000
-0.507369	0.000000
1.193599	0.000000
-0.434313	0.000000
-0.719083	0.000000
-2.690353	0.000000
0.384225	0.000000
0.514474	0.000000
-0.487803	0.000000
-2.717862	0.000000
-0.027470	0.000000
-0.037421	0.000000
0.265367	0.000000
0.413882	0.000000
4.266455	0.000000
-0.168941	0.000000
-0.719991	0.000000
-0.813122	0.000000
-1.563830	0.000000
1.773622	0.000000
-1.654238	0.000000
-0.302596	0.000000
0.823804	0.000000
0.617375	0.000000
-0.387656	0.000000
-2.494238	0.000000
-0.698753	0.000000
-0.343707	0.000000
0.839471	0.000000
1.290624	0.000000
1.641640	0.000000
2.112193	0.000000
0.078477	0.000000
-0.736123	0.000000
-1.745081	0.000000
1.536112	0.000000
1.291564	0.000000
-1.380638	0.000000
0.754746	0.000000
0.700497	0.000000
0.508765	0.000000
1.385081	0.000000
1.259139	0.000000
-0.205380	0.000000
0.564621	0.000000
-2.587933	0.000000
1.806914	0.000000
0.307472	0.000000
1.376861	0.000000
1.097824	0.000000
1.375907	0.000000
1.308521	0.000000
2.438268	0.000000
-0.159377	0.000000
-1.146888	0.000000
-0.713508	0.000000
0.166613	0.000000
0.301958	0.000000
-0.429994	0.000000
1.031150	0.000000
0.233321	0.000000
-0.089536	0.000000
0.284246	0.000000
-0.190018	0.000000
-0.269654	0.000000
1.393856	0.000000
0.307370	0.000000
-2.143334	0.000000
-0.097528	0.000000
-0.135886	0.000000
0.027525	0.000000
-0.299696	0.000000
1.023591	0.000000
0.865404	0.000000
0.128021	0.000000
4.225039	0.000000
-0.425444	0.000000
0.875707	0.000000
0.803064	0.000000
-0.344828	0.000000
0.000064	0.000000
-0.100865	0.000000
0.303549	0.000000
0.514461	0.000000
-1.335417	0.000000
0.748363	0.000000
-2.480716	0.000000
0.196443	0.000000
-0.839439	0.000000
-0.929225	0.000000
-0.078169	0.000000
0.091855	0.000000
1.686227	0.000000
0.903442	0.000000
1.292699	0.000000
0.768070	0.000000
0.478380	0.000000
1.770125	0.000000
0.534612	0.000000
-0.100043	0.000000
-4.069627	0.000000
1.757974	0.000000
0.528077	0.000000
0.000013	0.000000
-0.329271	0.000000
0.499948	0.000000
0.989537	0.000000
0.000042	0.000000
-0.344137	0.000000
-2.195587	0.000000
-0.621346	0.000000
0.381665	0.000000
0.391901	0.000000
-0.637578	0.000000
-0.664003	0.000000
0.254912	0.000000
1.110555	0.000000
0.704450	0.000000
-1.899282	0.000000
1.329636	0.000000
1.282838	0.000000
-4.865127	0.000000
-0.170433	0.000000
-0.108545	0.000000
2.876409	0.000000
1.134510	0.000000
1.613664	0.000000
0.857384	0.000000
0.780574	0.000000
1.426944	0.000000
0.000011	0.000000
0.412177	0.000000
0.871940	0.000000
-0.112814	0.000000
1.151986	0.000000
-1.182957	0.000000
3.272822	0.000000
0.625526	0.000000
0.929893	0.000000
1.625779	0.000000
0.787800	0.000000
0.067255	0.000000
-2.081172	0.000000
-4.321257	0.000000
-0.430794	0.000000
1.945540	0.000000
-1.048146	0.000000
-0.147273	0.000000
1.865507	0.000000
1.858567	0.000000
-0.547151	0.000000
0.137803	0.000000
-0.156806	0.000000
-0.568804	0.000000
0.840280	0.000000
-1.228852	0.000000
2.009036	0.000000
0.495653	0.000000
-0.062890	0.000000
0.933999	0.000000
0.581433	0.000000
1.171961	0.000000
0.203096	0.000000
0.513475	0.000000
-2.352447	0.000000
1.029313	0.000000
1.892983	0.000000
-0.268949	0.000000
0.000032	0.000000
-0.487878	0.000000
0.577034	0.000000
0.381643	0.000000
0.696709	0.000000
-2.996780	0.000000
0.603711	0.000000
-0.152868	0.000000
0.083314	0.000000
-0.503098	0.000000
0.680906	0.000000
-2.659220	0.000000
-0.174841	0.000000
0.358181	0.000000
1.818782	0.000000
1.113024	0.000000
-0.479395	0.000000
0.810364	0.000000
0.076864	0.000000
-0.257179	0.000000
0.065073	0.000000
-0.067943	0.000000
0.494954	0.000000
1.198993	0.000000
2.009185	0.000000
-1.768322	0.000000
-3.413096	0.000000
1.521075	0.000000
0.229144	0.000000
3.127499	0.000000
0.042276	0.000000
1.133155	0.000000
-1.299730	0.000000
-0.134482	0.000000
1.170695	0.000000
1.440444	0.000000
0.560089	0.000000
1.346986	0.000000
1.118086	0.000000
2.160499	0.000000
-1.430147	0.000000
0.516277	0.000000
-0.781682	0.000000
1.193858	0.000000
-1.764633	0.000000
-2.241805	0.000000
0.323176	0.000000
-0.345587	0.000000
2.009033	0.000000
-1.557696	0.000000
-3.773609	0.000000
1.267614	0.000000
-0.436015	0.000000
1.278541	0.000000
-0.446772	0.000000
-0.273812	0.000000
-0.235189	0.000000
0.441155	0.000000
0.129073	0.000000
-0.230555	0.000000
-0.344199	0.000000
1.158836	0.000000
1.420271	0.000000
0.054542	0.000000
-0.609497	0.000000
-3.092406	0.000000
-0.060332	0.000000
-0.356683	0.000000
0.222112	0.000000
0.402584	0.000000
0.107525	0.000000
-0.461256	0.000000
0.699753	0.000000
-0.746158	0.000000
0.056848	0.000000
-1.275871	0.000000
-2.786475	0.000000
1.361436	0.000000
-0.115238	0.000000
-0.642960	0.000000
-0.195092	0.000000
1.087208	0.000000
-0.247417	0.000000
0.824299	0.000000
-2.084991	0.000000
0.263395	0.000000
1.493282	0.000000
0.169004	0.000000
0.490916	0.000000
0.250233	0.000000
4.226675	0.000000
0.936056	0.000000
0.078839	0.000000
1.445902	0.000000
0.346932	0.000000
-0.205770	0.000000
-1.593911	0.000000
-0.598604	0.000000
-0.873447	0.000000
1.276691	0.000000
0.808391	0.000000
0.567921	0.000000
0.508153	0.000000
0.642873	0.000000
0.901939	0.000000
0.133858	0.000000
1.325000	0.000000
-1.958469	0.000000
0.574058	0.000000
0.389447	0.000000
0.723334	0.000000
-2.601828	0.000000
0.327042	0.000000
1.811253	0.000000
-0.893552	0.000000
0.068495	0.000000
0.658696	0.000000
-3.646636	0.000000
-2.495172	0.000000
-1.229668	0.000000
0.344235	0.000000
-3.842305	0.000000
-0.932026	0.000000
0.599718	0.000000
0.783753	0.000000
0.637649	0.000000
0.301919	0.000000
-0.458643	0.000000
-3.414915	0.000000
0.805065	0.000000
-1.146710	0.000000
-0.569837	0.000000
-0.582990	0.000000
1.313337	0.000000
1.193569	0.000000
-2.171711	0.000000
0.359583	0.000000
0.194524	0.000000
-1.306224	0.000000
0.342972	0.000000
0.552926	0.000000
-1.087135	0.000000
-4.536689	0.000000
0.824284	0.000000
-1.175137	0.000000
-3.273264	0.000000
0.469334	0.000000
-0.422497	0.000000
-2.127268	0.000000
-1.000764	0.000000
0.422695	0.000000
4.926579	0.000000
-2.048093	0.000000
0.907904	0.000000
-0.520249	0.000000
0.788840	0.000000
-0.818518	0.000000
1.047644	0.000000
-1.222844	0.000000
0.343710	0.000000
-1.367960	0.000000
-0.722691	0.000000
1.563457	0.000000
-2.709032	0.000000
0.588272	0.000000
-0.033442	0.000000
0.323187	0.000000
1.075296	0.000000
1.052345	0.000000
-1.132830	0.000000
0.471755	0.000000
-1.734521	0.000000
0.581429	0.000000
1.171977	0.000000
1.137346	0.000000
-4.689532	0.000000
-2.117196	0.000000
0.088259	0.000000
0.000033	0.000000
-1.152841	0.000000
0.129139	0.000000
0.579423	0.000000
1.730946	0.000000
2.180829	0.000000
-1.523908	0.000000
1.307169	0.000000
0.422606	0.000000
1.070378	0.000000
-1.998950	0.000000
0.402577	0.000000
0.322560	0.000000
0.678397	0.000000
0.583148	0.000000
0.507447	0.000000
0.738907	0.000000
0.108593	0.000000
1.078670	0.000000
-1.426198	0.000000
0.345830	0.000000
0.600201	0.000000
-3.577460	0.000000
-0.203833	0.000000
-0.329932	0.000000
-3.784172	0.000000
1.364762	0.000000
1.655504	0.000000
1.109281	0.000000
-1.563216	0.000000
0.130949	0.000000
-3.596609	0.000000
1.141257	0.000000
0.886783	0.000000
3.938754	0.000000
0.033655	0.000000
-0.303441	0.000000
0.205802	0.000000
0.990910	0.000000
0.399090	0.000000
-0.279502	0.000000
1.178497	0.000000
0.621869	0.000000
0.671142	0.000000
-1.876084	0.000000
-0.275448	0.000000
0.666661	0.000000
-0.066913	0.000000
-1.066441	0.000000
0.307218	0.000000
0.478369	0.000000
0.991275	0.000000
0.691879	0.000000
-2.168182	0.000000
0.617727	0.000000
0.106550	0.000000
-0.243662	0.000000
0.581961	0.000000
0.846911	0.000000
0.764627	0.000000
0.645320	0.000000
-1.268137	0.000000
-1.118645	0.000000
0.304951	0.000000
0.443888	0.000000
0.654242	0.000000
-0.087025	0.000000
0.127524	0.000000
-0.362178	0.000000
-0.560608	0.000000
1.249410	0.000000
0.402594	0.000000
-1.182536	0.000000
-3.636103	0.000000
1.166233	0.000000
0.059705	0.000000
0.966197	0.000000
0.244325	0.000000
-0.119849	0.000000
-3.435918	0.000000
0.998940	0.000000
0.343008	0.000000
0.325257	0.000000
-0.373668	0.000000
-0.247445	0.000000
0.374713	0.000000
0.530777	0.000000
0.526801	0.000000
0.042729	0.000000
-2.619496	0.000000
-0.883634	0.000000
0.625524	0.000000
0.380408	0.000000
2.069227	0.000000
0.157560	0.000000
3.362575	0.000000
1.300767	0.000000
0.548765	0.000000
0.560101	0.000000
1.197285	0.000000
0.139808	0.000000
1.374847	0.000000
-0.279797	0.000000
1.755301	0.000000
-2.462342	0.000000
-0.734585	0.000000
-0.078405	0.000000
1.673066	0.000000
-0.226193	0.000000
-0.076785	0.000000
0.239238	0.000000
-0.354007	0.000000
-3.239031	0.000000
0.967373	0.000000
0.436091	0.000000
0.799116	0.000000
1.462258	0.000000
0.958460	0.000000
0.658741	0.000000
0.088249	0.000000
1.118578	0.000000
0.922288	0.000000
-2.495433	0.000000
-0.335396	0.000000
-1.775243	0.000000
-0.926806	0.000000
1.610994	0.000000
0.350725	0.000000
0.603743	0.000000
0.662624	0.000000
-3.192798	0.000000
0.603799	0.000000
0.860105	0.000000
-0.189917	0.000000
-0.524711	0.000000
-0.298454	0.000000
0.795743	0.000000
1.031606	0.000000
0.449463	0.000000
-0.097212	0.000000
-1.805684	0.000000
1.371781	0.000000
-0.943119	0.000000
0.101933	0.000000
1.484770	0.000000
0.524541	0.000000
0.947760	0.000000
-0.526732	0.000000
-0.298616	0.000000
1.014076	0.000000
0.130925	0.000000
1.532489	0.000000
0.338182	0.000000
0.788271	0.000000
-1.260371	0.000000
-1.344978	0.000000
4.335833	0.000000
0.445884	0.000000
1.464771	0.000000
0.997728	0.000000
1.572304	0.000000
0.883874	0.000000
-1.958693	0.000000
0.980932	0.000000
0.703584	0.000000
0.137763	0.000000
0.862752	0.000000
0.635785	0.000000
0.549402	0.000000
-0.652799	0.000000
1.435060	0.000000
0.106211	0.000000
1.069219	0.000000
1.567828	0.000000
0.944762	0.000000
0.958906	0.000000
0.203146	0.000000
-0.308068	0.000000
1.176266	0.000000
0.323517	0.000000
0.817439	0.000000
2.882146	0.000000
0.430315	0.000000
-0.304925	0.000000
0.443889	0.000000
1.253944	0.000000
1.306263	0.000000
0.286936	0.000000
0.664104	0.000000
0.000021	0.000000
-1.082763	0.000000
0.503176	0.000000
0.358404	0.000000
0.054313	0.000000
0.058358	0.000000
0.596966	0.000000
0.511529	0.000000
-2.416015	0.000000
-0.539326	0.000000
0.875197	0.000000
0.614741	0.000000
0.985997	0.000000
0.455344	0.000000
-0.611492	0.000000
-0.494872	0.000000
1.311374	0.000000
0.644507	0.000000
0.714870	0.000000
1.024003	0.000000
-0.042245	0.000000
-2.749118	0.000000
0.406581	0.000000
0.169125	0.000000
-0.246276	0.000000
0.748421	0.000000
-2.152019	0.000000
1.647664	0.000000
3.429626	0.000000
