-1.980014	0.000000
-0.279004	0.000000
0.512957	0.000000
0.253395	0.000000
0.387694	0.000000
-0.270836	0.000000
-0.423779	0.000000
0.136212	0.000000
-0.748474	0.000000
-0.172249	0.000000
-0.219064	0.000000
0.122375	0.000000
-0.132844	0.000000
-0.230874	0.000000
-0.763506	0.000000
0.469511	0.000000
0.671712	0.000000
0.381953	0.000000
0.202729	0.000000
0.480501	0.000000
0.634964	0.000000
0.249031	0.000000
-0.343620	0.000000
-0.687879	0.000000
-0.372207	0.000000
0.451070	0.000000
0.434699	0.000000
-0.207775	0.000000
-0.362592	0.000000
0.415968	0.000000
-0.303336	0.000000
-0.339081	0.000000
0.904516	0.000000
-0.534331	0.000000
0.402501	0.000000
0.198548	0.000000
0.330760	0.000000
0.193751	0.000000
-0.219293	0.000000
-0.138259	0.000000
-0.305803	0.000000
-0.504349	0.000000
-0.317377	0.000000
-0.276210	0.000000
-0.202866	0.000000
0.413350	0.000000
-0.260914	0.000000
-0.215565	0.000000
0.295903	0.000000
-0.462712	0.000000
0.462477	0.000000
0.461279	0.000000
-0.240083	0.000000
-0.581950	0.000000
-0.500161	0.000000
0.178559	0.000000
-0.438038	0.000000
0.432224	0.000000
-0.191055	0.000000
0.256590	0.000000
-0.674523	0.000000
-1.265391	0.000000
0.515701	0.000000
-0.236009	0.000000
-0.737199	0.000000
-0.309907	0.000000
0.826989	0.000000
-0.313485	0.000000
-0.695196	0.000000
-0.521317	0.000000
-0.426793	0.000000
-0.222139	0.000000
-0.334387	0.000000
-0.405080	0.000000
-0.688813	0.000000
-0.428071	0.000000
0.224229	0.000000
0.639765	0.000000
-0.352629	0.000000
0.609192	0.000000
0.517787	0.000000
0.187613	0.000000
-0.848387	0.000000
-0.282404	0.000000
-0.457111	0.000000
-0.456374	0.000000
-0.317689	0.000000
0.523649	0.000000
-0.549402	0.000000
0.459471	0.000000
-0.531794	0.000000
-0.786347	0.000000
-0.513225	0.000000
-0.676209	0.000000
-0.257826	0.000000
0.190920	0.000000
-0.416775	0.000000
-0.140298	0.000000
-0.638307	0.000000
-0.081661	0.000000
-0.496905	0.000000
-0.697766	0.000000
-0.282379	0.000000
-0.664704	0.000000
-0.412531	0.000000
0.649891	0.000000
-0.457945	0.000000
-0.502391	0.000000
-0.518320	0.000000
-0.459180	0.000000
-0.262236	0.000000
0.492367	0.000000
-0.129248	0.000000
-0.456322	0.000000
-0.418278	0.000000
-0.593028	0.000000
-1.044929	0.000000
0.631683	0.000000
-0.408628	0.000000
-0.577080	0.000000
1.556522	0.000000
1.480215	0.000000
-1.009368	0.000000
0.266879	0.000000
0.842766	0.000000
2.667103	0.000000
0.574021	0.000000
2.831144	0.000000
0.610939	0.000000
1.766876	0.000000
2.705023	0.000000
3.002395	0.000000
2.203104	0.000000
3.137941	0.000000
1.292942	0.000000
0.909699	0.000000
0.793695	0.000000
-0.761088	0.000000
0.830407	0.000000
0.284079	0.000000
0.503577	0.000000
2.699908	0.000000
1.010154	0.000000
1.353363	0.000000
1.778517	0.000000
0.487795	0.000000
2.555934	0.000000
1.160155	0.000000
1.925121	0.000000
-0.720149	0.000000
1.218683	0.000000
1.136179	0.000000
1.156060	0.000000
1.198168	0.000000
0.729341	0.000000
1.222201	0.000000
0.763667	0.000000
3.218333	0.000000
1.537771	0.000000
3.409957	0.000000
2.986088	0.000000
0.454923	0.000000
2.500525	0.000000
1.935260	0.000000
2.912716	0.000000
0.288232	0.000000
0.536306	0.000000
2.782095	0.000000
0.638610	0.000000
1.623677	0.000000
2.578490	0.000000
0.399428	0.000000
1.318014	0.000000
1.006028	0.000000
1.583014	0.000000
1.288168	0.000000
2.308183	0.000000
1.418917	0.000000
2.994005	0.000000
3.205176	0.000000
0.869943	0.000000
1.021564	0.000000
-1.317688	0.000000
-3.358847	0.000000
-0.669298	0.000000
-0.916224	0.000000
-1.068924	0.000000
-1.521298	0.000000
-0.928641	0.000000
1.578490	0.000000
-0.543473	0.000000
-0.523944	0.000000
-0.180438	0.000000
-0.792875	0.000000
-1.833270	0.000000
2.506459	0.000000
2.509472	0.000000
-1.359654	0.000000
2.461350	0.000000
-2.198326	0.000000
1.161864	0.000000
-0.644997	0.000000
0.996723	0.000000
-1.746603	0.000000
-1.002108	0.000000
1.053286	0.000000
0.985642	0.000000
-3.875652	0.000000
-0.717745	0.000000
1.382236	0.000000
2.160487	0.000000
0.487453	0.000000
1.287324	0.000000
-0.338797	0.000000
2.827413	0.000000
0.934412	0.000000
2.160573	0.000000
-1.161883	0.000000
1.555001	0.000000
-0.690939	0.000000
-0.330703	0.000000
0.927100	0.000000
-0.406533	0.000000
1.028662	0.000000
0.679684	0.000000
-0.507957	0.000000
1.274021	0.000000
-0.604487	0.000000
2.164668	0.000000
-0.525078	0.000000
-1.503578	0.000000
-2.052992	0.000000
0.155011	0.000000
1.248875	0.000000
-1.157289	0.000000
-1.454999	0.000000
-0.334289	0.000000
1.857264	0.000000
-0.715996	0.000000
-0.674039	0.000000
-0.533415	0.000000
-1.469001	0.000000
0.704358	0.000000
-0.762605	0.000000
-2.156310	0.000000
-0.792722	0.000000
0.676903	0.000000
-1.537569	0.000000
-2.414726	0.000000
-0.862415	0.000000
-0.447062	0.000000
-1.302813	0.000000
-0.897270	0.000000
-1.101170	0.000000
-0.637645	0.000000
-0.759673	0.000000
-0.766409	0.000000
0.910252	0.000000
-0.653438	0.000000
0.687395	0.000000
0.976654	0.000000
-1.255304	0.000000
-1.129327	0.000000
0.922238	0.000000
-1.207780	0.000000
-1.338895	0.000000
-1.460946	0.000000
-0.391400	0.000000
-1.396667	0.000000
1.556058	0.000000
-0.812388	0.000000
-1.747339	0.000000
-0.692846	0.000000
-1.324965	0.000000
-1.056982	0.000000
-1.758308	0.000000
-1.138950	0.000000
-0.987762	0.000000
-1.129875	0.000000
-0.852629	0.000000
-0.512847	0.000000
-1.163443	0.000000
-0.584627	0.000000
-0.753991	0.000000
-1.206541	0.000000
0.803026	0.000000
-0.718685	0.000000
-1.186648	0.000000
-0.991482	0.000000
-1.237721	0.000000
-1.316591	0.000000
0.690074	0.000000
-2.937168	0.000000
-1.141254	0.000000
-0.733749	0.000000
-1.601561	0.000000
-1.844789	0.000000
-0.291583	0.000000
-0.934810	0.000000
-0.845838	0.000000
-0.165794	0.000000
-0.288515	0.000000
-0.706181	0.000000
0.088217	0.000000
-0.403908	0.000000
-1.385301	0.000000
-0.863184	0.000000
-0.642922	0.000000
-0.654924	0.000000
-0.420279	0.000000
-0.261513	0.000000
-0.771896	0.000000
-0.445220	0.000000
-0.668763	0.000000
-0.652947	0.000000
0.426951	0.000000
0.500088	0.000000
0.636968	0.000000
-0.183574	0.000000
-0.755344	0.000000
-0.363321	0.000000
-1.274473	0.000000
0.425730	0.000000
0.298683	0.000000
-0.578364	0.000000
0.235854	0.000000
-0.809745	0.000000
-0.327599	0.000000
-0.436219	0.000000
0.617126	0.000000
0.699006	0.000000
-0.370281	0.000000
0.399420	0.000000
-0.266097	0.000000
0.306215	0.000000
-0.169480	0.000000
0.256117	0.000000
-1.176068	0.000000
0.500023	0.000000
-0.453406	0.000000
-0.162486	0.000000
-0.305469	0.000000
-0.240940	0.000000
-0.420038	0.000000
-0.750075	0.000000
-0.664463	0.000000
0.311129	0.000000
-0.469651	0.000000
0.161129	0.000000
-0.497807	0.000000
-0.358409	0.000000
-0.292502	0.000000
-0.152575	0.000000
-0.628646	0.000000
-0.154503	0.000000
-0.355721	0.000000
-0.385328	0.000000
0.328562	0.000000
-0.543698	0.000000
-1.169154	0.000000
0.957595	0.000000
0.430399	0.000000
-0.632726	0.000000
0.234162	0.000000
-0.182847	0.000000
1.276978	0.000000
-0.932952	0.000000
1.341883	0.000000
-0.243251	0.000000
0.918877	0.000000
1.916123	0.000000
1.421816	0.000000
0.936481	0.000000
1.636072	0.000000
0.570914	0.000000
0.908167	0.000000
-0.408372	0.000000
-1.190887	0.000000
0.328139	0.000000
-0.901231	0.000000
-0.761402	0.000000
1.577940	0.000000
0.503257	0.000000
-0.364386	0.000000
0.502221	0.000000
0.345861	0.000000
1.448766	0.000000
-0.556376	0.000000
0.675652	0.000000
0.690851	0.000000
0.833506	0.000000
0.445637	0.000000
0.433140	0.000000
0.551829	0.000000
0.590006	0.000000
0.225621	0.000000
-0.280167	0.000000
1.508724	0.000000
0.666604	0.000000
1.493048	0.000000
1.653764	0.000000
-0.595746	0.000000
1.222556	0.000000
0.473019	0.000000
1.495401	0.000000
-0.879195	0.000000
0.618502	0.000000
1.831678	0.000000
0.500649	0.000000
0.830764	0.000000
1.140403	0.000000
0.729998	0.000000
0.898744	0.000000
-0.502274	0.000000
0.533729	0.000000
0.565574	0.000000
1.389656	0.000000
0.598732	0.000000
1.604112	0.000000
1.890849	0.000000
-0.720610	0.000000
-0.251366	0.000000
0.286086	0.000000
-0.291336	0.000000
0.264109	0.000000
-0.548965	0.000000
0.486181	0.000000
-1.333031	0.000000
-0.692546	0.000000
0.889881	0.000000
-0.163619	0.000000
-0.181821	0.000000
-0.257325	0.000000
-0.329563	0.000000
0.883833	0.000000
-0.607788	0.000000
0.944688	0.000000
0.578277	0.000000
0.946991	0.000000
0.557799	0.000000
1.003477	0.000000
0.153159	0.000000
0.186895	0.000000
0.412269	0.000000
-0.416740	0.000000
0.582551	0.000000
0.332501	0.000000
-0.710761	0.000000
0.484331	0.000000
1.043337	0.000000
0.257060	0.000000
0.445089	0.000000
-0.734619	0.000000
-0.266028	0.000000
0.724158	0.000000
0.511648	0.000000
0.481647	0.000000
-0.324021	0.000000
-0.450156	0.000000
-0.126396	0.000000
-0.089084	0.000000
-0.238958	0.000000
-0.469823	0.000000
0.608591	0.000000
0.233966	0.000000
0.483923	0.000000
-0.555576	0.000000
0.250854	0.000000
0.463451	0.000000
-0.323936	0.000000
-0.357216	0.000000
-0.641508	0.000000
0.247699	0.000000
0.786175	0.000000
-0.624763	0.000000
-0.638392	0.000000
-0.193953	0.000000
1.386738	0.000000
0.259849	0.000000
-0.215612	0.000000
0.873714	0.000000
0.484534	0.000000
0.909329	0.000000
0.679175	0.000000
0.383880	0.000000
-0.366156	0.000000
-0.550235	0.000000
-0.493390	0.000000
-1.215749	0.000000
-0.522597	0.000000
-0.104892	0.000000
-0.267290	0.000000
-0.443888	0.000000
0.316097	0.000000
1.432861	0.000000
1.699149	0.000000
-1.731086	0.000000
0.953051	0.000000
0.709156	0.000000
0.587250	0.000000
1.211177	0.000000
-0.222326	0.000000
-0.351057	0.000000
1.490304	0.000000
-0.395831	0.000000
-0.872941	0.000000
0.511137	0.000000
-0.615426	0.000000
-0.280903	0.000000
1.423892	0.000000
0.934093	0.000000
-0.170897	0.000000
0.760637	0.000000
-0.683896	0.000000
1.621745	0.000000
0.964707	0.000000
0.443568	0.000000
-0.297147	0.000000
0.801788	0.000000
-0.341136	0.000000
-0.298872	0.000000
-0.401542	0.000000
-0.337844	0.000000
-0.549132	0.000000
-0.502243	0.000000
0.861203	0.000000
1.096046	0.000000
-0.257727	0.000000
0.747941	0.000000
-0.357948	0.000000
-0.161479	0.000000
1.285468	0.000000
-0.065509	0.000000
-0.965737	0.000000
-1.229172	0.000000
0.628819	0.000000
0.576563	0.000000
0.957555	0.000000
-0.455069	0.000000
0.457250	0.000000
-0.648051	0.000000
-0.474921	0.000000
0.297672	0.000000
0.922160	0.000000
0.640273	0.000000
0.591813	0.000000
0.213509	0.000000
0.454909	0.000000
0.958639	0.000000
-2.049468	0.000000
-0.342752	0.000000
-0.262722	0.000000
-0.208502	0.000000
0.173582	0.000000
0.787781	0.000000
-0.690738	0.000000
-0.289235	0.000000
0.436264	0.000000
-0.113244	0.000000
0.652078	0.000000
0.327924	0.000000
-0.281305	0.000000
-0.575686	0.000000
0.442936	0.000000
0.816814	0.000000
0.466831	0.000000
-0.479845	0.000000
-0.219092	0.000000
0.442445	0.000000
-0.305016	0.000000
0.337963	0.000000
-0.591221	0.000000
0.353106	0.000000
0.629647	0.000000
0.340445	0.000000
-0.185276	0.000000
-0.341068	0.000000
0.406914	0.000000
-0.823137	0.000000
-0.286979	0.000000
-0.248926	0.000000
0.787736	0.000000
-0.259805	0.000000
-0.423368	0.000000
0.208952	0.000000
-0.087960	0.000000
0.463846	0.000000
0.277679	0.000000
0.647171	0.000000
-0.380137	0.000000
0.295455	0.000000
0.115385	0.000000
-0.371819	0.000000
0.605203	0.000000
0.050352	0.000000
0.588788	0.000000
0.119934	0.000000
-0.441190	0.000000
0.252201	0.000000
0.219099	0.000000
0.490624	0.000000
-0.379651	0.000000
1.524066	0.000000
1.132081	0.000000
1.010635	0.000000
-0.822528	0.000000
1.672251	0.000000
0.347445	0.000000
1.619094	0.000000
0.719334	0.000000
-0.761612	0.000000
-0.930179	0.000000
-1.164262	0.000000
0.388288	0.000000
1.389247	0.000000
-0.985885	0.000000
0.491146	0.000000
1.473173	0.000000
1.400225	0.000000
1.866378	0.000000
1.808315	0.000000
-1.114398	0.000000
1.401259	0.000000
1.910827	0.000000
-0.535706	0.000000
1.733233	0.000000
-0.301221	0.000000
0.869190	0.000000
-0.657765	0.000000
1.711509	0.000000
-1.770901	0.000000
0.985165	0.000000
0.835853	0.000000
0.864380	0.000000
-0.408698	0.000000
0.977414	0.000000
1.002180	0.000000
0.431617	0.000000
-0.518391	0.000000
-0.379413	0.000000
0.800377	0.000000
1.501579	0.000000
-0.652724	0.000000
0.306835	0.000000
-0.700612	0.000000
1.446138	0.000000
0.388369	0.000000
-0.301335	0.000000
0.183002	0.000000
-1.870122	0.000000
-0.419601	0.000000
2.226458	0.000000
0.225698	0.000000
1.128230	0.000000
-2.011370	0.000000
1.155354	0.000000
1.261008	0.000000
-0.263765	0.000000
-0.602545	0.000000
0.456534	0.000000
-0.797827	0.000000
1.906585	0.000000
-0.819173	0.000000
-0.407902	0.000000
1.116733	0.000000
-1.766873	0.000000
-1.644085	0.000000
-1.565025	0.000000
1.153516	0.000000
1.941602	0.000000
0.605829	0.000000
-2.221335	0.000000
0.853154	0.000000
-1.724801	0.000000
-1.113959	0.000000
-0.922082	0.000000
0.939985	0.000000
-1.119060	0.000000
1.598845	0.000000
1.145710	0.000000
-0.906493	0.000000
-0.976561	0.000000
1.399865	0.000000
-1.635727	0.000000
1.001102	0.000000
1.423746	0.000000
-0.914805	0.000000
-3.389249	0.000000
1.242636	0.000000
-1.097889	0.000000
0.456739	0.000000
1.928299	0.000000
0.866577	0.000000
1.898230	0.000000
-0.394823	0.000000
-0.701383	0.000000
1.481660	0.000000
-1.404818	0.000000
1.764260	0.000000
-1.167514	0.000000
-0.421450	0.000000
0.780331	0.000000
0.880666	0.000000
1.636053	0.000000
-1.122409	0.000000
-2.421614	0.000000
0.623773	0.000000
-1.292752	0.000000
-0.138640	0.000000
1.016515	0.000000
-0.506046	0.000000
-1.307583	0.000000
-0.199472	0.000000
0.625756	0.000000
0.645062	0.000000
-0.495298	0.000000
-0.648781	0.000000
-2.874227	0.000000
-1.243610	0.000000
-1.127462	0.000000
0.314055	0.000000
-0.479994	0.000000
-0.193307	0.000000
1.126955	0.000000
0.773779	0.000000
0.338424	0.000000
0.228529	0.000000
-0.198147	0.000000
0.597610	0.000000
-0.561567	0.000000
-0.564229	0.000000
-0.145840	0.000000
-0.629063	0.000000
-0.140985	0.000000
0.516671	0.000000
0.690991	0.000000
-0.455341	0.000000
-0.410381	0.000000
0.828283	0.000000
-0.096807	0.000000
-0.355022	0.000000
-0.503469	0.000000
0.249558	0.000000
0.195002	0.000000
0.611526	0.000000
0.894081	0.000000
-0.573800	0.000000
0.456573	0.000000
-0.374973	0.000000
-0.216686	0.000000
0.189445	0.000000
0.337987	0.000000
0.890526	0.000000
0.357793	0.000000
1.496629	0.000000
1.203323	0.000000
0.702245	0.000000
-0.407860	0.000000
-0.300743	0.000000
-0.342358	0.000000
-0.538663	0.000000
0.982102	0.000000
0.240930	0.000000
0.566098	0.000000
-0.690081	0.000000
0.137657	0.000000
1.029684	0.000000
-0.476083	0.000000
1.349978	0.000000
-0.429443	0.000000
-0.530608	0.000000
0.450880	0.000000
-0.166150	0.000000
-0.359079	0.000000
0.285477	0.000000
0.948617	0.000000
0.180874	0.000000
0.361876	0.000000
-0.298869	0.000000
-0.268427	0.000000
0.835117	0.000000
0.747776	0.000000
-0.485726	0.000000
1.193708	0.000000
1.375400	0.000000
-0.904266	0.000000
0.312039	0.000000
-0.989256	0.000000
0.668295	0.000000
0.532260	0.000000
0.073427	0.000000
-0.386233	0.000000
-0.345434	0.000000
-1.396267	0.000000
-0.903990	0.000000
1.959328	0.000000
0.997183	0.000000
-0.534556	0.000000
1.113447	0.000000
-0.521916	0.000000
-0.489012	0.000000
0.183993	0.000000
1.087982	0.000000
-0.673543	0.000000
0.681501	0.000000
1.310742	0.000000
-0.922075	0.000000
-0.805295	0.000000
0.615316	0.000000
0.516952	0.000000
1.100011	0.000000
0.782208	0.000000
1.328335	0.000000
0.577262	0.000000
2.087861	0.000000
1.587650	0.000000
1.227259	0.000000
-0.323153	0.000000
0.772497	0.000000
-0.552236	0.000000
-0.829895	0.000000
1.367825	0.000000
-0.473267	0.000000
0.740646	0.000000
-0.544864	0.000000
-0.414523	0.000000
1.537730	0.000000
-0.190377	0.000000
1.625993	0.000000
-0.717873	0.000000
-0.595383	0.000000
0.605244	0.000000
-0.077108	0.000000
0.893010	0.000000
0.335849	0.000000
1.316478	0.000000
-0.866744	0.000000
-1.305272	0.000000
-0.776046	0.000000
-0.822330	0.000000
-0.337722	0.000000
-0.350934	0.000000
0.418780	0.000000
-0.196817	0.000000
-0.834870	0.000000
-0.403988	0.000000
0.455283	0.000000
-0.473384	0.000000
-0.869426	0.000000
-0.471161	0.000000
-0.187740	0.000000
-0.245971	0.000000
-0.260568	0.000000
-0.282367	0.000000
-1.960518	0.000000
0.291779	0.000000
0.165453	0.000000
0.306020	0.000000
-0.362657	0.000000
0.450674	0.000000
0.552621	0.000000
-0.459297	0.000000
-0.632495	0.000000
-0.349107	0.000000
-0.293382	0.000000
-0.509228	0.000000
-0.313667	0.000000
0.328108	0.000000
-0.540037	0.000000
0.435224	0.000000
-0.221945	0.000000
-0.479226	0.000000
0.321238	0.000000
-0.437855	0.000000
0.285519	0.000000
-0.531815	0.000000
-0.571472	0.000000
-0.467769	0.000000
-0.318243	0.000000
-0.230393	0.000000
-0.410758	0.000000
-0.503441	0.000000
-0.257378	0.000000
0.203026	0.000000
-0.279605	0.000000
0.406912	0.000000
-0.391686	0.000000
-0.357982	0.000000
-0.150227	0.000000
-0.277253	0.000000
-0.640603	0.000000
0.685314	0.000000
-0.128605	0.000000
-0.534613	0.000000
-0.407930	0.000000
-0.796151	0.000000
-0.132047	0.000000
-0.299994	0.000000
-0.274938	0.000000
-0.399664	0.000000
-0.958195	0.000000
-0.786648	0.000000
0.803000	0.000000
0.598882	0.000000
-0.386207	0.000000
-0.237190	0.000000
0.827737	0.000000
0.178029	0.000000
-0.528718	0.000000
-0.923821	0.000000
-1.419680	0.000000
0.149760	0.000000
-0.489992	0.000000
0.568695	0.000000
-0.848213	0.000000
-1.342999	0.000000
-0.567237	0.000000
0.348433	0.000000
-0.626114	0.000000
0.976106	0.000000
0.690393	0.000000
-0.383630	0.000000
-0.489449	0.000000
0.700046	0.000000
-0.517728	0.000000
-0.394970	0.000000
-0.326727	0.000000
0.627404	0.000000
-0.595554	0.000000
0.348152	0.000000
-1.139040	0.000000
-0.626285	0.000000
-0.445645	0.000000
-0.657004	0.000000
0.281837	0.000000
-0.676956	0.000000
0.328586	0.000000
0.461826	0.000000
-1.088116	0.000000
-0.322585	0.000000
-0.349219	0.000000
-0.213408	0.000000
-0.713687	0.000000
-0.682778	0.000000
-0.163514	0.000000
0.662114	0.000000
-0.465572	0.000000
-0.263673	0.000000
-0.318988	0.000000
-0.677030	0.000000
0.195582	0.000000
0.612474	0.000000
2.059484	0.000000
-0.653877	0.000000
-0.674881	0.000000
-0.515978	0.000000
-0.444274	0.000000
0.574290	0.000000
-0.186943	0.000000
0.447413	0.000000
-0.507207	0.000000
-0.440179	0.000000
-0.826460	0.000000
0.358893	0.000000
1.249672	0.000000
-0.375324	0.000000
-0.744883	0.000000
-0.294604	0.000000
1.388959	0.000000
-0.697551	0.000000
-0.361510	0.000000
-0.268846	0.000000
-0.284961	0.000000
-0.584610	0.000000
-0.561782	0.000000
0.988422	0.000000
-2.107920	0.000000
-1.393862	0.000000
0.324920	0.000000
-0.904952	0.000000
-0.956297	0.000000
-0.838346	0.000000
-0.303152	0.000000
-0.906976	0.000000
0.477055	0.000000
0.234092	0.000000
-0.737706	0.000000
-0.905682	0.000000
-0.462207	0.000000
-0.901997	0.000000
1.032598	0.000000
-0.294812	0.000000
-0.372408	0.000000
0.660050	0.000000
0.792608	0.000000
0.656760	0.000000
0.333408	0.000000
-0.360282	0.000000
-0.734114	0.000000
-0.631775	0.000000
-0.422290	0.000000
-0.438795	0.000000
-0.319071	0.000000
-0.259594	0.000000
-0.757686	0.000000
-0.941916	0.000000
0.918096	0.000000
-0.633173	0.000000
0.749170	0.000000
-0.462790	0.000000
-0.777109	0.000000
-0.986934	0.000000
0.223859	0.000000
0.706386	0.000000
-0.143566	0.000000
0.803030	0.000000
-0.350874	0.000000
0.291077	0.000000
-0.469826	0.000000
-0.552753	0.000000
0.737401	0.000000
0.583019	0.000000
0.339248	0.000000
0.578887	0.000000
0.333141	0.000000
1.217292	0.000000
0.701901	0.000000
1.317463	0.000000
0.584522	0.000000
0.702896	0.000000
1.287788	0.000000
1.030296	0.000000
0.828134	0.000000
1.603347	0.000000
0.668893	0.000000
0.568769	0.000000
-0.379564	0.000000
-1.495709	0.000000
0.638700	0.000000
0.347795	0.000000
0.463342	0.000000
1.169429	0.000000
0.446071	0.000000
0.769165	0.000000
0.785973	0.000000
0.557525	0.000000
1.410644	0.000000
0.515821	0.000000
0.707181	0.000000
0.632017	0.000000
0.392948	0.000000
0.705295	0.000000
0.539881	0.000000
0.682980	0.000000
1.055119	0.000000
0.913273	0.000000
0.513358	0.000000
1.598383	0.000000
0.717280	0.000000
1.463137	0.000000
1.407410	0.000000
0.433521	0.000000
1.293748	0.000000
0.686647	0.000000
1.480130	0.000000
0.576286	0.000000
0.685397	0.000000
1.490096	0.000000
0.567799	0.000000
0.813273	0.000000
0.951467	0.000000
0.730517	0.000000
0.714932	0.000000
0.323610	0.000000
0.676652	0.000000
0.410782	0.000000
1.287275	0.000000
0.411050	0.000000
1.336130	0.000000
1.371745	0.000000
-0.759654	0.000000
-0.516573	0.000000
-2.078048	0.000000
-0.730849	0.000000
0.866340	0.000000
1.442738	0.000000
-2.505362	0.000000
1.302222	0.000000
1.580810	0.000000
-0.565670	0.000000
-0.228491	0.000000
-0.453332	0.000000
-0.330959	0.000000
0.467524	0.000000
1.897078	0.000000
0.871600	0.000000
-1.184974	0.000000
-1.836643	0.000000
-1.901027	0.000000
-1.076356	0.000000
-2.290277	0.000000
1.132195	0.000000
-0.923992	0.000000
-1.145764	0.000000
1.141928	0.000000
0.519851	0.000000
0.578393	0.000000
-2.329477	0.000000
1.382256	0.000000
-2.325076	0.000000
2.695620	0.000000
0.802970	0.000000
1.011586	0.000000
1.875161	0.000000
0.503349	0.000000
-1.601378	0.000000
-1.031181	0.000000
1.213451	0.000000
0.850140	0.000000
0.422970	0.000000
0.868900	0.000000
1.145497	0.000000
-0.305729	0.000000
-0.600484	0.000000
0.550010	0.000000
-2.114957	0.000000
0.859478	0.000000
0.904235	0.000000
2.276713	0.000000
-0.878025	0.000000
1.297390	0.000000
-0.480527	0.000000
-0.260100	0.000000
1.856527	0.000000
0.383455	0.000000
1.011769	0.000000
-0.749272	0.000000
-0.866637	0.000000
0.561250	0.000000
0.461767	0.000000
0.690745	0.000000
0.702607	0.000000
0.526947	0.000000
0.545187	0.000000
0.316022	0.000000
0.547406	0.000000
0.531389	0.000000
-0.384230	0.000000
0.520446	0.000000
0.715182	0.000000
-0.747351	0.000000
-0.254457	0.000000
1.008706	0.000000
-0.892206	0.000000
0.851881	0.000000
-0.570733	0.000000
1.430718	0.000000
0.569779	0.000000
-0.463882	0.000000
-1.478969	0.000000
-0.718771	0.000000
-0.516859	0.000000
0.810975	0.000000
-0.521052	0.000000
0.551680	0.000000
0.712766	0.000000
-0.522516	0.000000
1.126576	0.000000
0.772390	0.000000
-0.772657	0.000000
-0.641859	0.000000
0.850912	0.000000
0.687833	0.000000
0.515806	0.000000
-0.416204	0.000000
0.652268	0.000000
0.923189	0.000000
-0.805020	0.000000
1.353113	0.000000
-0.428270	0.000000
-0.608223	0.000000
0.414440	0.000000
0.988509	0.000000
-0.359136	0.000000
-0.429144	0.000000
0.894664	0.000000
-0.320181	0.000000
0.556601	0.000000
-0.402475	0.000000
0.544897	0.000000
-0.462724	0.000000
0.976241	0.000000
2.216871	0.000000
0.998392	0.000000
1.208158	0.000000
0.461515	0.000000
0.275071	0.000000
0.428244	0.000000
0.418608	0.000000
-0.699669	0.000000
1.076327	0.000000
1.461444	0.000000
-0.363942	0.000000
-0.458806	0.000000
0.514075	0.000000
2.072020	0.000000
0.358246	0.000000
1.752494	0.000000
0.659951	0.000000
1.875850	0.000000
1.777679	0.000000
1.789022	0.000000
1.839634	0.000000
1.681098	0.000000
0.509621	0.000000
0.549323	0.000000
-0.729051	0.000000
-0.243075	0.000000
0.388546	0.000000
-0.394106	0.000000
-0.832306	0.000000
1.578482	0.000000
1.073435	0.000000
-0.724601	0.000000
1.265528	0.000000
0.384907	0.000000
1.548977	0.000000
0.314940	0.000000
1.402677	0.000000
-0.730162	0.000000
0.644766	0.000000
1.138325	0.000000
-0.303383	0.000000
1.293402	0.000000
0.226748	0.000000
0.475392	0.000000
0.569981	0.000000
1.377371	0.000000
1.280251	0.000000
2.008859	0.000000
2.107945	0.000000
0.361507	0.000000
2.117484	0.000000
0.966430	0.000000
1.577833	0.000000
-0.319590	0.000000
-0.275115	0.000000
1.688898	0.000000
0.160670	0.000000
1.786000	0.000000
1.557782	0.000000
-0.364572	0.000000
1.426110	0.000000
0.807895	0.000000
1.553346	0.000000
-0.333412	0.000000
1.503283	0.000000
0.706660	0.000000
1.947412	0.000000
1.725973	0.000000
-0.503588	0.000000
0.576857	0.000000
-0.883667	0.000000
-0.317912	0.000000
0.699129	0.000000
-0.876428	0.000000
-0.397894	0.000000
-0.665423	0.000000
0.488374	0.000000
1.128125	0.000000
0.264433	0.000000
-0.562535	0.000000
-0.122960	0.000000
-0.438793	0.000000
-1.358714	0.000000
-0.715781	0.000000
0.788672	0.000000
-0.611835	0.000000
0.862443	0.000000
-0.441928	0.000000
-0.373052	0.000000
-0.830502	0.000000
0.737435	0.000000
-0.508386	0.000000
0.313150	0.000000
0.939566	0.000000
-0.729319	0.000000
-0.162351	0.000000
0.580230	0.000000
0.812489	0.000000
-0.470516	0.000000
0.742796	0.000000
0.988374	0.000000
0.867926	0.000000
-0.170652	0.000000
0.733990	0.000000
0.786255	0.000000
-0.554780	0.000000
0.955479	0.000000
-1.125727	0.000000
-0.438439	0.000000
0.330736	0.000000
-0.440910	0.000000
0.996195	0.000000
-0.577040	0.000000
-0.506586	0.000000
-0.519022	0.000000
-0.725006	0.000000
0.407215	0.000000
0.558440	0.000000
-0.377708	0.000000
-0.748758	0.000000
-0.321203	0.000000
0.602292	0.000000
0.236619	0.000000
0.825514	0.000000
-0.387940	0.000000
-1.059241	0.000000
-0.477019	0.000000
-0.586575	0.000000
-0.923294	0.000000
-0.246100	0.000000
0.749921	0.000000
0.477033	0.000000
-0.772612	0.000000
0.213552	0.000000
0.555388	0.000000
0.107071	0.000000
-0.621561	0.000000
-0.660852	0.000000
-0.317924	0.000000
-0.659118	0.000000
-0.238257	0.000000
-0.306678	0.000000
-0.708578	0.000000
-0.769641	0.000000
-0.461502	0.000000
0.581532	0.000000
0.108710	0.000000
0.807428	0.000000
0.709469	0.000000
-0.519949	0.000000
-1.152708	0.000000
0.474286	0.000000
-0.218646	0.000000
-0.545170	0.000000
0.320829	0.000000
0.446269	0.000000
0.215892	0.000000
0.714089	0.000000
0.175094	0.000000
-0.447059	0.000000
-0.277776	0.000000
0.257156	0.000000
0.879817	0.000000
-0.386567	0.000000
-0.395218	0.000000
-0.280486	0.000000
0.258250	0.000000
-0.450134	0.000000
-0.225189	0.000000
-0.943302	0.000000
0.242713	0.000000
0.340600	0.000000
-0.247763	0.000000
0.676677	0.000000
-0.356863	0.000000
-0.377625	0.000000
0.552927	0.000000
-0.212242	0.000000
0.274804	0.000000
0.708983	0.000000
0.110657	0.000000
-1.093438	0.000000
-0.171937	0.000000
-0.430693	0.000000
-0.157199	0.000000
-0.254374	0.000000
-0.125780	0.000000
-0.503092	0.000000
2.031075	0.000000
1.874194	0.000000
-0.787982	0.000000
1.184512	0.000000
1.179541	0.000000
1.671908	0.000000
-0.374161	0.000000
1.944256	0.000000
1.151002	0.000000
2.331570	0.000000
2.919729	0.000000
2.455559	0.000000
2.326379	0.000000
2.285498	0.000000
0.903220	0.000000
1.133735	0.000000
0.778042	0.000000
-0.632255	0.000000
1.177699	0.000000
-0.435203	0.000000
-1.229504	0.000000
2.445948	0.000000
1.955346	0.000000
-2.751709	0.000000
1.549272	0.000000
1.026867	0.000000
2.163014	0.000000
-0.600435	0.000000
2.158070	0.000000
-0.819864	0.000000
1.235650	0.000000
1.967350	0.000000
0.952368	0.000000
2.038468	0.000000
0.871433	0.000000
1.411394	0.000000
1.738405	0.000000
2.156184	0.000000
2.077068	0.000000
2.511686	0.000000
2.117537	0.000000
1.234880	0.000000
2.738288	0.000000
1.122909	0.000000
2.514700	0.000000
-0.845624	0.000000
1.231754	0.000000
2.117060	0.000000
0.997740	0.000000
1.610895	0.000000
1.852398	0.000000
-0.986847	0.000000
1.308504	0.000000
1.432526	0.000000
1.933791	0.000000
1.322605	0.000000
1.515597	0.000000
-0.489860	0.000000
2.305455	0.000000
2.436695	0.000000
-0.452383	0.000000
-0.493266	0.000000
-0.768563	0.000000
-0.157896	0.000000
0.367179	0.000000
-0.538134	0.000000
-0.620539	0.000000
-0.577076	0.000000
-0.702745	0.000000
-0.390016	0.000000
-0.168889	0.000000
-0.598228	0.000000
-0.485588	0.000000
-0.668560	0.000000
-0.958577	0.000000
0.645415	0.000000
-0.215645	0.000000
-0.347802	0.000000
0.264223	0.000000
-0.433702	0.000000
-0.382621	0.000000
-0.712893	0.000000
0.319733	0.000000
-0.138351	0.000000
-0.840569	0.000000
-0.366669	0.000000
-0.272788	0.000000
-0.277028	0.000000
-0.459430	0.000000
-0.691299	0.000000
0.899623	0.000000
-0.515439	0.000000
0.375528	0.000000
-0.526024	0.000000
0.406991	0.000000
0.185631	0.000000
-0.203436	0.000000
-0.515678	0.000000
-0.231774	0.000000
-0.584645	0.000000
-0.503520	0.000000
-0.378877	0.000000
-0.445086	0.000000
-0.264193	0.000000
-0.611931	0.000000
-0.820696	0.000000
0.353663	0.000000
-0.363895	0.000000
0.539445	0.000000
-0.325351	0.000000
-0.451410	0.000000
-0.379035	0.000000
-0.180394	0.000000
-0.615858	0.000000
-0.330039	0.000000
0.770517	0.000000
-0.524172	0.000000
-0.355551	0.000000
-0.788482	0.000000
-0.782269	0.000000
0.603763	0.000000
-0.992253	0.000000
-0.280966	0.000000
-0.401206	0.000000
0.316482	0.000000
-0.883506	0.000000
0.472412	0.000000
-0.619101	0.000000
0.771519	0.000000
-0.819835	0.000000
-0.405758	0.000000
-1.209963	0.000000
-0.963417	0.000000
-1.225986	0.000000
0.502265	0.000000
1.530430	0.000000
0.926686	0.000000
0.544805	0.000000
-0.308453	0.000000
0.313976	0.000000
-0.328912	0.000000
-1.292581	0.000000
0.362250	0.000000
0.815198	0.000000
-0.682379	0.000000
-2.253757	0.000000
-1.206250	0.000000
-0.668371	0.000000
-0.442002	0.000000
0.500633	0.000000
1.544437	0.000000
-0.531304	0.000000
-1.245794	0.000000
-0.337197	0.000000
1.142316	0.000000
0.801318	0.000000
0.579958	0.000000
-0.969873	0.000000
0.663658	0.000000
-1.161875	0.000000
-0.243173	0.000000
-0.760877	0.000000
-0.789747	0.000000
-1.142721	0.000000
-1.397247	0.000000
-0.806211	0.000000
0.464399	0.000000
-1.045651	0.000000
0.970451	0.000000
-1.472084	0.000000
-0.650343	0.000000
-0.911019	0.000000
-0.182926	0.000000
1.016901	0.000000
-0.321021	0.000000
1.098913	0.000000
-0.910937	0.000000
1.125073	0.000000
-1.189226	0.000000
-1.200300	0.000000
-0.715437	0.000000
-0.448294	0.000000
-0.984978	0.000000
-0.205383	0.000000
0.654735	0.000000
-0.471607	0.000000
-0.919052	0.000000
-0.710712	0.000000
-0.536582	0.000000
-0.309634	0.000000
-0.114052	0.000000
-0.304959	0.000000
-0.354512	0.000000
0.128636	0.000000
-0.552373	0.000000
0.538490	0.000000
0.553608	0.000000
-0.610118	0.000000
0.235867	0.000000
-0.908631	0.000000
-0.507081	0.000000
-0.135988	0.000000
0.365362	0.000000
-0.653131	0.000000
-0.454343	0.000000
-0.191941	0.000000
-1.284748	0.000000
-0.731996	0.000000
-0.214186	0.000000
-0.532170	0.000000
0.666654	0.000000
-0.475922	0.000000
0.462919	0.000000
-0.536952	0.000000
0.417619	0.000000
0.541469	0.000000
0.325432	0.000000
-0.167435	0.000000
-0.379937	0.000000
-0.449564	0.000000
-0.196465	0.000000
0.706260	0.000000
-0.422413	0.000000
-0.395127	0.000000
-0.209604	0.000000
-1.058258	0.000000
0.485818	0.000000
-0.099554	0.000000
0.372128	0.000000
-0.495253	0.000000
-0.355255	0.000000
-1.029044	0.000000
-0.203084	0.000000
0.429360	0.000000
0.167869	0.000000
0.408286	0.000000
-0.230676	0.000000
-0.371459	0.000000
-0.391079	0.000000
-0.178956	0.000000
2.419350	0.000000
3.690713	0.000000
0.429624	0.000000
2.048963	0.000000
2.347563	0.000000
1.634328	0.000000
0.300343	0.000000
0.994353	0.000000
2.240307	0.000000
2.507487	0.000000
2.526363	0.000000
0.487181	0.000000
3.331080	0.000000
-1.046533	0.000000
1.380630	0.000000
0.675442	0.000000
0.413654	0.000000
0.887972	0.000000
3.429214	0.000000
-0.657214	0.000000
0.570637	0.000000
0.812928	0.000000
3.433742	0.000000
-0.494817	0.000000
3.520385	0.000000
3.134797	0.000000
0.833850	0.000000
-1.427333	0.000000
3.752251	0.000000
-0.962025	0.000000
-0.650999	0.000000
3.489418	0.000000
1.360564	0.000000
3.214991	0.000000
1.504712	0.000000
2.478447	0.000000
2.505792	0.000000
-1.522283	0.000000
2.805192	0.000000
0.794033	0.000000
2.207782	0.000000
2.548545	0.000000
2.531703	0.000000
3.241382	0.000000
1.489170	0.000000
0.726879	0.000000
2.140096	0.000000
1.030602	0.000000
0.810826	0.000000
2.988173	0.000000
1.674583	0.000000
-1.198203	0.000000
0.871774	0.000000
2.538697	0.000000
3.199540	0.000000
0.959369	0.000000
0.654726	0.000000
-0.831909	0.000000
1.231674	0.000000
-1.098683	0.000000
-0.677374	0.000000
-0.786511	0.000000
-0.110209	0.000000
0.206031	0.000000
-0.335272	0.000000
-0.403382	0.000000
0.203659	0.000000
-0.438044	0.000000
-0.899317	0.000000
-0.394851	0.000000
-0.301962	0.000000
-0.449408	0.000000
-0.451135	0.000000
-0.497036	0.000000
0.264668	0.000000
0.439534	0.000000
0.500945	0.000000
0.680053	0.000000
-0.085674	0.000000
0.229915	0.000000
-0.264173	0.000000
-0.405304	0.000000
-0.637017	0.000000
-0.401931	0.000000
-0.814712	0.000000
-0.938112	0.000000
-0.524004	0.000000
0.214469	0.000000
-1.053346	0.000000
0.467615	0.000000
0.390193	0.000000
-0.696695	0.000000
-0.770460	0.000000
-0.628278	0.000000
0.191117	0.000000
0.369046	0.000000
-0.143405	0.000000
-0.164569	0.000000
-0.727912	0.000000
0.147601	0.000000
-0.257913	0.000000
-0.682637	0.000000
-0.469922	0.000000
-0.740512	0.000000
-0.431699	0.000000
0.225286	0.000000
0.269364	0.000000
-0.223376	0.000000
-0.127235	0.000000
-0.472832	0.000000
-0.705714	0.000000
0.380887	0.000000
-0.198612	0.000000
0.493672	0.000000
-0.382034	0.000000
0.086029	0.000000
-0.519553	0.000000
0.315391	0.000000
-0.846126	0.000000
-0.482139	0.000000
0.394206	0.000000
0.594137	0.000000
0.288059	0.000000
0.615839	0.000000
1.180311	0.000000
0.460060	0.000000
-0.423290	0.000000
-0.369137	0.000000
0.591853	0.000000
0.859369	0.000000
0.566354	0.000000
-0.121148	0.000000
0.833692	0.000000
-0.700591	0.000000
-0.620159	0.000000
-0.444554	0.000000
-0.447870	0.000000
-1.178597	0.000000
0.645738	0.000000
-0.724118	0.000000
-0.426637	0.000000
-0.392631	0.000000
0.829862	0.000000
-1.022487	0.000000
0.881933	0.000000
0.797965	0.000000
-0.363718	0.000000
0.405398	0.000000
0.621178	0.000000
-2.362648	0.000000
0.439737	0.000000
0.710542	0.000000
1.483002	0.000000
0.405757	0.000000
0.130988	0.000000
1.376441	0.000000
0.721502	0.000000
-0.912997	0.000000
0.795903	0.000000
-0.361394	0.000000
0.545130	0.000000
0.993248	0.000000
0.870609	0.000000
0.714305	0.000000
-0.331216	0.000000
0.194298	0.000000
0.688173	0.000000
-0.706161	0.000000
-0.388203	0.000000
-0.470100	0.000000
-0.660905	0.000000
-0.911248	0.000000
0.331453	0.000000
-0.425746	0.000000
0.810288	0.000000
1.166789	0.000000
-0.909757	0.000000
-0.803514	0.000000
0.637512	0.000000
-1.119813	0.000000
1.710219	0.000000
-0.848324	0.000000
0.776008	0.000000
0.823468	0.000000
0.544900	0.000000
0.407209	0.000000
1.121247	0.000000
0.717180	0.000000
0.706356	0.000000
-0.988093	0.000000
-0.734934	0.000000
0.302711	0.000000
-0.410888	0.000000
0.479688	0.000000
2.123201	0.000000
-1.322756	0.000000
-1.397473	0.000000
0.757136	0.000000
-0.525376	0.000000
-0.551633	0.000000
0.408329	0.000000
-0.127975	0.000000
-0.456668	0.000000
0.762896	0.000000
-0.677804	0.000000
0.661758	0.000000
-0.279610	0.000000
-0.249905	0.000000
-0.312239	0.000000
-0.500536	0.000000
-2.855430	0.000000
0.513022	0.000000
-1.640196	0.000000
1.009887	0.000000
0.967924	0.000000
-0.526018	0.000000
0.968872	0.000000
0.176459	0.000000
-1.304289	0.000000
-0.439031	0.000000
-0.970795	0.000000
-0.811342	0.000000
-0.312568	0.000000
-0.487960	0.000000
-0.327048	0.000000
0.749176	0.000000
0.422599	0.000000
0.695378	0.000000
-0.514703	0.000000
0.419296	0.000000
0.344722	0.000000
0.882499	0.000000
-3.721975	0.000000
-0.558892	0.000000
0.168350	0.000000
-0.728098	0.000000
0.110233	0.000000
-0.882629	0.000000
0.185466	0.000000
0.172232	0.000000
-0.250896	0.000000
-0.682196	0.000000
0.915637	0.000000
-0.246892	0.000000
-0.527177	0.000000
-0.728476	0.000000
1.288360	0.000000
-0.612526	0.000000
-0.682467	0.000000
-0.670808	0.000000
-0.365188	0.000000
-0.214851	0.000000
-0.910590	0.000000
-0.496472	0.000000
0.512759	0.000000
-0.171768	0.000000
0.401492	0.000000
0.880703	0.000000
-0.620895	0.000000
0.880328	0.000000
1.164137	0.000000
-0.577818	0.000000
-0.718943	0.000000
0.975962	0.000000
-0.403740	0.000000
-0.833530	0.000000
-0.733874	0.000000
0.804309	0.000000
-0.445044	0.000000
0.952187	0.000000
-0.372429	0.000000
-1.144130	0.000000
0.428067	0.000000
-0.742787	0.000000
-0.305428	0.000000
0.383533	0.000000
-0.334005	0.000000
-0.523757	0.000000
-0.605515	0.000000
-0.580992	0.000000
-0.631159	0.000000
-0.477766	0.000000
-0.697480	0.000000
-0.568564	0.000000
-0.863704	0.000000
0.819909	0.000000
-0.217759	0.000000
-0.866351	0.000000
-0.457106	0.000000
-0.943434	0.000000
-0.724908	0.000000
0.817986	0.000000
-0.275282	0.000000
-0.314870	0.000000
-0.473766	0.000000
-0.355717	0.000000
-0.923775	0.000000
0.507398	0.000000
-0.688341	0.000000
-0.647143	0.000000
-0.580211	0.000000
-0.486014	0.000000
1.900031	0.000000
0.749148	0.000000
0.577184	0.000000
0.818603	0.000000
1.641115	0.000000
0.592758	0.000000
0.863058	0.000000
-0.319275	0.000000
-0.364113	0.000000
-0.886013	0.000000
0.287805	0.000000
-0.447244	0.000000
0.717700	0.000000
0.863124	0.000000
-1.356547	0.000000
1.160172	0.000000
-0.251979	0.000000
1.619285	0.000000
0.928905	0.000000
-0.818567	0.000000
-0.376821	0.000000
0.656440	0.000000
0.560981	0.000000
0.647344	0.000000
0.762965	0.000000
0.985312	0.000000
0.392470	0.000000
0.966745	0.000000
1.157436	0.000000
0.949200	0.000000
-2.923596	0.000000
0.727053	0.000000
1.506107	0.000000
0.650324	0.000000
0.440283	0.000000
-0.536071	0.000000
-0.569308	0.000000
-0.617867	0.000000
-0.265797	0.000000
0.612402	0.000000
0.358055	0.000000
0.413372	0.000000
-0.557276	0.000000
1.499075	0.000000
-0.414747	0.000000
0.425742	0.000000
0.795258	0.000000
0.909337	0.000000
-0.898907	0.000000
1.575115	0.000000
-0.134497	0.000000
1.037489	0.000000
-0.432384	0.000000
0.181842	0.000000
-0.582845	0.000000
0.615805	0.000000
-0.722639	0.000000
-0.684531	0.000000
-0.472982	0.000000
-0.781826	0.000000
0.627271	0.000000
-0.279194	0.000000
-0.386145	0.000000
-0.389553	0.000000
0.810984	0.000000
0.177848	0.000000
-0.552497	0.000000
-0.529235	0.000000
-0.169226	0.000000
-0.066497	0.000000
-0.435474	0.000000
-0.323355	0.000000
-0.884880	0.000000
-0.285955	0.000000
-0.320874	0.000000
0.688679	0.000000
-0.496633	0.000000
0.772087	0.000000
0.637420	0.000000
0.374632	0.000000
-0.850444	0.000000
0.317307	0.000000
-0.411257	0.000000
-1.262454	0.000000
-0.323336	0.000000
0.415173	0.000000
-0.838900	0.000000
0.666928	0.000000
-0.442144	0.000000
-0.834003	0.000000
0.437620	0.000000
-1.178375	0.000000
-0.414566	0.000000
0.430225	0.000000
-0.295416	0.000000
0.152452	0.000000
-0.418864	0.000000
0.151883	0.000000
-0.480684	0.000000
-0.455211	0.000000
-0.167585	0.000000
-0.428740	0.000000
-0.321613	0.000000
0.560036	0.000000
-0.109040	0.000000
-0.343623	0.000000
-0.618838	0.000000
-0.897320	0.000000
-0.365439	0.000000
0.896768	0.000000
-0.242968	0.000000
-1.042444	0.000000
-0.283605	0.000000
0.149079	0.000000
-0.448988	0.000000
-0.364068	0.000000
-0.383246	0.000000
-0.470156	0.000000
-0.683705	0.000000
-0.952064	0.000000
-2.130775	0.000000
-1.207179	0.000000
1.277729	0.000000
-1.061498	0.000000
-1.938304	0.000000
-0.923683	0.000000
-1.874063	0.000000
0.442487	0.000000
0.274649	0.000000
-0.362427	0.000000
-0.488126	0.000000
-0.561821	0.000000
-0.595408	0.000000
-0.455244	0.000000
0.757273	0.000000
-1.896027	0.000000
-1.120355	0.000000
-2.028858	0.000000
-2.147421	0.000000
-0.603345	0.000000
-0.711035	0.000000
-0.901375	0.000000
-0.828918	0.000000
-0.736267	0.000000
-0.845383	0.000000
-0.469018	0.000000
-1.030310	0.000000
-1.381123	0.000000
-0.764342	0.000000
-0.673819	0.000000
-1.485464	0.000000
-1.048536	0.000000
-1.861013	0.000000
-1.279980	0.000000
-1.060415	0.000000
-0.503266	0.000000
-0.423364	0.000000
-0.317933	0.000000
-0.912275	0.000000
-1.438126	0.000000
-0.843797	0.000000
-1.225290	0.000000
-0.634759	0.000000
-1.833603	0.000000
-1.337911	0.000000
-1.189131	0.000000
-1.020259	0.000000
-1.027690	0.000000
-0.788377	0.000000
-1.198850	0.000000
-3.309711	0.000000
-1.027779	0.000000
-0.544735	0.000000
-0.770431	0.000000
-1.069252	0.000000
0.515367	0.000000
-0.666803	0.000000
-0.498776	0.000000
0.420016	0.000000
0.533861	0.000000
-0.626297	0.000000
-1.207062	0.000000
-1.367814	0.000000
0.101996	0.000000
-0.908768	0.000000
-0.934714	0.000000
0.846910	0.000000
0.432182	0.000000
-0.118106	0.000000
-0.413248	0.000000
-0.238194	0.000000
0.233696	0.000000
0.563708	0.000000
-0.998049	0.000000
1.071640	0.000000
-1.039644	0.000000
-0.625967	0.000000
0.450625	0.000000
0.858696	0.000000
0.407785	0.000000
-0.558551	0.000000
0.661399	0.000000
-0.648557	0.000000
-0.676427	0.000000
-0.756034	0.000000
-0.623854	0.000000
-0.469196	0.000000
0.451423	0.000000
-1.069980	0.000000
-0.473739	0.000000
-0.687818	0.000000
0.825649	0.000000
-0.573900	0.000000
-1.510498	0.000000
-1.058033	0.000000
-0.300011	0.000000
0.539782	0.000000
0.701693	0.000000
-0.220940	0.000000
-1.158526	0.000000
-0.391051	0.000000
-0.376215	0.000000
0.231783	0.000000
-0.855588	0.000000
-0.953962	0.000000
0.463995	0.000000
0.181044	0.000000
0.396409	0.000000
0.183244	0.000000
0.321556	0.000000
0.285587	0.000000
-1.008848	0.000000
-2.137043	0.000000
-0.952987	0.000000
-1.405715	0.000000
-0.657615	0.000000
0.264957	0.000000
0.364128	0.000000
-1.830179	0.000000
-0.557074	0.000000
0.650139	0.000000
-1.078727	0.000000
-0.716267	0.000000
-0.622338	0.000000
0.407797	0.000000
-0.968287	0.000000
-1.110122	0.000000
-0.625441	0.000000
-0.627031	0.000000
-0.421984	0.000000
-0.312600	0.000000
-0.741474	0.000000
-0.744019	0.000000
0.709850	0.000000
-0.446866	0.000000
0.647428	0.000000
-0.603916	0.000000
-0.454918	0.000000
0.920864	0.000000
-0.844421	0.000000
-1.222925	0.000000
0.688339	0.000000
-0.786436	0.000000
0.820809	0.000000
-0.357399	0.000000
-0.822896	0.000000
-0.694482	0.000000
-0.610228	0.000000
-0.517689	0.000000
-0.838062	0.000000
0.968184	0.000000
-0.618051	0.000000
1.131320	0.000000
-0.750585	0.000000
-2.091006	0.000000
-0.991040	0.000000
-0.876495	0.000000
0.254542	0.000000
-0.925290	0.000000
-1.101241	0.000000
-0.178743	0.000000
-0.534052	0.000000
-0.764363	0.000000
0.508017	0.000000
0.805980	0.000000
-0.864078	0.000000
0.475744	0.000000
0.567351	0.000000
-0.996414	0.000000
-0.767655	0.000000
0.135342	0.000000
-0.836933	0.000000
-0.794536	0.000000
-1.488320	0.000000
-0.657745	0.000000
0.475563	0.000000
-0.465541	0.000000
-0.596441	0.000000
0.733668	0.000000
0.505465	0.000000
-1.168215	0.000000
0.168496	0.000000
-1.075656	0.000000
-0.688344	0.000000
-1.624445	0.000000
-0.553092	0.000000
0.787588	0.000000
0.405628	0.000000
0.449919	0.000000
-0.221791	0.000000
0.348593	0.000000
0.207981	0.000000
-0.811099	0.000000
-0.530116	0.000000
-0.714641	0.000000
-1.021347	0.000000
-0.466299	0.000000
-1.003388	0.000000
-0.542415	0.000000
0.529596	0.000000
0.666542	0.000000
-0.672035	0.000000
0.864436	0.000000
0.491016	0.000000
-0.738235	0.000000
-0.952821	0.000000
0.825668	0.000000
0.762865	0.000000
0.507528	0.000000
0.802278	0.000000
0.551041	0.000000
0.668674	0.000000
-0.818934	0.000000
-0.747825	0.000000
-0.587644	0.000000
-0.668519	0.000000
0.827630	0.000000
-0.486183	0.000000
0.526007	0.000000
0.616818	0.000000
0.231697	0.000000
-0.357177	0.000000
-0.344868	0.000000
-1.388136	0.000000
0.145442	0.000000
-0.568137	0.000000
-0.639109	0.000000
-0.613519	0.000000
0.068544	0.000000
-1.410083	0.000000
-0.590392	0.000000
0.520553	0.000000
0.550098	0.000000
-0.717742	0.000000
0.241262	0.000000
-1.342404	0.000000
-0.523837	0.000000
0.241133	0.000000
-0.816074	0.000000
-0.417544	0.000000
1.183701	0.000000
0.266439	0.000000
0.315315	0.000000
-0.237129	0.000000
1.676990	0.000000
-0.198223	0.000000
0.493375	0.000000
0.468329	0.000000
-0.464244	0.000000
0.228827	0.000000
-0.509306	0.000000
-0.510717	0.000000
-0.338424	0.000000
-0.174082	0.000000
-0.261444	0.000000
0.787043	0.000000
-0.161087	0.000000
0.948972	0.000000
1.071675	0.000000
0.393862	0.000000
-0.613179	0.000000
0.543352	0.000000
-0.594886	0.000000
-0.213380	0.000000
0.278356	0.000000
0.907853	0.000000
-0.425165	0.000000
0.470511	0.000000
-0.643089	0.000000
-0.379611	0.000000
-0.321856	0.000000
-0.345040	0.000000
0.394125	0.000000
0.772313	0.000000
0.453457	0.000000
0.141680	0.000000
-1.660340	0.000000
-0.215661	0.000000
-0.740346	0.000000
0.457673	0.000000
-0.340732	0.000000
-0.403915	0.000000
-0.238796	0.000000
1.249470	0.000000
-0.207308	0.000000
-0.154410	0.000000
-0.569259	0.000000
-0.356713	0.000000
-0.351144	0.000000
0.730607	0.000000
-0.155470	0.000000
-0.354673	0.000000
-0.171045	0.000000
-0.519144	0.000000
-0.342969	0.000000
0.811600	0.000000
-0.372692	0.000000
-0.502294	0.000000
-1.007841	0.000000
0.442626	0.000000
1.299080	0.000000
-0.268458	0.000000
0.385275	0.000000
-0.328715	0.000000
0.610994	0.000000
-0.272695	0.000000
-0.245603	0.000000
0.656297	0.000000
0.318177	0.000000
-0.669633	0.000000
-0.582446	0.000000
0.320810	0.000000
-0.638966	0.000000
0.278020	0.000000
0.453550	0.000000
0.740750	0.000000
-0.380890	0.000000
1.167408	0.000000
0.972050	0.000000
0.171058	0.000000
0.335411	0.000000
0.744221	0.000000
-0.530223	0.000000
0.548709	0.000000
0.140431	0.000000
0.550430	0.000000
-0.564240	0.000000
0.525454	0.000000
0.365858	0.000000
0.496945	0.000000
-0.711841	0.000000
-0.309731	0.000000
-0.325597	0.000000
-0.225047	0.000000
0.438403	0.000000
-0.362406	0.000000
-0.524265	0.000000
-1.003698	0.000000
0.253981	0.000000
0.643382	0.000000
-0.689270	0.000000
-0.557871	0.000000
0.268382	0.000000
1.132628	0.000000
-0.105693	0.000000
-0.355879	0.000000
-0.649820	0.000000
-0.670213	0.000000
0.362443	0.000000
0.902868	0.000000
-0.148230	0.000000
0.465672	0.000000
-0.604037	0.000000
0.297484	0.000000
0.326922	0.000000
-0.689156	0.000000
-0.380207	0.000000
-0.212087	0.000000
2.047302	0.000000
1.872061	0.000000
0.673379	0.000000
1.461016	0.000000
2.088528	0.000000
-0.302530	0.000000
0.340805	0.000000
1.257208	0.000000
1.616856	0.000000
1.196413	0.000000
0.850666	0.000000
1.396765	0.000000
1.464868	0.000000
0.894699	0.000000
1.486404	0.000000
1.918471	0.000000
0.855190	0.000000
0.908497	0.000000
1.845805	0.000000
1.145408	0.000000
0.688591	0.000000
0.938120	0.000000
2.684401	0.000000
0.657024	0.000000
1.914042	0.000000
2.264050	0.000000
1.374300	0.000000
-0.156394	0.000000
1.237866	0.000000
1.240436	0.000000
1.388784	0.000000
2.560519	0.000000
1.507718	0.000000
1.854439	0.000000
1.227308	0.000000
1.970736	0.000000
2.146856	0.000000
-0.599711	0.000000
1.705022	0.000000
0.803980	0.000000
0.892201	0.000000
2.901585	0.000000
1.071249	0.000000
1.482094	0.000000
0.985574	0.000000
0.544697	0.000000
1.857372	0.000000
0.740504	0.000000
0.915849	0.000000
2.035676	0.000000
1.623167	0.000000
-0.779278	0.000000
-0.446281	0.000000
2.435928	0.000000
0.748708	0.000000
1.464243	0.000000
1.195240	0.000000
-1.942840	0.000000
1.559421	0.000000
0.830983	0.000000
0.393701	0.000000
-0.386591	0.000000
0.681968	0.000000
-0.133971	0.000000
-0.631596	0.000000
-0.209348	0.000000
0.750997	0.000000
-0.520873	0.000000
-0.304934	0.000000
0.816398	0.000000
-0.435601	0.000000
-0.692257	0.000000
-0.105908	0.000000
-0.434433	0.000000
-0.433377	0.000000
1.062303	0.000000
0.640365	0.000000
0.682751	0.000000
0.626735	0.000000
0.259621	0.000000
0.586839	0.000000
-0.707209	0.000000
0.333668	0.000000
0.441076	0.000000
0.218868	0.000000
0.544940	0.000000
-0.296834	0.000000
-0.421857	0.000000
0.206431	0.000000
0.806348	0.000000
0.738489	0.000000
0.349643	0.000000
0.669393	0.000000
-0.259349	0.000000
1.559584	0.000000
-0.647930	0.000000
0.395222	0.000000
-0.665226	0.000000
-0.521704	0.000000
-0.456718	0.000000
-0.544717	0.000000
-1.499711	0.000000
-0.054314	0.000000
-0.435678	0.000000
-0.535807	0.000000
0.628823	0.000000
0.479834	0.000000
-0.254318	0.000000
1.059957	0.000000
-0.345557	0.000000
-0.245593	0.000000
-0.801077	0.000000
0.144211	0.000000
-0.492761	0.000000
-0.373113	0.000000
-0.438491	0.000000
-0.059018	0.000000
-0.410698	0.000000
-0.506727	0.000000
-0.502535	0.000000
0.326315	0.000000
-0.820408	0.000000
-1.012703	0.000000
-0.781259	0.000000
-0.398429	0.000000
-1.188319	0.000000
-1.186358	0.000000
0.698660	0.000000
0.787470	0.000000
-0.849519	0.000000
-0.275851	0.000000
-0.359909	0.000000
-0.365742	0.000000
-0.866651	0.000000
0.512333	0.000000
-0.378826	0.000000
1.080014	0.000000
-1.687819	0.000000
-0.587331	0.000000
-0.359485	0.000000
-0.921831	0.000000
-0.744317	0.000000
-0.318364	0.000000
-1.338641	0.000000
-1.214152	0.000000
-1.624672	0.000000
-0.666929	0.000000
-0.745831	0.000000
-0.699016	0.000000
-1.557239	0.000000
0.983503	0.000000
-0.470423	0.000000
0.448208	0.000000
-0.935373	0.000000
-0.851665	0.000000
0.251482	0.000000
0.157918	0.000000
-0.972192	0.000000
-0.641549	0.000000
-0.791511	0.000000
0.885711	0.000000
-0.494537	0.000000
-0.893713	0.000000
-1.204603	0.000000
0.427549	0.000000
-0.916820	0.000000
0.633372	0.000000
-0.712208	0.000000
-1.078997	0.000000
-1.130776	0.000000
0.499467	0.000000
-1.120363	0.000000
-0.565951	0.000000
0.922625	0.000000
0.604950	0.000000
0.476091	0.000000
0.896101	0.000000
-1.661099	0.000000
-0.544891	0.000000
-0.412932	0.000000
-0.368948	0.000000
-0.331300	0.000000
-0.286732	0.000000
0.250967	0.000000
0.684747	0.000000
-0.520273	0.000000
0.259554	0.000000
-0.449091	0.000000
0.690022	0.000000
-0.415724	0.000000
-0.425644	0.000000
0.191939	0.000000
-0.460500	0.000000
-0.699808	0.000000
-0.727565	0.000000
1.030162	0.000000
-0.742759	0.000000
0.570202	0.000000
0.262859	0.000000
0.374022	0.000000
0.434768	0.000000
-0.478064	0.000000
-0.420391	0.000000
0.376202	0.000000
-0.548446	0.000000
0.280013	0.000000
-0.407953	0.000000
0.583039	0.000000
0.259334	0.000000
-0.624918	0.000000
1.120363	0.000000
-0.263908	0.000000
0.492890	0.000000
-0.522503	0.000000
0.781964	0.000000
0.341122	0.000000
-0.267121	0.000000
-0.403834	0.000000
0.437396	0.000000
-0.196973	0.000000
-0.645363	0.000000
0.460265	0.000000
-0.509003	0.000000
-1.502167	0.000000
-0.741442	0.000000
-0.263238	0.000000
-0.134283	0.000000
-0.682708	0.000000
0.863377	0.000000
-0.496774	0.000000
-1.068502	0.000000
0.368404	0.000000
-0.110775	0.000000
-0.332746	0.000000
-0.366752	0.000000
0.856111	0.000000
-0.819616	0.000000
0.354279	0.000000
-0.532645	0.000000
-0.815421	0.000000
-0.765135	0.000000
-0.340009	0.000000
-0.614305	0.000000
0.321616	0.000000
0.621824	0.000000
-0.856872	0.000000
-0.894663	0.000000
-0.701394	0.000000
-0.356042	0.000000
0.764019	0.000000
-0.265837	0.000000
-0.785507	0.000000
-0.558696	0.000000
-0.466668	0.000000
-0.634635	0.000000
0.398907	0.000000
-0.822592	0.000000
-0.468094	0.000000
0.753902	0.000000
-0.722664	0.000000
-1.232824	0.000000
-0.473821	0.000000
0.616559	0.000000
-0.527901	0.000000
-0.883845	0.000000
0.718748	0.000000
-0.675033	0.000000
-0.199228	0.000000
-0.810893	0.000000
1.073833	0.000000
-0.526607	0.000000
0.407858	0.000000
0.497832	0.000000
-0.723973	0.000000
0.192229	0.000000
0.794597	0.000000
1.086002	0.000000
-0.728726	0.000000
-0.716525	0.000000
-0.724845	0.000000
-0.369802	0.000000
-0.684102	0.000000
-0.489113	0.000000
-0.199189	0.000000
-1.036939	0.000000
-0.509866	0.000000
0.747131	0.000000
-0.889138	0.000000
-0.432144	0.000000
-0.553601	0.000000
-0.847346	0.000000
-0.368487	0.000000
-0.213265	0.000000
-0.489482	0.000000
-0.206285	0.000000
0.649212	0.000000
-1.002466	0.000000
-0.623249	0.000000
-0.866338	0.000000
-0.508842	0.000000
1.459031	0.000000
0.660414	0.000000
-1.500818	0.000000
-0.310163	0.000000
-0.677433	0.000000
2.601616	0.000000
-1.259983	0.000000
2.791142	0.000000
-1.323867	0.000000
1.098477	0.000000
3.354862	0.000000
2.930925	0.000000
1.952162	0.000000
3.124854	0.000000
-0.701015	0.000000
-0.877898	0.000000
-1.163882	0.000000
-1.774914	0.000000
-0.439478	0.000000
-0.930304	0.000000
-1.629314	0.000000
2.696977	0.000000
0.582818	0.000000
0.967824	0.000000
1.133885	0.000000
-0.858780	0.000000
3.030976	0.000000
-0.736032	0.000000
1.238282	0.000000
-1.778524	0.000000
0.780505	0.000000
0.640993	0.000000
-1.165958	0.000000
0.554818	0.000000
-1.334315	0.000000
-0.356529	0.000000
-0.875089	0.000000
3.209704	0.000000
0.864943	0.000000
2.798383	0.000000
3.617985	0.000000
-0.736748	0.000000
2.758701	0.000000
0.389979	0.000000
3.059701	0.000000
-2.007969	0.000000
-0.618678	0.000000
3.448705	0.000000
-1.358150	0.000000
1.557992	0.000000
3.477509	0.000000
-1.080900	0.000000
2.035011	0.000000
0.878342	0.000000
2.330142	0.000000
-0.444389	0.000000
3.991790	0.000000
-1.075546	0.000000
2.629268	0.000000
3.063343	0.000000
-0.424551	0.000000
1.411644	0.000000
-0.801013	0.000000
-0.537354	0.000000
1.993744	0.000000
0.868091	0.000000
-1.460358	0.000000
-0.908664	0.000000
-1.123248	0.000000
0.825433	0.000000
0.229611	0.000000
-0.876053	0.000000
0.604009	0.000000
-0.868459	0.000000
-1.304507	0.000000
-0.359560	0.000000
1.119305	0.000000
0.472922	0.000000
-0.235396	0.000000
-0.839175	0.000000
-1.224319	0.000000
-1.132264	0.000000
0.969925	0.000000
-0.495074	0.000000
1.247563	0.000000
0.632300	0.000000
1.168925	0.000000
0.558035	0.000000
1.278528	0.000000
-1.486351	0.000000
1.736319	0.000000
1.347964	0.000000
-1.013117	0.000000
1.295519	0.000000
-0.525934	0.000000
-0.587425	0.000000
-0.812962	0.000000
-0.893314	0.000000
-0.557623	0.000000
-0.919411	0.000000
0.656693	0.000000
0.651742	0.000000
-0.320415	0.000000
0.953209	0.000000
0.791777	0.000000
-1.044524	0.000000
-1.851822	0.000000
-0.765180	0.000000
0.961233	0.000000
1.531316	0.000000
0.736410	0.000000
-1.726971	0.000000
-0.252123	0.000000
1.168158	0.000000
0.410299	0.000000
0.501968	0.000000
-1.124996	0.000000
0.708608	0.000000
0.689820	0.000000
-0.915184	0.000000
-0.329000	0.000000
0.122396	0.000000
-1.167558	0.000000
-0.185852	0.000000
-0.422849	0.000000
-0.662489	0.000000
-1.111581	0.000000
-0.362014	0.000000
-0.784590	0.000000
0.610895	0.000000
0.362439	0.000000
0.211682	0.000000
-0.376078	0.000000
0.226654	0.000000
-0.833946	0.000000
0.138746	0.000000
0.796758	0.000000
-0.335802	0.000000
0.244690	0.000000
-0.566985	0.000000
-0.516562	0.000000
0.430288	0.000000
-0.125664	0.000000
-0.768017	0.000000
-0.481272	0.000000
-0.578820	0.000000
0.671020	0.000000
-0.624174	0.000000
-0.423401	0.000000
-0.367749	0.000000
0.553272	0.000000
-0.195727	0.000000
-0.589922	0.000000
-0.441457	0.000000
-0.145007	0.000000
0.176270	0.000000
-0.288099	0.000000
-0.191527	0.000000
0.504598	0.000000
0.378673	0.000000
0.612339	0.000000
-0.278549	0.000000
-0.297342	0.000000
-0.350118	0.000000
0.380334	0.000000
-0.655028	0.000000
-0.322972	0.000000
-0.623016	0.000000
-0.520863	0.000000
-0.472418	0.000000
0.252074	0.000000
-0.809780	0.000000
-0.278921	0.000000
-0.369760	0.000000
0.351847	0.000000
-0.330638	0.000000
0.392008	0.000000
0.706004	0.000000
0.230621	0.000000
0.266316	0.000000
-0.657878	0.000000
0.405704	0.000000
0.425238	0.000000
0.396144	0.000000
-0.575988	0.000000
-0.787419	0.000000
0.787128	0.000000
-0.342998	0.000000
-0.831627	0.000000
-1.545574	0.000000
-0.563750	0.000000
0.340729	0.000000
-0.602756	0.000000
-0.595502	0.000000
-0.820363	0.000000
-0.492567	0.000000
-0.539953	0.000000
-0.673521	0.000000
-1.109293	0.000000
0.679505	0.000000
0.455640	0.000000
-0.821693	0.000000
-0.789231	0.000000
-0.624387	0.000000
-0.579202	0.000000
-0.534436	0.000000
-0.727337	0.000000
0.539923	0.000000
-0.701841	0.000000
0.547495	0.000000
0.471427	0.000000
-0.877588	0.000000
-0.755386	0.000000
-0.397894	0.000000
-0.636763	0.000000
0.334032	0.000000
-0.314900	0.000000
-0.209274	0.000000
-0.989919	0.000000
-0.698804	0.000000
-0.376462	0.000000
0.422428	0.000000
-0.549560	0.000000
-0.757338	0.000000
0.251066	0.000000
0.570680	0.000000
-0.708722	0.000000
-0.548466	0.000000
-1.278924	0.000000
0.601509	0.000000
-0.464735	0.000000
0.446627	0.000000
-0.486216	0.000000
-0.328260	0.000000
-0.120223	0.000000
-1.075501	0.000000
0.431340	0.000000
-0.613229	0.000000
-0.405849	0.000000
-0.250003	0.000000
-0.611165	0.000000
-0.551539	0.000000
-0.847578	0.000000
0.301764	0.000000
0.425566	0.000000
0.195567	0.000000
-0.885193	0.000000
-0.480314	0.000000
0.513008	0.000000
-0.533693	0.000000
-0.258586	0.000000
-0.313402	0.000000
-0.285286	0.000000
-0.762308	0.000000
0.576029	0.000000
0.444559	0.000000
-0.613265	0.000000
-0.833454	0.000000
0.209018	0.000000
-0.481464	0.000000
-0.897289	0.000000
-0.841073	0.000000
-0.311245	0.000000
0.846031	0.000000
-0.165239	0.000000
0.515115	0.000000
-0.624583	0.000000
0.487303	0.000000
-0.311122	0.000000
-0.762427	0.000000
0.582827	0.000000
-0.373139	0.000000
0.543513	0.000000
-0.339574	0.000000
0.238030	0.000000
0.390632	0.000000
-0.251303	0.000000
-0.585764	0.000000
-0.252022	0.000000
-0.481547	0.000000
-0.319057	0.000000
0.414266	0.000000
-0.316145	0.000000
-0.675992	0.000000
-0.414600	0.000000
-0.739563	0.000000
0.324900	0.000000
-0.749598	0.000000
0.479308	0.000000
-1.867276	0.000000
-0.726823	0.000000
0.531248	0.000000
-0.284257	0.000000
-0.519735	0.000000
-0.184254	0.000000
0.945795	0.000000
-0.498627	0.000000
0.599540	0.000000
-0.387910	0.000000
-0.557566	0.000000
-0.405172	0.000000
0.725459	0.000000
-0.522320	0.000000
0.875589	0.000000
1.394063	0.000000
-0.515340	0.000000
0.374637	0.000000
0.362908	0.000000
0.795271	0.000000
0.570150	0.000000
-0.134729	0.000000
0.154913	0.000000
0.426619	0.000000
0.165584	0.000000
-0.762272	0.000000
0.583813	0.000000
-0.556462	0.000000
0.538675	0.000000
1.448277	0.000000
-0.605847	0.000000
0.501592	0.000000
0.329092	0.000000
1.242744	0.000000
0.718899	0.000000
0.680612	0.000000
1.355870	0.000000
-0.501622	0.000000
-0.512792	0.000000
0.735615	0.000000
0.641173	0.000000
-0.255123	0.000000
0.724672	0.000000
0.968008	0.000000
0.708086	0.000000
1.398306	0.000000
1.455450	0.000000
1.253086	0.000000
0.306431	0.000000
1.021949	0.000000
-0.482112	0.000000
-0.404453	0.000000
1.139657	0.000000
0.260112	0.000000
1.255383	0.000000
0.322253	0.000000
-0.238560	0.000000
1.377527	0.000000
-0.346201	0.000000
0.732554	0.000000
-0.635695	0.000000
-0.648004	0.000000
1.102540	0.000000
-0.098635	0.000000
-0.370193	0.000000
0.512305	0.000000
0.884465	0.000000
-0.410616	0.000000
-0.619709	0.000000
-0.290129	0.000000
0.476419	0.000000
1.564300	0.000000
2.263820	0.000000
-0.543170	0.000000
1.090793	0.000000
1.943170	0.000000
2.205759	0.000000
-1.110232	0.000000
1.741771	0.000000
2.254330	0.000000
1.412051	0.000000
2.768008	0.000000
1.822221	0.000000
2.045295	0.000000
1.731328	0.000000
-0.867187	0.000000
0.678865	0.000000
-0.540218	0.000000
-0.892946	0.000000
1.294572	0.000000
-1.102116	0.000000
-0.692297	0.000000
1.992200	0.000000
1.839056	0.000000
0.471913	0.000000
1.988153	0.000000
1.822196	0.000000
2.108285	0.000000
0.423043	0.000000
2.090205	0.000000
-0.903794	0.000000
0.868926	0.000000
2.145788	0.000000
1.507444	0.000000
2.432941	0.000000
1.781735	0.000000
1.045492	0.000000
1.676496	0.000000
1.717454	0.000000
1.715350	0.000000
2.270251	0.000000
1.913592	0.000000
2.041675	0.000000
2.721939	0.000000
2.155009	0.000000
2.332389	0.000000
-0.817643	0.000000
1.630507	0.000000
1.959563	0.000000
1.606275	0.000000
1.718297	0.000000
1.762704	0.000000
-1.818713	0.000000
1.358073	0.000000
1.570299	0.000000
1.427850	0.000000
1.758112	0.000000
1.113850	0.000000
0.468998	0.000000
2.443473	0.000000
1.458403	0.000000
-1.656019	0.000000
-0.503488	0.000000
2.068887	0.000000
2.573450	0.000000
2.671680	0.000000
0.956294	0.000000
0.890384	0.000000
1.373071	0.000000
1.114365	0.000000
-0.449039	0.000000
0.183910	0.000000
0.297366	0.000000
-0.253534	0.000000
0.964870	0.000000
1.601760	0.000000
0.765184	0.000000
3.087366	0.000000
1.841673	0.000000
0.879921	0.000000
1.651750	0.000000
1.650959	0.000000
1.315396	0.000000
1.121005	0.000000
1.552933	0.000000
0.698882	0.000000
1.808157	0.000000
1.308221	0.000000
1.164512	0.000000
0.612781	0.000000
-1.115730	0.000000
0.833596	0.000000
0.939997	0.000000
1.839025	0.000000
0.806323	0.000000
1.065445	0.000000
1.703363	0.000000
1.646125	0.000000
1.034157	0.000000
-0.922565	0.000000
0.621863	0.000000
0.294205	0.000000
2.901764	0.000000
0.676545	0.000000
-0.438765	0.000000
0.701972	0.000000
1.743470	0.000000
1.470963	0.000000
0.650631	0.000000
1.438842	0.000000
-0.795025	0.000000
1.471516	0.000000
1.311730	0.000000
-0.455499	0.000000
2.106483	0.000000
0.522623	0.000000
1.981011	0.000000
1.173034	0.000000
-1.001318	0.000000
0.738682	0.000000
1.067513	0.000000
0.313596	0.000000
-0.689964	0.000000
1.037670	0.000000
-0.273086	0.000000
-0.426073	0.000000
-0.303169	0.000000
1.274246	0.000000
-0.560680	0.000000
-0.821270	0.000000
-0.567009	0.000000
-0.622105	0.000000
-0.322419	0.000000
-0.298742	0.000000
-0.616152	0.000000
-0.892173	0.000000
0.420750	0.000000
0.727145	0.000000
0.786174	0.000000
-0.127702	0.000000
1.091774	0.000000
1.093117	0.000000
-0.938302	0.000000
-0.451488	0.000000
-0.313542	0.000000
-0.622184	0.000000
-0.895787	0.000000
-0.465365	0.000000
0.987025	0.000000
-0.376097	0.000000
0.582215	0.000000
-0.458146	0.000000
-1.022969	0.000000
0.380083	0.000000
-0.774862	0.000000
0.488819	0.000000
-0.425266	0.000000
-0.501774	0.000000
-0.701287	0.000000
-0.634772	0.000000
-0.264860	0.000000
-0.609233	0.000000
-0.655537	0.000000
-0.432011	0.000000
-0.308126	0.000000
-0.654541	0.000000
1.088449	0.000000
-0.480627	0.000000
-0.294241	0.000000
0.279582	0.000000
-0.584844	0.000000
-0.653364	0.000000
-0.546796	0.000000
0.461222	0.000000
-2.158054	0.000000
-0.594640	0.000000
-0.664375	0.000000
-0.185139	0.000000
-0.459399	0.000000
-0.521127	0.000000
-0.662948	0.000000
1.777906	0.000000
-0.545568	0.000000
-2.587803	0.000000
3.687515	0.000000
2.551246	0.000000
-1.196450	0.000000
-1.992895	0.000000
1.234068	0.000000
-0.522127	0.000000
2.273614	0.000000
-0.103301	0.000000
-1.690009	0.000000
2.301160	0.000000
-0.684264	0.000000
1.959711	0.000000
4.425681	0.000000
-2.420558	0.000000
-2.767113	0.000000
3.334989	0.000000
-3.227445	0.000000
-3.195062	0.000000
0.440222	0.000000
2.650774	0.000000
-3.472039	0.000000
0.848896	0.000000
1.450686	0.000000
1.028386	0.000000
-1.141141	0.000000
1.364323	0.000000
-1.645465	0.000000
2.862413	0.000000
1.232440	0.000000
2.980381	0.000000
0.370591	0.000000
4.144689	0.000000
3.076440	0.000000
3.555554	0.000000
0.787434	0.000000
2.212079	0.000000
1.453320	0.000000
0.618554	0.000000
-0.568673	0.000000
0.985457	0.000000
1.733152	0.000000
1.422326	0.000000
-2.526137	0.000000
4.528635	0.000000
1.710071	0.000000
4.922824	0.000000
1.137673	0.000000
1.247808	0.000000
-2.481989	0.000000
0.124428	0.000000
1.655116	0.000000
-1.887539	0.000000
3.662416	0.000000
-0.867022	0.000000
1.487788	0.000000
1.899780	0.000000
1.227918	0.000000
0.279385	0.000000
-0.553638	0.000000
1.391049	0.000000
-0.340090	0.000000
-1.125322	0.000000
-1.245208	0.000000
1.625642	0.000000
-0.520211	0.000000
-0.595730	0.000000
-0.543201	0.000000
-0.707858	0.000000
-0.262430	0.000000
-0.488929	0.000000
-0.152998	0.000000
-0.916588	0.000000
-0.645578	0.000000
-0.365622	0.000000
1.156388	0.000000
-0.206735	0.000000
1.244682	0.000000
1.145927	0.000000
-0.597202	0.000000
-0.680025	0.000000
-0.461469	0.000000
-0.663108	0.000000
-1.031133	0.000000
-0.592207	0.000000
0.722473	0.000000
-0.675604	0.000000
1.456949	0.000000
-0.706822	0.000000
-0.776059	0.000000
-1.380250	0.000000
-0.774210	0.000000
-0.300094	0.000000
-1.621931	0.000000
-0.388330	0.000000
-0.708867	0.000000
-0.424755	0.000000
-0.363513	0.000000
-0.647048	0.000000
-0.810562	0.000000
-0.566265	0.000000
-0.439112	0.000000
-0.399711	0.000000
1.245133	0.000000
-0.837222	0.000000
-0.655523	0.000000
-0.757314	0.000000
-0.652044	0.000000
-0.360685	0.000000
0.949309	0.000000
0.430896	0.000000
-0.091073	0.000000
-0.855992	0.000000
-1.946308	0.000000
-0.575331	0.000000
0.573179	0.000000
-0.620383	0.000000
-0.578586	0.000000
1.732067	0.000000
2.128436	0.000000
-1.540082	0.000000
2.159508	0.000000
1.850692	0.000000
1.194245	0.000000
-1.025877	0.000000
-1.070983	0.000000
1.377159	0.000000
0.892915	0.000000
0.486307	0.000000
-2.187637	0.000000
2.483632	0.000000
-0.990747	0.000000
1.412389	0.000000
-0.453943	0.000000
-1.192588	0.000000
-1.274150	0.000000
1.888776	0.000000
-1.130141	0.000000
0.454684	0.000000
-1.952163	0.000000
1.586675	0.000000
-1.223671	0.000000
2.929784	0.000000
1.633089	0.000000
-0.960554	0.000000
-2.377806	0.000000
2.427512	0.000000
-1.160766	0.000000
-0.912775	0.000000
1.847975	0.000000
1.157741	0.000000
2.323015	0.000000
1.390259	0.000000
2.129855	0.000000
1.770350	0.000000
-1.212345	0.000000
0.750539	0.000000
-1.424668	0.000000
-1.280023	0.000000
1.546469	0.000000
2.121361	0.000000
3.254638	0.000000
-1.189037	0.000000
-1.204786	0.000000
2.461098	0.000000
-0.745682	0.000000
0.744880	0.000000
1.122027	0.000000
-1.277068	0.000000
-1.622841	0.000000
0.382735	0.000000
1.859559	0.000000
2.607363	0.000000
1.773787	0.000000
-1.881439	0.000000
-3.258074	0.000000
1.259477	0.000000
-1.237880	0.000000
0.827326	0.000000
1.071177	0.000000
0.834804	0.000000
-0.185962	0.000000
-0.190696	0.000000
0.194465	0.000000
0.596162	0.000000
-0.702893	0.000000
1.098394	0.000000
1.159573	0.000000
0.667930	0.000000
-0.699386	0.000000
1.110002	0.000000
-1.086556	0.000000
0.599861	0.000000
0.745343	0.000000
0.763687	0.000000
0.744360	0.000000
-0.878996	0.000000
0.693916	0.000000
0.688571	0.000000
0.360049	0.000000
0.869506	0.000000
-1.154212	0.000000
0.865981	0.000000
-0.306123	0.000000
-1.298192	0.000000
-0.573003	0.000000
1.062726	0.000000
-0.820540	0.000000
0.822999	0.000000
1.255968	0.000000
0.412988	0.000000
0.990971	0.000000
-0.525754	0.000000
0.165843	0.000000
-0.313418	0.000000
-0.919274	0.000000
1.355486	0.000000
-0.428507	0.000000
-0.179170	0.000000
0.320934	0.000000
0.776438	0.000000
0.415759	0.000000
-0.413215	0.000000
0.591932	0.000000
0.538630	0.000000
-0.751156	0.000000
-0.225971	0.000000
0.633808	0.000000
-0.606519	0.000000
-0.413509	0.000000
0.550513	0.000000
1.005132	0.000000
0.744125	0.000000
0.358855	0.000000
-0.362767	0.000000
-2.044787	0.000000
0.234109	0.000000
-0.870339	0.000000
-0.728179	0.000000
-0.392739	0.000000
0.725299	0.000000
0.605965	0.000000
0.757482	0.000000
-0.133898	0.000000
0.632147	0.000000
-0.224443	0.000000
-0.343944	0.000000
-0.917516	0.000000
-0.737708	0.000000
-0.677227	0.000000
-0.390943	0.000000
-0.535028	0.000000
-0.604628	0.000000
-0.434882	0.000000
-0.310403	0.000000
0.634294	0.000000
0.911712	0.000000
1.200157	0.000000
0.641383	0.000000
-0.803676	0.000000
-0.240849	0.000000
0.553505	0.000000
-0.370399	0.000000
0.250859	0.000000
0.502936	0.000000
0.517718	0.000000
-0.356726	0.000000
-0.292600	0.000000
-0.532597	0.000000
-0.548927	0.000000
-0.414762	0.000000
-0.954486	0.000000
-0.324267	0.000000
1.334614	0.000000
0.669096	0.000000
-0.405643	0.000000
-0.874826	0.000000
-0.415468	0.000000
-0.422956	0.000000
0.283834	0.000000
-0.196015	0.000000
0.422663	0.000000
-0.249121	0.000000
0.874790	0.000000
-0.425511	0.000000
-0.351801	0.000000
-0.373119	0.000000
-0.399160	0.000000
-0.588163	0.000000
0.653916	0.000000
0.123666	0.000000
-0.413951	0.000000
-0.417864	0.000000
-0.166267	0.000000
-0.351419	0.000000
-0.148295	0.000000
-0.413393	0.000000
-0.434947	0.000000
-0.467873	0.000000
0.429620	0.000000
-0.455721	0.000000
0.850660	0.000000
0.538439	0.000000
-0.535141	0.000000
-0.339211	0.000000
-0.277866	0.000000
0.287094	0.000000
-0.298752	0.000000
-0.242584	0.000000
-0.176179	0.000000
0.223451	0.000000
0.353459	0.000000
-0.387294	0.000000
0.257956	0.000000
-0.380113	0.000000
-0.561173	0.000000
0.691683	0.000000
-0.535639	0.000000
-0.180050	0.000000
0.404558	0.000000
0.431705	0.000000
-0.676652	0.000000
-0.293578	0.000000
0.549589	0.000000
-0.322829	0.000000
-0.349444	0.000000
0.183798	0.000000
0.533397	0.000000
0.382972	0.000000
0.404336	0.000000
-0.334354	0.000000
-0.390927	0.000000
0.586189	0.000000
1.404644	0.000000
0.901747	0.000000
0.238380	0.000000
0.350835	0.000000
-0.300184	0.000000
-0.326823	0.000000
0.521511	0.000000
-0.258648	0.000000
-0.389811	0.000000
-0.324713	0.000000
0.089498	0.000000
0.822577	0.000000
-0.168162	0.000000
0.345293	0.000000
0.294533	0.000000
0.284601	0.000000
0.300457	0.000000
-0.326967	0.000000
-0.390945	0.000000
0.244040	0.000000
0.979532	0.000000
0.339906	0.000000
-0.672840	0.000000
-0.574217	0.000000
-0.302051	0.000000
