-0.716538	0.000000
-0.266467	0.000000
0.423355	0.000000
0.108664	0.000000
0.317754	0.000000
-0.339052	0.000000
-1.032088	0.000000
-0.208604	0.000000
-0.307458	0.000000
-0.213111	0.000000
-0.182425	0.000000
0.192112	0.000000
-0.171510	0.000000
0.252275	0.000000
-0.273868	0.000000
0.561202	0.000000
-0.301770	0.000000
-0.479834	0.000000
-0.242649	0.000000
-0.595156	0.000000
0.577841	0.000000
0.332351	0.000000
-0.290401	0.000000
-1.038249	0.000000
-0.190006	0.000000
-0.181464	0.000000
0.135833	0.000000
-0.440100	0.000000
-0.159500	0.000000
-0.685194	0.000000
-0.371953	0.000000
-0.223600	0.000000
-0.227639	0.000000
-0.343666	0.000000
-0.228806	0.000000
0.131064	0.000000
0.257238	0.000000
0.392422	0.000000
-0.318026	0.000000
-0.258830	0.000000
0.137281	0.000000
-0.307678	0.000000
-0.337717	0.000000
-0.247589	0.000000
-0.221601	0.000000
-0.486348	0.000000
-0.381486	0.000000
-0.308034	0.000000
0.493728	0.000000
-0.357722	0.000000
0.624424	0.000000
-0.449092	0.000000
-0.251025	0.000000
-0.492655	0.000000
-0.365785	0.000000
0.217571	0.000000
-0.530813	0.000000
0.391599	0.000000
-0.184785	0.000000
-0.344048	0.000000
-0.493215	0.000000
-0.493788	0.000000
0.258393	0.000000
-0.357359	0.000000
-0.440076	0.000000
-0.388285	0.000000
0.687347	0.000000
-0.380781	0.000000
-0.477086	0.000000
-0.300351	0.000000
-0.362295	0.000000
0.171862	0.000000
-0.216600	0.000000
-0.362375	0.000000
-0.438060	0.000000
-0.335239	0.000000
-0.487052	0.000000
0.323487	0.000000
-0.308921	0.000000
0.477274	0.000000
-0.361842	0.000000
-0.398142	0.000000
-0.558179	0.000000
-0.446987	0.000000
-0.299514	0.000000
-0.492690	0.000000
-0.422312	0.000000
0.507989	0.000000
-0.241732	0.000000
-0.473619	0.000000
-0.387750	0.000000
-0.596780	0.000000
-0.551807	0.000000
-0.390763	0.000000
-0.489564	0.000000
-0.237582	0.000000
-0.226377	0.000000
-0.289668	0.000000
-0.420243	0.000000
-0.069871	0.000000
-0.604196	0.000000
-0.512925	0.000000
-0.287298	0.000000
-0.426519	0.000000
-0.403064	0.000000
-0.557245	0.000000
-0.638996	0.000000
-0.579548	0.000000
-0.368496	0.000000
-0.267729	0.000000
-0.479503	0.000000
-0.360202	0.000000
-0.165920	0.000000
-0.461777	0.000000
-0.312303	0.000000
-0.398132	0.000000
-1.026992	0.000000
0.524502	0.000000
-0.197281	0.000000
-0.612723	0.000000
2.894750	0.000000
2.105236	0.000000
-3.539197	0.000000
1.109734	0.000000
0.853116	0.000000
3.007136	0.000000
-1.382554	0.000000
3.205084	0.000000
1.473084	0.000000
2.638728	0.000000
2.916955	0.000000
2.993962	0.000000
2.363199	0.000000
3.336929	0.000000
2.097594	0.000000
1.076910	0.000000
1.624154	0.000000
-1.504515	0.000000
0.731431	0.000000
-0.734984	0.000000
0.925170	0.000000
2.568702	0.000000
1.582571	0.000000
1.296994	0.000000
2.238459	0.000000
1.122149	0.000000
3.067079	0.000000
0.739747	0.000000
2.305879	0.000000
-1.244153	0.000000
1.542440	0.000000
1.575733	0.000000
1.679531	0.000000
1.965495	0.000000
1.029260	0.000000
1.028603	0.000000
0.759528	0.000000
2.848047	0.000000
2.191557	0.000000
3.272507	0.000000
2.758421	0.000000
1.416536	0.000000
2.507092	0.000000
2.352811	0.000000
2.941951	0.000000
-1.863738	0.000000
0.860783	0.000000
2.874035	0.000000
0.796598	0.000000
2.761207	0.000000
2.579712	0.000000
-0.511029	0.000000
1.217956	0.000000
1.759670	0.000000
2.262128	0.000000
1.359602	0.000000
2.331734	0.000000
1.179869	0.000000
3.245357	0.000000
3.003821	0.000000
-0.944732	0.000000
-0.213248	0.000000
2.090000	0.000000
-1.560943	0.000000
1.283243	0.000000
-1.078315	0.000000
-1.727324	0.000000
-1.524174	0.000000
0.455095	0.000000
-0.399320	0.000000
-0.199772	0.000000
-0.638545	0.000000
-1.067862	0.000000
-0.759892	0.000000
-0.886377	0.000000
2.386517	0.000000
0.823878	0.000000
2.044593	0.000000
2.510858	0.000000
-1.807974	0.000000
1.917756	0.000000
0.188706	0.000000
0.815280	0.000000
-1.823791	0.000000
-0.920766	0.000000
1.021735	0.000000
0.402097	0.000000
-3.769546	0.000000
-0.743107	0.000000
1.440236	0.000000
1.745071	0.000000
0.260249	0.000000
0.568600	0.000000
0.510457	0.000000
1.245597	0.000000
1.530918	0.000000
2.031031	0.000000
-0.464949	0.000000
0.558612	0.000000
-0.796449	0.000000
-1.081022	0.000000
-0.506725	0.000000
-0.394956	0.000000
-0.955503	0.000000
0.460504	0.000000
-1.214811	0.000000
1.257028	0.000000
-0.606074	0.000000
2.481299	0.000000
-0.599986	0.000000
-1.560417	0.000000
-2.623161	0.000000
0.058209	0.000000
0.716025	0.000000
-1.172345	0.000000
-0.570579	0.000000
0.569384	0.000000
1.806244	0.000000
-0.700720	0.000000
-0.526132	0.000000
-0.683655	0.000000
-0.792214	0.000000
-0.465790	0.000000
-1.006954	0.000000
-1.132410	0.000000
-0.598639	0.000000
-0.658608	0.000000
-1.049817	0.000000
-1.781259	0.000000
-0.733951	0.000000
-0.627262	0.000000
-1.273651	0.000000
-0.669473	0.000000
-1.059147	0.000000
-0.833077	0.000000
-0.456657	0.000000
-0.843375	0.000000
-0.615814	0.000000
-0.593912	0.000000
1.004115	0.000000
-0.587681	0.000000
-1.177817	0.000000
-0.847717	0.000000
0.645810	0.000000
-0.795151	0.000000
-1.113574	0.000000
-0.834563	0.000000
-0.424147	0.000000
-0.751084	0.000000
0.938795	0.000000
-0.653553	0.000000
-1.217185	0.000000
-0.894532	0.000000
-0.991203	0.000000
-1.088517	0.000000
-1.307332	0.000000
-1.407558	0.000000
-1.182887	0.000000
-0.762969	0.000000
-1.033455	0.000000
-0.449941	0.000000
-0.929627	0.000000
-0.596689	0.000000
-0.600046	0.000000
-0.920525	0.000000
-0.675780	0.000000
-0.737116	0.000000
-1.043022	0.000000
-0.705074	0.000000
-0.781058	0.000000
-1.170737	0.000000
-0.354923	0.000000
-0.822498	0.000000
-0.768740	0.000000
-0.577941	0.000000
-1.032866	0.000000
-2.017795	0.000000
-0.205038	0.000000
-0.873009	0.000000
-0.861273	0.000000
-0.330153	0.000000
-0.425459	0.000000
-0.301138	0.000000
0.080053	0.000000
-0.233521	0.000000
-0.732954	0.000000
-0.582345	0.000000
-0.745708	0.000000
-0.466292	0.000000
-0.401937	0.000000
-0.276240	0.000000
-0.812854	0.000000
-0.423124	0.000000
-0.981780	0.000000
-0.344785	0.000000
0.449618	0.000000
0.125762	0.000000
0.895785	0.000000
0.194507	0.000000
-0.426950	0.000000
-0.414756	0.000000
-1.505405	0.000000
-0.066081	0.000000
0.278632	0.000000
-0.412213	0.000000
-0.136959	0.000000
-0.737511	0.000000
0.128167	0.000000
-0.469075	0.000000
0.583859	0.000000
0.580835	0.000000
-0.349545	0.000000
0.163523	0.000000
-0.324860	0.000000
0.157811	0.000000
0.202343	0.000000
0.133461	0.000000
-1.412390	0.000000
-0.341032	0.000000
-0.503930	0.000000
-0.605982	0.000000
0.176048	0.000000
-0.259974	0.000000
-0.360766	0.000000
-0.770484	0.000000
-0.251795	0.000000
0.206790	0.000000
-0.433050	0.000000
0.135651	0.000000
-0.331683	0.000000
-0.304764	0.000000
0.574138	0.000000
-0.206731	0.000000
-0.194977	0.000000
0.098702	0.000000
0.340699	0.000000
-0.496087	0.000000
0.349908	0.000000
-0.512304	0.000000
-1.255785	0.000000
1.192634	0.000000
0.788292	0.000000
0.360329	0.000000
0.484047	0.000000
0.299928	0.000000
1.526922	0.000000
-2.351273	0.000000
1.665684	0.000000
0.449378	0.000000
1.197659	0.000000
1.800989	0.000000
1.515175	0.000000
1.037938	0.000000
1.625347	0.000000
0.796385	0.000000
0.729127	0.000000
0.480621	0.000000
-0.836404	0.000000
0.423565	0.000000
0.453187	0.000000
-0.399330	0.000000
1.610534	0.000000
0.619515	0.000000
0.559453	0.000000
0.892722	0.000000
0.274394	0.000000
1.483347	0.000000
0.370344	0.000000
0.897456	0.000000
0.862537	0.000000
0.518225	0.000000
0.574611	0.000000
0.618525	0.000000
0.925418	0.000000
0.331052	0.000000
0.438249	0.000000
-0.140906	0.000000
2.046564	0.000000
0.974095	0.000000
1.719091	0.000000
1.588146	0.000000
0.506664	0.000000
1.217930	0.000000
0.904236	0.000000
1.592819	0.000000
0.878115	0.000000
0.494225	0.000000
1.878301	0.000000
0.691833	0.000000
1.401354	0.000000
1.172297	0.000000
1.009998	0.000000
0.857524	0.000000
0.517358	0.000000
0.777273	0.000000
0.570117	0.000000
1.445742	0.000000
0.463449	0.000000
1.786709	0.000000
1.898881	0.000000
-0.329458	0.000000
0.245975	0.000000
-0.567573	0.000000
0.309798	0.000000
0.451223	0.000000
0.324255	0.000000
-0.556870	0.000000
-0.532832	0.000000
0.503093	0.000000
-0.188284	0.000000
-0.266910	0.000000
-0.136640	0.000000
0.049995	0.000000
-0.378192	0.000000
0.354066	0.000000
-0.510074	0.000000
0.728535	0.000000
0.599459	0.000000
0.773672	0.000000
0.851864	0.000000
1.268980	0.000000
0.191809	0.000000
0.484835	0.000000
-0.452057	0.000000
0.146470	0.000000
0.687538	0.000000
0.400855	0.000000
-0.716256	0.000000
0.382234	0.000000
1.176874	0.000000
0.409788	0.000000
0.513061	0.000000
0.454815	0.000000
0.152650	0.000000
0.660148	0.000000
0.419660	0.000000
0.555009	0.000000
-0.438793	0.000000
0.239718	0.000000
0.422822	0.000000
-0.233992	0.000000
0.617316	0.000000
-0.392975	0.000000
0.205413	0.000000
0.294423	0.000000
0.931909	0.000000
0.501915	0.000000
0.223875	0.000000
0.782337	0.000000
0.232718	0.000000
-0.748268	0.000000
-0.829757	0.000000
0.173974	0.000000
0.556694	0.000000
-0.563697	0.000000
-0.435767	0.000000
0.416613	0.000000
1.404440	0.000000
0.269644	0.000000
-0.305979	0.000000
-0.527543	0.000000
-0.247859	0.000000
0.569498	0.000000
-0.495526	0.000000
0.519405	0.000000
-0.668617	0.000000
-1.474168	0.000000
-0.527386	0.000000
-0.909233	0.000000
-0.401648	0.000000
-0.220195	0.000000
-0.216886	0.000000
-0.624010	0.000000
0.222912	0.000000
-0.238869	0.000000
1.520463	0.000000
0.186170	0.000000
0.453088	0.000000
0.618804	0.000000
-0.391172	0.000000
1.691401	0.000000
-0.410244	0.000000
0.177853	0.000000
1.283962	0.000000
-0.349195	0.000000
-0.227850	0.000000
-0.189863	0.000000
-0.612587	0.000000
-0.300388	0.000000
0.975768	0.000000
0.997477	0.000000
0.222856	0.000000
-0.306390	0.000000
-0.492916	0.000000
-0.300724	0.000000
0.650406	0.000000
0.252311	0.000000
0.830561	0.000000
-0.278194	0.000000
0.285498	0.000000
-0.541231	0.000000
-0.225507	0.000000
-0.353910	0.000000
-0.347466	0.000000
-0.528224	0.000000
1.912659	0.000000
0.257138	0.000000
0.171651	0.000000
1.008107	0.000000
-0.400367	0.000000
-0.215997	0.000000
0.853719	0.000000
-0.061442	0.000000
-0.275541	0.000000
-0.940124	0.000000
0.558867	0.000000
0.911276	0.000000
0.903657	0.000000
-0.621655	0.000000
0.507979	0.000000
-0.158031	0.000000
-0.269086	0.000000
-0.467973	0.000000
0.510108	0.000000
0.166869	0.000000
0.173095	0.000000
-0.254090	0.000000
0.308461	0.000000
-0.368746	0.000000
-0.485386	0.000000
-0.317429	0.000000
-0.276538	0.000000
0.162904	0.000000
0.270029	0.000000
-0.226814	0.000000
-0.612821	0.000000
-0.127460	0.000000
-0.495801	0.000000
-0.210766	0.000000
0.788079	0.000000
0.423526	0.000000
-0.239835	0.000000
-0.233227	0.000000
0.337063	0.000000
-0.177744	0.000000
-0.085813	0.000000
-0.114239	0.000000
0.189342	0.000000
-0.205426	0.000000
0.481572	0.000000
0.426276	0.000000
-0.392535	0.000000
0.082093	0.000000
-0.382230	0.000000
-0.366343	0.000000
-0.215370	0.000000
-0.187550	0.000000
0.218315	0.000000
-0.212570	0.000000
-0.141955	0.000000
0.128639	0.000000
-0.079268	0.000000
-0.264926	0.000000
-0.223533	0.000000
0.222050	0.000000
-0.279312	0.000000
-0.155666	0.000000
0.263310	0.000000
0.370169	0.000000
0.165498	0.000000
-0.323014	0.000000
-0.327881	0.000000
-0.295170	0.000000
-0.247307	0.000000
-0.120653	0.000000
0.407163	0.000000
-0.094126	0.000000
-0.418985	0.000000
-0.270363	0.000000
0.217634	0.000000
-0.363741	0.000000
-0.666812	0.000000
0.676398	0.000000
0.855801	0.000000
0.877263	0.000000
-0.380429	0.000000
1.283136	0.000000
0.387787	0.000000
1.280267	0.000000
-0.853312	0.000000
-0.795803	0.000000
-0.771647	0.000000
-1.126152	0.000000
0.372008	0.000000
0.442750	0.000000
-0.824002	0.000000
0.893236	0.000000
0.936767	0.000000
1.065446	0.000000
1.493525	0.000000
0.935080	0.000000
-1.210016	0.000000
0.971733	0.000000
1.424953	0.000000
-1.058364	0.000000
1.546151	0.000000
-0.300020	0.000000
0.578042	0.000000
-0.733104	0.000000
1.708954	0.000000
-0.796975	0.000000
0.885874	0.000000
0.547241	0.000000
0.441494	0.000000
1.053152	0.000000
0.501829	0.000000
1.051832	0.000000
-0.118465	0.000000
-0.461828	0.000000
0.206865	0.000000
1.212845	0.000000
1.247076	0.000000
-0.656936	0.000000
-0.468085	0.000000
-0.581819	0.000000
-0.449737	0.000000
1.209638	0.000000
-0.242754	0.000000
0.457076	0.000000
-0.972575	0.000000
-0.398947	0.000000
1.229333	0.000000
0.395029	0.000000
0.833613	0.000000
1.058706	0.000000
1.418935	0.000000
1.791880	0.000000
-0.493707	0.000000
-0.561177	0.000000
0.607582	0.000000
0.540112	0.000000
1.397290	0.000000
1.348438	0.000000
0.589186	0.000000
1.637654	0.000000
-1.332471	0.000000
-2.302409	0.000000
-0.834448	0.000000
2.023897	0.000000
0.605718	0.000000
0.479765	0.000000
-1.768282	0.000000
0.665692	0.000000
-1.120888	0.000000
0.950434	0.000000
-0.970975	0.000000
1.366016	0.000000
1.183274	0.000000
1.942975	0.000000
2.621799	0.000000
-1.818881	0.000000
-0.782909	0.000000
1.388325	0.000000
1.809906	0.000000
0.764844	0.000000
1.648616	0.000000
-0.610834	0.000000
-4.589930	0.000000
0.898774	0.000000
1.672673	0.000000
1.348590	0.000000
1.694162	0.000000
1.228894	0.000000
1.599890	0.000000
2.398043	0.000000
1.495507	0.000000
2.068976	0.000000
-1.412748	0.000000
1.428268	0.000000
-0.486830	0.000000
0.397570	0.000000
1.197416	0.000000
0.809485	0.000000
1.071986	0.000000
-1.249172	0.000000
2.190495	0.000000
1.815301	0.000000
-1.110715	0.000000
0.262986	0.000000
-1.090371	0.000000
-0.351062	0.000000
-0.837162	0.000000
-0.488728	0.000000
1.238269	0.000000
0.454002	0.000000
0.672842	0.000000
-0.606051	0.000000
-2.828613	0.000000
1.028135	0.000000
-0.877500	0.000000
0.252006	0.000000
0.349389	0.000000
-0.526032	0.000000
1.025427	0.000000
0.889650	0.000000
-0.303972	0.000000
0.620095	0.000000
-0.239136	0.000000
0.616814	0.000000
-0.181935	0.000000
-0.551732	0.000000
-0.165713	0.000000
-0.481785	0.000000
-0.229771	0.000000
0.310369	0.000000
0.578506	0.000000
0.400203	0.000000
-0.690578	0.000000
0.746961	0.000000
-0.305806	0.000000
-0.578251	0.000000
-0.809002	0.000000
0.277958	0.000000
0.364215	0.000000
0.398222	0.000000
0.746460	0.000000
-0.432027	0.000000
0.521185	0.000000
0.336321	0.000000
-0.482216	0.000000
0.323606	0.000000
0.307731	0.000000
0.647798	0.000000
-0.255480	0.000000
0.479507	0.000000
1.076434	0.000000
0.770188	0.000000
-0.369511	0.000000
0.260171	0.000000
-0.726386	0.000000
-0.381510	0.000000
0.589047	0.000000
0.237945	0.000000
0.383042	0.000000
-0.614316	0.000000
-0.539219	0.000000
0.649227	0.000000
-0.474241	0.000000
1.266806	0.000000
-0.339062	0.000000
-0.736111	0.000000
0.467722	0.000000
-0.098531	0.000000
0.359800	0.000000
0.241532	0.000000
0.969842	0.000000
0.081875	0.000000
0.362810	0.000000
-0.241084	0.000000
-0.368190	0.000000
-0.557671	0.000000
0.529659	0.000000
0.630651	0.000000
1.457282	0.000000
1.677181	0.000000
-0.911115	0.000000
1.537844	0.000000
-0.771171	0.000000
1.039725	0.000000
-0.204847	0.000000
-0.114186	0.000000
-0.468140	0.000000
-0.427129	0.000000
-0.976085	0.000000
0.719634	0.000000
1.943239	0.000000
1.098538	0.000000
0.618301	0.000000
1.219919	0.000000
0.360506	0.000000
-0.404841	0.000000
0.279052	0.000000
0.922364	0.000000
-0.575470	0.000000
0.417499	0.000000
1.209713	0.000000
-0.694263	0.000000
-0.810798	0.000000
0.395479	0.000000
0.703654	0.000000
1.244024	0.000000
0.850454	0.000000
1.146274	0.000000
0.556393	0.000000
1.122996	0.000000
1.579666	0.000000
1.448714	0.000000
0.271641	0.000000
0.504397	0.000000
-0.208252	0.000000
-0.815686	0.000000
0.946229	0.000000
-0.490192	0.000000
0.473468	0.000000
-0.630029	0.000000
0.635078	0.000000
1.264042	0.000000
-0.139374	0.000000
1.637295	0.000000
-0.760695	0.000000
-0.275892	0.000000
1.071823	0.000000
-0.090596	0.000000
1.036531	0.000000
0.145614	0.000000
1.444713	0.000000
-0.768562	0.000000
-1.334162	0.000000
-0.539399	0.000000
-0.816601	0.000000
-0.202248	0.000000
-0.141542	0.000000
0.439281	0.000000
-0.285875	0.000000
-0.397076	0.000000
0.121775	0.000000
0.404271	0.000000
-0.323381	0.000000
-0.407277	0.000000
-0.258525	0.000000
-0.147775	0.000000
-0.270356	0.000000
-0.139289	0.000000
0.055230	0.000000
-0.357221	0.000000
0.295269	0.000000
-0.099710	0.000000
-0.180869	0.000000
-0.288998	0.000000
0.406791	0.000000
0.459094	0.000000
-0.339147	0.000000
-0.256219	0.000000
-0.449416	0.000000
0.051782	0.000000
-0.228967	0.000000
-0.303457	0.000000
0.199498	0.000000
-0.152489	0.000000
0.174923	0.000000
-0.332338	0.000000
-0.241479	0.000000
0.177688	0.000000
-0.226218	0.000000
-0.301266	0.000000
-0.493421	0.000000
-0.419522	0.000000
-0.559108	0.000000
-0.116324	0.000000
-0.186049	0.000000
-0.321922	0.000000
-0.086983	0.000000
-0.259935	0.000000
-0.049982	0.000000
-0.251570	0.000000
0.164857	0.000000
-0.200244	0.000000
-0.284540	0.000000
0.207931	0.000000
-0.190521	0.000000
-0.648518	0.000000
0.530016	0.000000
-0.099687	0.000000
-0.210907	0.000000
-0.260606	0.000000
-0.640603	0.000000
-0.229754	0.000000
-0.322180	0.000000
-0.209543	0.000000
-0.466796	0.000000
-0.546516	0.000000
-0.541211	0.000000
0.554131	0.000000
0.167250	0.000000
0.242120	0.000000
-0.142347	0.000000
0.859920	0.000000
0.258473	0.000000
-0.642542	0.000000
-0.419736	0.000000
-1.063871	0.000000
0.267483	0.000000
-0.338149	0.000000
0.701346	0.000000
-0.524429	0.000000
-1.482952	0.000000
-0.456773	0.000000
-0.583450	0.000000
-0.635286	0.000000
0.750890	0.000000
0.528544	0.000000
-0.237447	0.000000
-0.474062	0.000000
0.431518	0.000000
-0.471224	0.000000
-0.390970	0.000000
0.281574	0.000000
-0.311126	0.000000
-0.533023	0.000000
-0.751892	0.000000
-0.952225	0.000000
-0.378959	0.000000
-0.685428	0.000000
-0.555195	0.000000
-0.624503	0.000000
-0.903560	0.000000
-0.200822	0.000000
0.254891	0.000000
-0.798849	0.000000
-0.443476	0.000000
-0.385059	0.000000
-0.453628	0.000000
-0.707518	0.000000
-0.552620	0.000000
0.321095	0.000000
-0.453533	0.000000
-0.699016	0.000000
0.334178	0.000000
-0.381632	0.000000
-0.277903	0.000000
0.262152	0.000000
-0.556019	0.000000
-2.682498	0.000000
-0.458504	0.000000
-0.573895	0.000000
0.432952	0.000000
-0.158978	0.000000
0.533482	0.000000
0.269678	0.000000
0.461347	0.000000
-0.324740	0.000000
-0.509240	0.000000
0.531965	0.000000
0.275187	0.000000
0.410481	0.000000
-0.573514	0.000000
0.682788	0.000000
-0.399172	0.000000
0.383050	0.000000
-0.465581	0.000000
-0.483177	0.000000
-0.199362	0.000000
-0.482234	0.000000
-0.433703	0.000000
-0.292835	0.000000
0.710132	0.000000
-0.313081	0.000000
-0.795621	0.000000
0.354219	0.000000
-0.609937	0.000000
-0.731992	0.000000
-0.752538	0.000000
-0.201250	0.000000
-0.576020	0.000000
-0.367328	0.000000
-0.113179	0.000000
-0.426618	0.000000
0.389974	0.000000
-0.357481	0.000000
0.334878	0.000000
0.462888	0.000000
-0.246932	0.000000
-0.120482	0.000000
-0.274187	0.000000
0.114873	0.000000
0.566234	0.000000
0.225822	0.000000
-0.486201	0.000000
-0.448873	0.000000
-0.677899	0.000000
-0.527853	0.000000
-0.242883	0.000000
-0.315638	0.000000
-0.392360	0.000000
-0.848392	0.000000
0.780757	0.000000
0.273889	0.000000
-0.633395	0.000000
0.347493	0.000000
-0.650226	0.000000
-0.811585	0.000000
-0.553349	0.000000
0.127373	0.000000
-0.061794	0.000000
-0.228660	0.000000
0.754255	0.000000
-0.241596	0.000000
0.279839	0.000000
-0.700121	0.000000
-0.529616	0.000000
1.219048	0.000000
0.983907	0.000000
-0.816480	0.000000
0.911400	0.000000
0.719007	0.000000
1.438711	0.000000
-0.312401	0.000000
1.367707	0.000000
1.089213	0.000000
1.095806	0.000000
1.353888	0.000000
1.043165	0.000000
0.983445	0.000000
1.605723	0.000000
0.962864	0.000000
0.735010	0.000000
0.823493	0.000000
-2.480245	0.000000
0.630347	0.000000
-0.409609	0.000000
-0.544816	0.000000
1.283582	0.000000
0.836543	0.000000
0.616825	0.000000
0.933087	0.000000
0.803912	0.000000
1.395621	0.000000
0.320813	0.000000
0.912939	0.000000
-0.399653	0.000000
0.646809	0.000000
1.016276	0.000000
0.903278	0.000000
1.008946	0.000000
0.745391	0.000000
0.844278	0.000000
0.569709	0.000000
1.350869	0.000000
0.927446	0.000000
1.441005	0.000000
1.488299	0.000000
0.820857	0.000000
1.297217	0.000000
0.993791	0.000000
1.534052	0.000000
-0.692578	0.000000
0.709998	0.000000
1.575684	0.000000
0.785297	0.000000
1.210834	0.000000
0.774630	0.000000
0.438280	0.000000
0.670666	0.000000
0.899954	0.000000
0.942791	0.000000
0.790074	0.000000
1.245395	0.000000
0.205398	0.000000
1.390283	0.000000
1.333878	0.000000
-0.517278	0.000000
-0.419545	0.000000
0.700607	0.000000
-0.697495	0.000000
-0.927133	0.000000
0.219873	0.000000
-0.792006	0.000000
0.410006	0.000000
-0.542421	0.000000
-0.617127	0.000000
-0.356200	0.000000
-0.525905	0.000000
-0.488798	0.000000
0.569806	0.000000
-0.351661	0.000000
0.835968	0.000000
-0.493462	0.000000
0.781406	0.000000
-1.119202	0.000000
1.043856	0.000000
-0.765067	0.000000
0.848883	0.000000
-0.851304	0.000000
-0.997530	0.000000
-0.424720	0.000000
-0.475177	0.000000
0.206933	0.000000
-0.920683	0.000000
-0.247540	0.000000
-1.232465	0.000000
0.912037	0.000000
-0.487037	0.000000
-0.201244	0.000000
-0.402691	0.000000
-0.398089	0.000000
-0.788210	0.000000
-0.611858	0.000000
0.609979	0.000000
0.126003	0.000000
-0.347506	0.000000
0.721020	0.000000
-0.567438	0.000000
-0.303206	0.000000
-0.365302	0.000000
0.333985	0.000000
-0.827527	0.000000
0.586406	0.000000
0.257951	0.000000
1.415703	0.000000
-0.678663	0.000000
-0.581865	0.000000
1.649759	0.000000
-0.269337	0.000000
-0.321659	0.000000
-0.519137	0.000000
0.944036	0.000000
-0.688174	0.000000
0.911236	0.000000
0.147306	0.000000
0.690558	0.000000
0.695557	0.000000
1.050857	0.000000
-0.645786	0.000000
0.700105	0.000000
0.663497	0.000000
0.546645	0.000000
-0.524988	0.000000
-0.554743	0.000000
1.287464	0.000000
0.880872	0.000000
0.611986	0.000000
-0.268669	0.000000
1.124787	0.000000
-0.829601	0.000000
0.968175	0.000000
-0.539696	0.000000
0.976637	0.000000
-0.525666	0.000000
-0.313822	0.000000
-3.044599	0.000000
-1.453998	0.000000
-0.599650	0.000000
0.966710	0.000000
-0.685987	0.000000
0.924248	0.000000
1.028329	0.000000
-0.537409	0.000000
0.438291	0.000000
1.004788	0.000000
-1.336536	0.000000
0.609650	0.000000
1.094270	0.000000
0.981810	0.000000
0.965988	0.000000
0.816933	0.000000
0.466073	0.000000
1.011169	0.000000
0.297306	0.000000
1.110542	0.000000
-0.996449	0.000000
-0.570031	0.000000
0.926052	0.000000
0.977493	0.000000
0.877785	0.000000
-0.618403	0.000000
-0.837698	0.000000
0.440335	0.000000
0.508594	0.000000
-0.456091	0.000000
0.729472	0.000000
-0.596883	0.000000
0.573821	0.000000
1.685731	0.000000
1.034240	0.000000
1.424225	0.000000
0.748470	0.000000
0.337915	0.000000
-0.363734	0.000000
0.425701	0.000000
-0.434570	0.000000
2.300946	0.000000
1.675803	0.000000
-1.206435	0.000000
0.368215	0.000000
0.214099	0.000000
2.113198	0.000000
-0.373739	0.000000
1.685570	0.000000
1.103417	0.000000
2.004563	0.000000
1.879860	0.000000
1.816343	0.000000
1.823246	0.000000
1.712510	0.000000
1.460064	0.000000
0.490589	0.000000
1.071594	0.000000
-0.591315	0.000000
0.400963	0.000000
-1.027988	0.000000
-1.784143	0.000000
1.581863	0.000000
1.231427	0.000000
-0.736560	0.000000
1.737366	0.000000
0.877081	0.000000
1.803579	0.000000
0.225580	0.000000
1.737840	0.000000
-1.013625	0.000000
0.554878	0.000000
1.304394	0.000000
1.119690	0.000000
1.737067	0.000000
0.932316	0.000000
0.481175	0.000000
0.561375	0.000000
1.627221	0.000000
1.750427	0.000000
1.572925	0.000000
1.821232	0.000000
1.016839	0.000000
2.109135	0.000000
1.587259	0.000000
1.599715	0.000000
-1.110232	0.000000
0.589135	0.000000
1.750778	0.000000
0.116490	0.000000
2.092465	0.000000
1.533418	0.000000
-0.389641	0.000000
1.312154	0.000000
1.193523	0.000000
1.864793	0.000000
-0.288731	0.000000
1.452575	0.000000
0.701773	0.000000
1.905693	0.000000
1.703004	0.000000
-0.293956	0.000000
0.343209	0.000000
-0.921128	0.000000
0.649466	0.000000
0.678683	0.000000
-0.616875	0.000000
-0.563618	0.000000
-0.409569	0.000000
0.862287	0.000000
0.174558	0.000000
0.179910	0.000000
-0.520983	0.000000
-0.208335	0.000000
-0.310882	0.000000
0.620824	0.000000
-0.636927	0.000000
1.051155	0.000000
-0.862939	0.000000
1.044632	0.000000
0.211999	0.000000
-0.266057	0.000000
-0.713185	0.000000
0.906493	0.000000
-0.511384	0.000000
0.314281	0.000000
0.921756	0.000000
-0.759594	0.000000
-0.593760	0.000000
0.502393	0.000000
0.937781	0.000000
0.717702	0.000000
0.885677	0.000000
0.670765	0.000000
0.655527	0.000000
1.157737	0.000000
0.857972	0.000000
0.823193	0.000000
-0.759650	0.000000
0.509742	0.000000
-0.577064	0.000000
0.279009	0.000000
0.826096	0.000000
-0.473514	0.000000
0.518083	0.000000
-0.536181	0.000000
-0.837996	0.000000
0.980609	0.000000
-0.482691	0.000000
0.560121	0.000000
-0.525058	0.000000
-0.252176	0.000000
0.623365	0.000000
-0.317688	0.000000
0.795530	0.000000
0.514140	0.000000
0.809364	0.000000
-0.455003	0.000000
-0.908973	0.000000
0.460813	0.000000
-0.738688	0.000000
0.316645	0.000000
0.348821	0.000000
0.551266	0.000000
0.374850	0.000000
-0.258195	0.000000
0.231332	0.000000
-0.733577	0.000000
0.295011	0.000000
-0.138006	0.000000
0.276032	0.000000
-0.316586	0.000000
-0.626590	0.000000
0.420494	0.000000
-0.398137	0.000000
0.219366	0.000000
-0.793678	0.000000
0.160229	0.000000
-0.472585	0.000000
0.223919	0.000000
0.529411	0.000000
-0.754654	0.000000
0.453993	0.000000
-0.541993	0.000000
0.355605	0.000000
0.249316	0.000000
-0.178667	0.000000
0.463645	0.000000
-0.397606	0.000000
0.221143	0.000000
-0.347208	0.000000
0.275796	0.000000
0.293895	0.000000
0.144107	0.000000
0.158258	0.000000
0.226019	0.000000
-0.428438	0.000000
-0.152818	0.000000
0.363448	0.000000
0.305860	0.000000
-0.477098	0.000000
0.303295	0.000000
-0.161783	0.000000
0.247938	0.000000
0.305103	0.000000
0.351976	0.000000
-0.440075	0.000000
-0.434189	0.000000
-0.357024	0.000000
0.770733	0.000000
0.329332	0.000000
0.623786	0.000000
0.812607	0.000000
0.138863	0.000000
-0.195224	0.000000
-0.146243	0.000000
0.315427	0.000000
-0.219147	0.000000
-0.235357	0.000000
0.223102	0.000000
0.330850	0.000000
2.446806	0.000000
2.370145	0.000000
-2.228569	0.000000
1.819522	0.000000
1.538965	0.000000
2.294792	0.000000
-0.853875	0.000000
2.568757	0.000000
2.321876	0.000000
2.596448	0.000000
2.811904	0.000000
2.715187	0.000000
2.396718	0.000000
2.050465	0.000000
2.308430	0.000000
1.221097	0.000000
2.041666	0.000000
-1.096036	0.000000
1.234239	0.000000
0.556642	0.000000
-1.784063	0.000000
2.424960	0.000000
2.146793	0.000000
-3.292949	0.000000
2.040638	0.000000
1.804492	0.000000
2.390911	0.000000
-0.778043	0.000000
2.322213	0.000000
0.563488	0.000000
1.904533	0.000000
2.211651	0.000000
2.003969	0.000000
2.443185	0.000000
2.005498	0.000000
1.671279	0.000000
1.707290	0.000000
2.297633	0.000000
2.371883	0.000000
2.907562	0.000000
2.733343	0.000000
1.810681	0.000000
2.793077	0.000000
2.063699	0.000000
2.749945	0.000000
-1.566863	0.000000
1.539810	0.000000
2.212223	0.000000
0.867175	0.000000
2.214378	0.000000
1.577966	0.000000
-0.952799	0.000000
1.129750	0.000000
2.074136	0.000000
2.050323	0.000000
1.486462	0.000000
1.578505	0.000000
-0.593152	0.000000
2.384886	0.000000
2.323285	0.000000
-0.457377	0.000000
-0.443484	0.000000
-0.322124	0.000000
-0.158063	0.000000
-0.123647	0.000000
-0.223916	0.000000
0.355912	0.000000
-0.718944	0.000000
-0.480392	0.000000
-0.475907	0.000000
-0.155049	0.000000
-0.630345	0.000000
-0.446304	0.000000
-0.873492	0.000000
-0.400274	0.000000
0.453322	0.000000
-0.372778	0.000000
0.378472	0.000000
0.267834	0.000000
0.380328	0.000000
0.693780	0.000000
-0.795640	0.000000
-0.307122	0.000000
0.371081	0.000000
-0.588359	0.000000
-0.299042	0.000000
-0.591580	0.000000
0.461878	0.000000
-0.474001	0.000000
0.470517	0.000000
0.446758	0.000000
-0.419648	0.000000
-0.219841	0.000000
-0.378314	0.000000
-0.147652	0.000000
0.285682	0.000000
-0.160106	0.000000
-0.521763	0.000000
-0.411463	0.000000
-0.591197	0.000000
-0.475395	0.000000
-0.314111	0.000000
-0.447633	0.000000
-0.378056	0.000000
-0.583329	0.000000
-0.343907	0.000000
0.098649	0.000000
-0.328540	0.000000
0.323774	0.000000
-0.322484	0.000000
-0.268828	0.000000
-0.403845	0.000000
-0.129337	0.000000
-0.482028	0.000000
-0.404581	0.000000
0.334627	0.000000
-0.538320	0.000000
-0.333944	0.000000
-0.887129	0.000000
-0.833698	0.000000
-0.632960	0.000000
-0.771114	0.000000
0.591632	0.000000
-0.518329	0.000000
0.430140	0.000000
-0.904006	0.000000
1.496252	0.000000
-0.998908	0.000000
-0.298918	0.000000
-0.798538	0.000000
-0.390515	0.000000
-1.343137	0.000000
-0.777934	0.000000
-1.339679	0.000000
-0.627043	0.000000
1.105461	0.000000
-0.704102	0.000000
1.294005	0.000000
-0.286818	0.000000
0.474228	0.000000
1.258093	0.000000
-1.462545	0.000000
-0.639753	0.000000
0.819215	0.000000
-0.838329	0.000000
-0.795455	0.000000
-1.271509	0.000000
0.956774	0.000000
-0.831103	0.000000
0.844536	0.000000
0.875363	0.000000
-0.613730	0.000000
-0.564968	0.000000
-0.578534	0.000000
-0.458930	0.000000
0.658784	0.000000
-0.567944	0.000000
-0.788311	0.000000
-0.823274	0.000000
-1.330846	0.000000
-0.378836	0.000000
-0.685606	0.000000
-0.814173	0.000000
-0.824011	0.000000
-1.454059	0.000000
-0.522301	0.000000
-0.452464	0.000000
-1.253154	0.000000
0.942472	0.000000
-1.065691	0.000000
-0.407077	0.000000
0.688283	0.000000
-0.196722	0.000000
-0.696279	0.000000
-0.454004	0.000000
1.090822	0.000000
-0.902613	0.000000
1.280738	0.000000
-1.099171	0.000000
-1.218333	0.000000
-0.458442	0.000000
-0.202765	0.000000
0.416396	0.000000
-0.157286	0.000000
0.252241	0.000000
-0.273770	0.000000
0.803605	0.000000
-0.562016	0.000000
-0.242810	0.000000
-0.369648	0.000000
-0.120968	0.000000
-0.354826	0.000000
-0.442657	0.000000
-0.249396	0.000000
-0.201818	0.000000
0.505431	0.000000
0.077389	0.000000
0.427403	0.000000
0.332497	0.000000
-0.600853	0.000000
0.752656	0.000000
-0.318874	0.000000
0.121269	0.000000
0.526448	0.000000
-0.139864	0.000000
0.100718	0.000000
-0.345828	0.000000
-0.169755	0.000000
-0.209223	0.000000
0.412839	0.000000
0.540165	0.000000
-0.300723	0.000000
0.158613	0.000000
-0.271278	0.000000
0.304211	0.000000
0.539152	0.000000
0.218851	0.000000
0.176687	0.000000
-0.285860	0.000000
-0.430969	0.000000
-0.241013	0.000000
0.129211	0.000000
-0.383094	0.000000
-0.199704	0.000000
-0.146255	0.000000
0.625628	0.000000
0.475798	0.000000
0.214300	0.000000
0.183328	0.000000
-0.236052	0.000000
0.147993	0.000000
-0.657536	0.000000
-0.172939	0.000000
0.119862	0.000000
-0.176571	0.000000
0.367659	0.000000
-0.291296	0.000000
0.447701	0.000000
-0.470086	0.000000
0.452068	0.000000
2.411854	0.000000
3.719890	0.000000
0.432551	0.000000
2.789483	0.000000
2.634832	0.000000
1.061995	0.000000
-0.809865	0.000000
0.923165	0.000000
3.190159	0.000000
3.090037	0.000000
2.559196	0.000000
0.433319	0.000000
3.310524	0.000000
-1.140944	0.000000
3.821018	0.000000
0.873264	0.000000
4.151940	0.000000
1.038393	0.000000
3.200515	0.000000
-1.310559	0.000000
-1.469374	0.000000
0.986495	0.000000
4.045466	0.000000
0.523501	0.000000
3.835879	0.000000
3.952380	0.000000
1.316337	0.000000
-2.378566	0.000000
3.669165	0.000000
-1.419029	0.000000
1.318240	0.000000
4.070380	0.000000
3.159106	0.000000
3.662510	0.000000
3.893740	0.000000
2.389629	0.000000
3.164736	0.000000
-1.645962	0.000000
3.422031	0.000000
-0.656310	0.000000
-0.897940	0.000000
3.775632	0.000000
2.479071	0.000000
3.397767	0.000000
1.488573	0.000000
1.186254	0.000000
3.464200	0.000000
1.139146	0.000000
0.874200	0.000000
2.364298	0.000000
2.220690	0.000000
-1.400353	0.000000
0.597739	0.000000
3.640752	0.000000
2.861091	0.000000
1.575868	0.000000
0.860628	0.000000
-0.820512	0.000000
1.652240	0.000000
-1.168243	0.000000
-0.410572	0.000000
-0.394607	0.000000
-0.286838	0.000000
0.052319	0.000000
-0.153548	0.000000
-0.298286	0.000000
-0.391971	0.000000
-0.230595	0.000000
-0.602297	0.000000
-0.315348	0.000000
-0.230004	0.000000
-0.459122	0.000000
-0.263143	0.000000
-1.021749	0.000000
-0.398860	0.000000
0.402000	0.000000
-0.467662	0.000000
0.653817	0.000000
0.132495	0.000000
0.241548	0.000000
-0.596386	0.000000
-0.389779	0.000000
-0.456021	0.000000
-0.617753	0.000000
-0.539390	0.000000
-0.551440	0.000000
-0.416361	0.000000
0.337546	0.000000
-0.488042	0.000000
0.355011	0.000000
0.486063	0.000000
-0.518836	0.000000
-0.475272	0.000000
-0.482611	0.000000
-0.290913	0.000000
0.286752	0.000000
-0.221863	0.000000
0.395640	0.000000
-0.594199	0.000000
0.111195	0.000000
-0.664292	0.000000
-0.489040	0.000000
-0.467814	0.000000
-0.447171	0.000000
-0.442951	0.000000
0.118853	0.000000
-0.218256	0.000000
-0.146197	0.000000
0.177881	0.000000
0.139850	0.000000
-0.589130	0.000000
0.434436	0.000000
-0.197849	0.000000
-0.429723	0.000000
-0.319741	0.000000
0.176452	0.000000
-0.626803	0.000000
0.313484	0.000000
-0.767053	0.000000
-0.424136	0.000000
0.345474	0.000000
0.893234	0.000000
0.809687	0.000000
0.632482	0.000000
1.072422	0.000000
0.265633	0.000000
-0.795389	0.000000
-0.894958	0.000000
0.809725	0.000000
0.884270	0.000000
0.552267	0.000000
0.248690	0.000000
0.636969	0.000000
-0.712529	0.000000
0.799743	0.000000
0.430904	0.000000
0.715055	0.000000
-1.616036	0.000000
0.697062	0.000000
-1.781638	0.000000
-0.713435	0.000000
-0.360845	0.000000
0.812860	0.000000
-1.204152	0.000000
0.947426	0.000000
0.759632	0.000000
-0.579754	0.000000
0.406928	0.000000
0.895754	0.000000
-3.348420	0.000000
0.786692	0.000000
0.947785	0.000000
1.017364	0.000000
0.759270	0.000000
0.755250	0.000000
1.249297	0.000000
0.793245	0.000000
-0.663303	0.000000
0.889719	0.000000
-1.363445	0.000000
-0.792652	0.000000
0.969034	0.000000
0.850078	0.000000
0.990735	0.000000
-0.493364	0.000000
-1.100089	0.000000
0.754529	0.000000
-0.709751	0.000000
-0.474493	0.000000
-0.336688	0.000000
-0.872636	0.000000
-1.069686	0.000000
0.118147	0.000000
0.716637	0.000000
0.979371	0.000000
1.290704	0.000000
-0.915404	0.000000
-0.689620	0.000000
0.444177	0.000000
-1.236287	0.000000
0.314567	0.000000
-0.611996	0.000000
0.566695	0.000000
0.549998	0.000000
0.418566	0.000000
-0.281762	0.000000
1.474117	0.000000
0.689864	0.000000
0.621203	0.000000
-0.576544	0.000000
-0.506240	0.000000
0.307683	0.000000
-0.438103	0.000000
0.521587	0.000000
-0.491312	0.000000
-1.496687	0.000000
-0.407789	0.000000
0.707960	0.000000
-0.561592	0.000000
-1.277595	0.000000
0.323855	0.000000
0.213599	0.000000
-0.458989	0.000000
0.648751	0.000000
-0.677177	0.000000
0.220287	0.000000
0.420913	0.000000
-0.405111	0.000000
-0.471265	0.000000
-1.043367	0.000000
-2.956066	0.000000
0.261185	0.000000
-0.609946	0.000000
0.620395	0.000000
0.350426	0.000000
-0.527026	0.000000
0.562093	0.000000
0.579242	0.000000
-0.707742	0.000000
-0.310573	0.000000
-0.514800	0.000000
-0.616014	0.000000
-0.328175	0.000000
-0.611840	0.000000
0.295081	0.000000
-0.815506	0.000000
0.243579	0.000000
0.796612	0.000000
-0.564454	0.000000
0.284858	0.000000
0.223670	0.000000
-0.759461	0.000000
-5.951229	0.000000
-0.652038	0.000000
0.306026	0.000000
0.708978	0.000000
0.407591	0.000000
-0.981247	0.000000
-0.207556	0.000000
0.531869	0.000000
-0.774096	0.000000
-0.608797	0.000000
0.568154	0.000000
-0.353094	0.000000
-0.273900	0.000000
-0.900787	0.000000
0.941003	0.000000
-0.755343	0.000000
-0.728604	0.000000
-0.707773	0.000000
-0.369712	0.000000
-0.149218	0.000000
-0.847252	0.000000
-0.351765	0.000000
-0.530667	0.000000
0.296973	0.000000
-0.601643	0.000000
-0.575670	0.000000
-0.723380	0.000000
0.482009	0.000000
1.001179	0.000000
-0.543485	0.000000
-0.503004	0.000000
0.567813	0.000000
-0.536496	0.000000
-0.668511	0.000000
-0.802182	0.000000
0.493266	0.000000
-0.501308	0.000000
0.430496	0.000000
-0.190877	0.000000
-0.977035	0.000000
-0.566506	0.000000
-0.629709	0.000000
-0.766118	0.000000
-0.483545	0.000000
-0.627432	0.000000
-0.919475	0.000000
-0.557221	0.000000
-0.517504	0.000000
-0.737479	0.000000
-0.610046	0.000000
-0.717763	0.000000
-0.512131	0.000000
-0.730104	0.000000
0.559588	0.000000
-0.675506	0.000000
-0.835672	0.000000
-0.322675	0.000000
-0.734273	0.000000
-0.787694	0.000000
0.316792	0.000000
-0.193732	0.000000
-0.369310	0.000000
-0.417730	0.000000
-0.403277	0.000000
-0.808374	0.000000
0.407153	0.000000
-0.340929	0.000000
-0.782178	0.000000
-0.266744	0.000000
0.436597	0.000000
0.861271	0.000000
0.505036	0.000000
0.194424	0.000000
0.307155	0.000000
0.952685	0.000000
-0.404929	0.000000
0.499937	0.000000
0.391215	0.000000
-0.150904	0.000000
-0.901960	0.000000
0.348980	0.000000
-1.152488	0.000000
0.418137	0.000000
0.714594	0.000000
-0.226996	0.000000
-0.924933	0.000000
-0.234609	0.000000
1.045345	0.000000
-0.888709	0.000000
-0.890809	0.000000
0.190346	0.000000
-0.773721	0.000000
0.250367	0.000000
0.491641	0.000000
-0.564949	0.000000
0.429522	0.000000
0.389139	0.000000
-0.557567	0.000000
0.806783	0.000000
0.754849	0.000000
-1.154051	0.000000
0.478935	0.000000
0.212121	0.000000
-0.437186	0.000000
0.378964	0.000000
-0.680518	0.000000
0.182588	0.000000
-1.164085	0.000000
-0.626188	0.000000
0.393130	0.000000
0.322410	0.000000
0.214052	0.000000
-0.732870	0.000000
-0.486148	0.000000
-0.421908	0.000000
0.421205	0.000000
1.106132	0.000000
-0.402090	0.000000
-0.956585	0.000000
-0.524763	0.000000
-0.150707	0.000000
0.265948	0.000000
-0.223025	0.000000
-0.093623	0.000000
-0.534042	0.000000
0.357905	0.000000
-0.812076	0.000000
-0.771392	0.000000
-0.182388	0.000000
-0.427660	0.000000
0.664534	0.000000
-0.285143	0.000000
-0.225450	0.000000
0.314043	0.000000
0.429547	0.000000
0.424691	0.000000
-0.598601	0.000000
-0.277791	0.000000
-0.155540	0.000000
0.076066	0.000000
-0.226067	0.000000
-0.505203	0.000000
-0.413770	0.000000
-0.243831	0.000000
-0.552559	0.000000
0.468033	0.000000
-0.371151	0.000000
0.663092	0.000000
-0.572777	0.000000
0.517740	0.000000
-0.675065	0.000000
-0.365557	0.000000
-0.243949	0.000000
-0.875852	0.000000
0.267943	0.000000
0.448715	0.000000
-0.343822	0.000000
-0.368685	0.000000
0.328046	0.000000
-0.669599	0.000000
-0.456332	0.000000
-0.799687	0.000000
-0.614202	0.000000
0.276459	0.000000
-0.377354	0.000000
0.284645	0.000000
-0.318108	0.000000
0.519325	0.000000
-0.608468	0.000000
-0.591550	0.000000
-0.174283	0.000000
-0.307368	0.000000
-0.229472	0.000000
0.354939	0.000000
-0.669023	0.000000
0.310122	0.000000
-0.486558	0.000000
-0.132606	0.000000
-0.273627	0.000000
-0.444082	0.000000
-0.041788	0.000000
-0.753498	0.000000
-0.203985	0.000000
0.211348	0.000000
-0.431134	0.000000
-0.400774	0.000000
-0.212559	0.000000
-0.539382	0.000000
-0.853279	0.000000
-0.945011	0.000000
-0.729537	0.000000
-1.589866	0.000000
-0.769647	0.000000
-0.929439	0.000000
1.081152	0.000000
-0.556804	0.000000
-1.174120	0.000000
-0.675922	0.000000
-0.472763	0.000000
-0.344109	0.000000
-0.782154	0.000000
-0.514673	0.000000
-0.923201	0.000000
-0.398744	0.000000
-0.847598	0.000000
0.800608	0.000000
-0.817125	0.000000
-0.370107	0.000000
0.896478	0.000000
-0.433463	0.000000
-0.876555	0.000000
0.419048	0.000000
-0.578357	0.000000
-1.119998	0.000000
0.270098	0.000000
0.499692	0.000000
-0.947363	0.000000
-0.276472	0.000000
-1.554692	0.000000
-0.654043	0.000000
-1.175265	0.000000
-0.934821	0.000000
-1.077609	0.000000
-0.667682	0.000000
-1.000355	0.000000
0.164823	0.000000
-0.768289	0.000000
-0.184268	0.000000
-0.815133	0.000000
-0.907329	0.000000
-0.830857	0.000000
-0.647196	0.000000
-0.697433	0.000000
1.068535	0.000000
-0.868442	0.000000
-0.891927	0.000000
-0.936272	0.000000
-1.213014	0.000000
-0.404639	0.000000
0.681271	0.000000
0.715439	0.000000
-0.618612	0.000000
-1.082460	0.000000
-0.776130	0.000000
-1.237319	0.000000
0.555855	0.000000
-0.818486	0.000000
-0.411047	0.000000
-0.403221	0.000000
-0.228366	0.000000
0.554660	0.000000
-1.387900	0.000000
-1.183911	0.000000
-0.455982	0.000000
-1.035786	0.000000
-0.498696	0.000000
-0.687603	0.000000
-0.177616	0.000000
-0.227204	0.000000
-0.516547	0.000000
-0.363065	0.000000
-0.324976	0.000000
-0.499209	0.000000
-0.887746	0.000000
-0.794158	0.000000
-0.325048	0.000000
-0.838043	0.000000
0.805969	0.000000
0.911438	0.000000
0.488259	0.000000
-0.648042	0.000000
0.829749	0.000000
-0.526782	0.000000
-0.885661	0.000000
0.224925	0.000000
-0.385384	0.000000
-0.590585	0.000000
0.785093	0.000000
-1.467746	0.000000
-0.322291	0.000000
-0.918758	0.000000
-0.244587	0.000000
-0.848119	0.000000
-1.473742	0.000000
-1.051994	0.000000
-0.400864	0.000000
-0.194226	0.000000
0.921856	0.000000
-0.428222	0.000000
-1.062922	0.000000
-0.412785	0.000000
-0.493151	0.000000
0.452148	0.000000
0.570522	0.000000
-1.108274	0.000000
0.605026	0.000000
0.391261	0.000000
-0.337489	0.000000
-0.307735	0.000000
0.587005	0.000000
-0.120772	0.000000
-0.607736	0.000000
-2.234444	0.000000
-1.044389	0.000000
-0.628630	0.000000
-0.667028	0.000000
-0.317446	0.000000
0.408400	0.000000
-0.281172	0.000000
-0.263019	0.000000
1.423320	0.000000
-0.733884	0.000000
0.123224	0.000000
-0.527766	0.000000
-0.776074	0.000000
0.610783	0.000000
0.145014	0.000000
0.165867	0.000000
-1.109068	0.000000
-0.403415	0.000000
0.374150	0.000000
-0.205306	0.000000
0.115779	0.000000
0.941801	0.000000
0.261181	0.000000
0.804549	0.000000
0.316703	0.000000
0.346810	0.000000
1.135750	0.000000
-0.372180	0.000000
-0.106503	0.000000
-0.942198	0.000000
0.275185	0.000000
0.504795	0.000000
-0.614563	0.000000
-0.898642	0.000000
-0.150768	0.000000
-1.161628	0.000000
-0.654929	0.000000
-0.398872	0.000000
0.386870	0.000000
-0.271405	0.000000
0.118151	0.000000
0.231011	0.000000
-1.039622	0.000000
0.541233	0.000000
-0.324706	0.000000
0.523364	0.000000
-0.293883	0.000000
0.180924	0.000000
-0.178601	0.000000
0.082194	0.000000
-0.647892	0.000000
0.981857	0.000000
0.573424	0.000000
-0.672144	0.000000
0.714767	0.000000
0.343161	0.000000
-0.359711	0.000000
-1.111824	0.000000
0.062984	0.000000
0.248596	0.000000
-0.690424	0.000000
-0.849677	0.000000
-0.710917	0.000000
-0.588073	0.000000
0.338083	0.000000
-0.447449	0.000000
-0.212919	0.000000
0.352491	0.000000
0.540252	0.000000
0.114460	0.000000
-0.445905	0.000000
-0.779874	0.000000
-1.141345	0.000000
0.066178	0.000000
0.690051	0.000000
0.113509	0.000000
-0.307002	0.000000
-0.083264	0.000000
0.203915	0.000000
-0.133670	0.000000
0.441693	0.000000
-0.483291	0.000000
0.520027	0.000000
0.305024	0.000000
-0.437432	0.000000
-0.511111	0.000000
0.617084	0.000000
0.261328	0.000000
0.566132	0.000000
0.580241	0.000000
0.421874	0.000000
0.501719	0.000000
-0.342041	0.000000
-0.598403	0.000000
0.504348	0.000000
1.026932	0.000000
0.414767	0.000000
0.642649	0.000000
0.470478	0.000000
0.545329	0.000000
0.233326	0.000000
-0.589254	0.000000
-0.223337	0.000000
-0.657317	0.000000
0.627912	0.000000
-0.498981	0.000000
0.387289	0.000000
0.361758	0.000000
0.227771	0.000000
0.319833	0.000000
0.288423	0.000000
0.578843	0.000000
0.579885	0.000000
-0.471379	0.000000
-0.603572	0.000000
-0.723426	0.000000
-0.231345	0.000000
-1.278292	0.000000
-0.411660	0.000000
0.692277	0.000000
0.284494	0.000000
-0.361305	0.000000
-0.341590	0.000000
-1.388388	0.000000
0.360706	0.000000
0.345526	0.000000
-0.345574	0.000000
-0.344809	0.000000
0.342155	0.000000
-0.201689	0.000000
0.178067	0.000000
0.180422	0.000000
1.574615	0.000000
-0.236523	0.000000
-0.181088	0.000000
-0.347689	0.000000
-0.369791	0.000000
0.377409	0.000000
-0.359814	0.000000
-0.145278	0.000000
-0.430724	0.000000
-0.215990	0.000000
-0.488472	0.000000
-0.576251	0.000000
-0.428865	0.000000
-0.462914	0.000000
-0.318357	0.000000
0.233572	0.000000
-0.478520	0.000000
-0.672998	0.000000
-0.553435	0.000000
-0.251661	0.000000
-0.301701	0.000000
0.618374	0.000000
-0.332014	0.000000
-0.308268	0.000000
-0.555013	0.000000
-0.369613	0.000000
-0.477958	0.000000
-0.292134	0.000000
-0.406262	0.000000
0.081948	0.000000
0.196028	0.000000
0.166345	0.000000
-0.662576	0.000000
-0.339742	0.000000
-0.924840	0.000000
-0.222731	0.000000
-0.328414	0.000000
-0.584217	0.000000
0.123215	0.000000
0.345838	0.000000
-0.573897	0.000000
0.205584	0.000000
-0.509895	0.000000
-0.057783	0.000000
-0.407449	0.000000
-0.596917	0.000000
-0.078409	0.000000
-0.441455	0.000000
-0.162105	0.000000
-0.384255	0.000000
-0.314619	0.000000
0.613683	0.000000
-0.267398	0.000000
-0.479872	0.000000
-0.668607	0.000000
-0.558815	0.000000
1.232138	0.000000
-0.199856	0.000000
0.179831	0.000000
-0.376788	0.000000
-0.687540	0.000000
-0.292008	0.000000
-0.567341	0.000000
-0.542150	0.000000
0.310974	0.000000
-0.559014	0.000000
-0.650924	0.000000
-0.455690	0.000000
-0.660090	0.000000
0.261586	0.000000
-0.407225	0.000000
0.524923	0.000000
-0.473385	0.000000
0.751239	0.000000
-1.500414	0.000000
-0.143211	0.000000
0.341188	0.000000
-1.068782	0.000000
-0.600024	0.000000
-0.489755	0.000000
0.249375	0.000000
-0.529552	0.000000
-0.607518	0.000000
-0.729325	0.000000
0.623753	0.000000
0.486993	0.000000
-0.431634	0.000000
-0.393924	0.000000
-0.404947	0.000000
-0.435259	0.000000
-0.256724	0.000000
-0.631894	0.000000
-0.807226	0.000000
-0.520231	0.000000
0.254640	0.000000
-0.386966	0.000000
-0.656169	0.000000
-0.819162	0.000000
0.301952	0.000000
0.667703	0.000000
-0.257881	0.000000
-0.165605	0.000000
-0.573057	0.000000
-0.218296	0.000000
0.733195	0.000000
0.779147	0.000000
-0.097525	0.000000
-0.365601	0.000000
-0.505351	0.000000
0.269334	0.000000
0.215764	0.000000
-0.794133	0.000000
-0.263265	0.000000
-0.317312	0.000000
1.535619	0.000000
1.709055	0.000000
0.708596	0.000000
1.996479	0.000000
2.393055	0.000000
1.017339	0.000000
-0.920128	0.000000
0.770880	0.000000
2.231351	0.000000
1.242496	0.000000
1.254424	0.000000
1.401133	0.000000
1.349088	0.000000
1.137665	0.000000
1.860132	0.000000
2.183231	0.000000
2.198787	0.000000
0.707204	0.000000
1.728246	0.000000
1.460178	0.000000
-1.973270	0.000000
1.059032	0.000000
2.483319	0.000000
-0.673561	0.000000
1.654927	0.000000
2.458966	0.000000
1.030047	0.000000
-0.952478	0.000000
1.498857	0.000000
0.980278	0.000000
2.591805	0.000000
2.612218	0.000000
2.261668	0.000000
2.056643	0.000000
2.332357	0.000000
1.777442	0.000000
2.379329	0.000000
0.347019	0.000000
1.679347	0.000000
1.092860	0.000000
0.674408	0.000000
2.497074	0.000000
1.117474	0.000000
1.413394	0.000000
0.904901	0.000000
-1.242433	0.000000
2.119253	0.000000
0.772132	0.000000
1.119970	0.000000
1.475407	0.000000
1.270280	0.000000
-0.697263	0.000000
-0.337415	0.000000
2.231980	0.000000
0.769692	0.000000
1.935928	0.000000
1.096583	0.000000
-2.091784	0.000000
1.935229	0.000000
0.678238	0.000000
-0.109704	0.000000
-0.166417	0.000000
0.876883	0.000000
-0.107600	0.000000
0.154881	0.000000
-0.225396	0.000000
0.864136	0.000000
-0.329554	0.000000
0.334972	0.000000
-0.095948	0.000000
-0.375294	0.000000
-0.648866	0.000000
0.108424	0.000000
0.194420	0.000000
0.084335	0.000000
1.027346	0.000000
0.235207	0.000000
0.665402	0.000000
0.567652	0.000000
-0.356034	0.000000
0.504239	0.000000
-0.850437	0.000000
0.226525	0.000000
-0.483312	0.000000
0.145100	0.000000
0.379620	0.000000
-0.279640	0.000000
-0.463283	0.000000
0.202110	0.000000
0.775549	0.000000
0.487557	0.000000
0.368824	0.000000
0.420633	0.000000
0.141380	0.000000
0.347144	0.000000
-0.553656	0.000000
0.356786	0.000000
0.169313	0.000000
0.239044	0.000000
-0.433679	0.000000
-0.336522	0.000000
-0.411856	0.000000
-0.060652	0.000000
-0.176280	0.000000
-0.344040	0.000000
0.638467	0.000000
0.406376	0.000000
-0.243537	0.000000
1.286352	0.000000
-0.357947	0.000000
-0.334834	0.000000
-1.058423	0.000000
0.128697	0.000000
-0.166249	0.000000
-0.243167	0.000000
0.302872	0.000000
0.093959	0.000000
-0.419200	0.000000
-0.374169	0.000000
-0.340442	0.000000
-0.325269	0.000000
-0.700265	0.000000
1.258437	0.000000
-0.672948	0.000000
-0.363248	0.000000
-0.611573	0.000000
-0.805637	0.000000
0.121716	0.000000
-0.388962	0.000000
-0.309696	0.000000
-0.242782	0.000000
-0.343396	0.000000
-0.593090	0.000000
-1.274041	0.000000
-0.716527	0.000000
-0.606055	0.000000
-0.616008	0.000000
-1.177356	0.000000
-0.282605	0.000000
-0.813377	0.000000
0.875298	0.000000
-0.458189	0.000000
-0.788033	0.000000
-1.019410	0.000000
-0.543231	0.000000
-0.828720	0.000000
-0.532004	0.000000
-0.541372	0.000000
-0.653401	0.000000
-0.959393	0.000000
0.551145	0.000000
-0.576717	0.000000
-0.749236	0.000000
-0.627886	0.000000
-0.384692	0.000000
0.217485	0.000000
0.155511	0.000000
-0.941398	0.000000
-0.674297	0.000000
-0.721620	0.000000
0.110559	0.000000
-0.759155	0.000000
-0.801780	0.000000
-0.793494	0.000000
0.283450	0.000000
0.872538	0.000000
0.888444	0.000000
-0.681722	0.000000
-1.210220	0.000000
-0.443268	0.000000
-0.328159	0.000000
-0.642695	0.000000
-0.255310	0.000000
-0.660517	0.000000
0.235881	0.000000
-0.355466	0.000000
0.644351	0.000000
-1.701302	0.000000
-0.268778	0.000000
-0.615432	0.000000
-0.542475	0.000000
-0.556669	0.000000
0.438402	0.000000
-0.172073	0.000000
0.258818	0.000000
-0.485489	0.000000
0.589454	0.000000
-0.408042	0.000000
-0.303571	0.000000
-0.654233	0.000000
-0.543786	0.000000
-0.151677	0.000000
-0.532946	0.000000
-0.758102	0.000000
-0.455497	0.000000
0.975308	0.000000
-0.313468	0.000000
0.613055	0.000000
0.143009	0.000000
0.587890	0.000000
0.708496	0.000000
-0.244135	0.000000
-0.242687	0.000000
0.270309	0.000000
-0.427787	0.000000
-0.154349	0.000000
-0.637625	0.000000
0.708871	0.000000
-0.412873	0.000000
-0.451595	0.000000
0.693378	0.000000
-0.341686	0.000000
-0.200819	0.000000
-0.552733	0.000000
-0.316864	0.000000
0.138332	0.000000
-0.156172	0.000000
-0.457583	0.000000
-0.356230	0.000000
0.426627	0.000000
-0.546188	0.000000
-0.162086	0.000000
-0.523437	0.000000
-0.615408	0.000000
-0.900437	0.000000
0.194617	0.000000
-0.437854	0.000000
-0.741178	0.000000
0.637294	0.000000
-0.738484	0.000000
-1.039012	0.000000
0.564213	0.000000
-0.105840	0.000000
-0.253359	0.000000
-0.477919	0.000000
0.613265	0.000000
-0.858969	0.000000
0.375464	0.000000
-0.541607	0.000000
-0.709393	0.000000
-0.936817	0.000000
-0.506787	0.000000
0.843121	0.000000
0.316915	0.000000
0.575824	0.000000
-0.769591	0.000000
-1.130788	0.000000
-0.848993	0.000000
0.324471	0.000000
-0.614764	0.000000
-0.381621	0.000000
-0.646738	0.000000
-0.938363	0.000000
-0.549549	0.000000
-0.513050	0.000000
0.307894	0.000000
0.358520	0.000000
0.887264	0.000000
0.842969	0.000000
-0.409972	0.000000
-1.391382	0.000000
-0.361636	0.000000
0.533604	0.000000
-0.467935	0.000000
-0.761802	0.000000
0.634035	0.000000
-0.709259	0.000000
0.245234	0.000000
-0.671850	0.000000
1.132867	0.000000
0.302830	0.000000
0.415507	0.000000
0.140500	0.000000
-0.493139	0.000000
0.739321	0.000000
0.898639	0.000000
0.912103	0.000000
-0.117043	0.000000
-0.634567	0.000000
-1.088358	0.000000
-0.895034	0.000000
-0.268866	0.000000
-0.450409	0.000000
-0.463130	0.000000
-0.965251	0.000000
0.523906	0.000000
0.907171	0.000000
-0.730138	0.000000
-0.298684	0.000000
-0.729385	0.000000
-0.895936	0.000000
-0.401587	0.000000
-0.195540	0.000000
-0.293387	0.000000
-0.737159	0.000000
0.699411	0.000000
-0.890972	0.000000
-0.472256	0.000000
-0.780842	0.000000
-0.461180	0.000000
2.611833	0.000000
1.308680	0.000000
-1.799312	0.000000
0.631748	0.000000
-0.397148	0.000000
3.228611	0.000000
-1.962077	0.000000
3.463723	0.000000
1.009136	0.000000
1.826383	0.000000
3.237501	0.000000
3.019373	0.000000
2.129050	0.000000
2.707588	0.000000
1.174846	0.000000
-0.797616	0.000000
0.398650	0.000000
-1.464555	0.000000
-0.157205	0.000000
0.547181	0.000000
1.038211	0.000000
2.859479	0.000000
0.642694	0.000000
1.132054	0.000000
1.521861	0.000000
-0.370426	0.000000
3.565376	0.000000
0.417284	0.000000
1.447617	0.000000
-0.936783	0.000000
0.725053	0.000000
0.681418	0.000000
0.801267	0.000000
1.392142	0.000000
-0.215347	0.000000
0.295927	0.000000
-0.622685	0.000000
3.413673	0.000000
1.479474	0.000000
2.886347	0.000000
3.705814	0.000000
0.392060	0.000000
2.773666	0.000000
1.287097	0.000000
2.896998	0.000000
-3.627502	0.000000
-0.166826	0.000000
3.588962	0.000000
-1.381439	0.000000
2.626991	0.000000
3.622140	0.000000
-0.453126	0.000000
1.893508	0.000000
0.860907	0.000000
2.463249	0.000000
-0.331442	0.000000
3.875696	0.000000
-0.970989	0.000000
2.867986	0.000000
3.099563	0.000000
0.363409	0.000000
0.345049	0.000000
0.846042	0.000000
-0.390977	0.000000
-0.679204	0.000000
0.521942	0.000000
0.724978	0.000000
-0.798673	0.000000
-0.515885	0.000000
0.479201	0.000000
0.305357	0.000000
-0.905769	0.000000
0.524681	0.000000
-1.001280	0.000000
-0.249569	0.000000
-0.512170	0.000000
-0.175075	0.000000
1.158440	0.000000
-0.218598	0.000000
-0.425078	0.000000
0.664742	0.000000
-1.170030	0.000000
-0.255855	0.000000
0.536982	0.000000
0.309359	0.000000
-0.216860	0.000000
-0.677792	0.000000
0.543238	0.000000
0.301065	0.000000
-0.986569	0.000000
0.781733	0.000000
0.222868	0.000000
-0.546823	0.000000
-0.241042	0.000000
-0.419119	0.000000
-0.464281	0.000000
-0.485607	0.000000
-1.069084	0.000000
-0.249848	0.000000
-1.119772	0.000000
0.461238	0.000000
-0.360749	0.000000
-0.351247	0.000000
-0.394921	0.000000
-0.607353	0.000000
-0.998639	0.000000
-1.412128	0.000000
-0.733888	0.000000
0.509264	0.000000
0.422226	0.000000
0.634604	0.000000
-0.902567	0.000000
-0.335781	0.000000
-0.436595	0.000000
-0.334175	0.000000
-0.664151	0.000000
-1.027811	0.000000
0.922886	0.000000
-0.571221	0.000000
-0.968782	0.000000
-0.226198	0.000000
0.166824	0.000000
-0.692195	0.000000
0.107307	0.000000
-0.094763	0.000000
-0.359172	0.000000
-1.215316	0.000000
0.215128	0.000000
0.154267	0.000000
0.211086	0.000000
0.348480	0.000000
0.271511	0.000000
-0.243873	0.000000
0.429462	0.000000
-0.079937	0.000000
0.109880	0.000000
0.339035	0.000000
0.606887	0.000000
0.440109	0.000000
0.436151	0.000000
-0.622777	0.000000
0.498668	0.000000
0.124083	0.000000
-0.369450	0.000000
-0.119042	0.000000
0.073278	0.000000
-0.415391	0.000000
0.120158	0.000000
-0.178925	0.000000
-0.293425	0.000000
0.728957	0.000000
0.134443	0.000000
0.129413	0.000000
-0.107243	0.000000
0.402970	0.000000
0.584852	0.000000
0.298782	0.000000
-0.462303	0.000000
0.143140	0.000000
-0.416121	0.000000
0.129209	0.000000
0.236562	0.000000
-0.274364	0.000000
0.218075	0.000000
0.301426	0.000000
-0.215791	0.000000
0.415724	0.000000
-0.664854	0.000000
-0.493866	0.000000
-0.236086	0.000000
0.570070	0.000000
0.416949	0.000000
-0.262675	0.000000
0.190233	0.000000
0.269264	0.000000
-0.333027	0.000000
0.393486	0.000000
0.758862	0.000000
0.268640	0.000000
0.386179	0.000000
-0.418042	0.000000
-0.411520	0.000000
-0.876841	0.000000
-0.530445	0.000000
-0.295544	0.000000
-0.496782	0.000000
0.784861	0.000000
-0.316659	0.000000
-0.644032	0.000000
-0.522928	0.000000
-0.443996	0.000000
0.404395	0.000000
-0.392096	0.000000
-0.428984	0.000000
-0.451657	0.000000
-0.568293	0.000000
-0.512899	0.000000
-0.872065	0.000000
-1.272077	0.000000
-0.588726	0.000000
0.569372	0.000000
-0.789723	0.000000
-0.274100	0.000000
-1.149728	0.000000
-0.674765	0.000000
-0.450180	0.000000
-0.535023	0.000000
0.597690	0.000000
-0.721074	0.000000
0.684353	0.000000
0.438048	0.000000
-0.601987	0.000000
-0.784001	0.000000
-0.335900	0.000000
-0.573561	0.000000
-0.364134	0.000000
-0.456964	0.000000
-0.663455	0.000000
-0.735719	0.000000
-0.733058	0.000000
-0.670945	0.000000
-0.386342	0.000000
-0.580339	0.000000
-0.473209	0.000000
-0.407580	0.000000
0.341283	0.000000
-0.689751	0.000000
-0.657808	0.000000
-1.384581	0.000000
-0.544336	0.000000
-0.430919	0.000000
-0.381051	0.000000
-0.347978	0.000000
-0.288360	0.000000
-0.211364	0.000000
-0.775639	0.000000
0.408289	0.000000
-0.645522	0.000000
0.468861	0.000000
-0.314427	0.000000
-0.487660	0.000000
-0.480018	0.000000
0.667153	0.000000
0.176722	0.000000
0.360926	0.000000
-0.553092	0.000000
-0.826394	0.000000
-0.479533	0.000000
0.338298	0.000000
-0.317085	0.000000
-0.255127	0.000000
-0.254963	0.000000
-0.342755	0.000000
-0.666739	0.000000
-0.458011	0.000000
0.540988	0.000000
-0.430063	0.000000
-1.074651	0.000000
0.395573	0.000000
-0.566370	0.000000
-0.803157	0.000000
-0.715209	0.000000
-0.474856	0.000000
0.750053	0.000000
-0.184781	0.000000
-0.342781	0.000000
-0.468626	0.000000
0.431207	0.000000
-0.460634	0.000000
-0.677611	0.000000
0.240326	0.000000
-0.273864	0.000000
-0.331966	0.000000
-0.404682	0.000000
0.114787	0.000000
0.526467	0.000000
0.229129	0.000000
-0.603949	0.000000
-0.355741	0.000000
-0.473669	0.000000
-0.131797	0.000000
-0.357197	0.000000
-0.307379	0.000000
-0.411442	0.000000
-0.507516	0.000000
0.303862	0.000000
0.297560	0.000000
-0.825090	0.000000
0.370706	0.000000
-0.670555	0.000000
-0.842296	0.000000
0.743636	0.000000
-0.244523	0.000000
-0.453025	0.000000
-0.348580	0.000000
0.960768	0.000000
-0.478630	0.000000
0.594219	0.000000
-0.508056	0.000000
-0.508558	0.000000
0.207178	0.000000
0.832733	0.000000
0.871891	0.000000
1.202608	0.000000
1.735806	0.000000
0.331112	0.000000
0.368646	0.000000
0.635288	0.000000
1.158992	0.000000
0.459410	0.000000
-0.105136	0.000000
0.262084	0.000000
0.662616	0.000000
0.525559	0.000000
0.976173	0.000000
0.778896	0.000000
1.402450	0.000000
0.878625	0.000000
1.662533	0.000000
0.225450	0.000000
-0.533157	0.000000
0.234171	0.000000
1.286394	0.000000
0.626089	0.000000
0.917027	0.000000
1.546863	0.000000
0.363794	0.000000
-0.723070	0.000000
0.651074	0.000000
0.677903	0.000000
0.612517	0.000000
1.031919	0.000000
1.280405	0.000000
0.847186	0.000000
1.575865	0.000000
1.791806	0.000000
1.533621	0.000000
0.166708	0.000000
0.886463	0.000000
0.365354	0.000000
0.285852	0.000000
1.439167	0.000000
0.255250	0.000000
0.946956	0.000000
0.477983	0.000000
-0.314889	0.000000
1.800446	0.000000
0.333139	0.000000
0.883350	0.000000
0.221075	0.000000
-0.566904	0.000000
1.066479	0.000000
-0.101209	0.000000
1.130164	0.000000
0.668508	0.000000
1.434743	0.000000
-0.403080	0.000000
-0.652024	0.000000
0.395627	0.000000
0.583344	0.000000
2.430682	0.000000
2.349973	0.000000
-0.929143	0.000000
1.540307	0.000000
1.573315	0.000000
2.321157	0.000000
-1.388576	0.000000
1.639620	0.000000
2.079653	0.000000
2.191217	0.000000
2.848123	0.000000
1.894106	0.000000
2.067743	0.000000
1.884511	0.000000
2.033438	0.000000
0.552853	0.000000
1.876415	0.000000
-0.764373	0.000000
1.373144	0.000000
-1.029546	0.000000
-1.133614	0.000000
1.878612	0.000000
1.973885	0.000000
0.886439	0.000000
1.842143	0.000000
1.920952	0.000000
2.142185	0.000000
0.335043	0.000000
2.064177	0.000000
-0.522082	0.000000
0.823196	0.000000
2.044038	0.000000
2.103557	0.000000
2.313133	0.000000
1.926798	0.000000
1.353531	0.000000
1.650888	0.000000
1.500722	0.000000
2.399258	0.000000
1.833107	0.000000
1.426635	0.000000
1.890319	0.000000
2.722415	0.000000
2.113224	0.000000
2.205675	0.000000
-0.995476	0.000000
1.716436	0.000000
1.867380	0.000000
1.291180	0.000000
2.581517	0.000000
1.952225	0.000000
-2.219127	0.000000
1.205276	0.000000
1.928795	0.000000
1.728535	0.000000
1.657265	0.000000
1.208865	0.000000
0.350364	0.000000
2.279696	0.000000
1.338922	0.000000
0.518938	0.000000
-0.364647	0.000000
0.897275	0.000000
2.257955	0.000000
1.810093	0.000000
0.540959	0.000000
-1.136071	0.000000
0.639530	0.000000
0.397766	0.000000
-0.624600	0.000000
0.302245	0.000000
0.289140	0.000000
0.467380	0.000000
1.045445	0.000000
-0.147593	0.000000
1.001683	0.000000
1.132184	0.000000
1.120882	0.000000
0.755740	0.000000
-0.778628	0.000000
-1.305106	0.000000
1.012390	0.000000
0.577008	0.000000
-0.672100	0.000000
-0.296881	0.000000
1.677260	0.000000
0.624114	0.000000
0.648818	0.000000
-0.310797	0.000000
-1.831732	0.000000
1.808226	0.000000
0.426468	0.000000
1.283124	0.000000
0.285290	0.000000
1.032440	0.000000
1.265586	0.000000
1.525998	0.000000
0.368557	0.000000
-0.355217	0.000000
0.667004	0.000000
1.022080	0.000000
1.148424	0.000000
0.669650	0.000000
-0.456949	0.000000
0.931955	0.000000
-0.940254	0.000000
1.267302	0.000000
0.560365	0.000000
1.525108	0.000000
0.523769	0.000000
1.066641	0.000000
-2.502401	0.000000
-0.298162	0.000000
0.791970	0.000000
1.320023	0.000000
1.950584	0.000000
0.862033	0.000000
-1.146296	0.000000
0.997891	0.000000
0.851226	0.000000
-0.251647	0.000000
-0.457569	0.000000
0.359229	0.000000
-0.220616	0.000000
0.107630	0.000000
-0.412419	0.000000
0.730433	0.000000
-0.273369	0.000000
-0.646604	0.000000
-0.252159	0.000000
-0.413788	0.000000
-0.373187	0.000000
-0.127577	0.000000
-0.380647	0.000000
-0.352098	0.000000
0.562105	0.000000
-0.190107	0.000000
-0.477748	0.000000
-0.207163	0.000000
0.362571	0.000000
0.787054	0.000000
-0.932764	0.000000
-0.256594	0.000000
-0.602480	0.000000
-0.300746	0.000000
-0.507572	0.000000
-0.476446	0.000000
0.424029	0.000000
-0.235781	0.000000
-0.911412	0.000000
-0.398746	0.000000
-0.673866	0.000000
-0.413233	0.000000
-0.326346	0.000000
-0.554851	0.000000
-0.680148	0.000000
-0.292129	0.000000
-0.589007	0.000000
-0.276082	0.000000
-0.204406	0.000000
-0.544280	0.000000
-0.285291	0.000000
-0.440644	0.000000
-0.320453	0.000000
-0.776166	0.000000
-0.710816	0.000000
-0.695043	0.000000
-0.295657	0.000000
0.470237	0.000000
-0.179080	0.000000
-0.823924	0.000000
-0.708023	0.000000
0.228830	0.000000
-0.863556	0.000000
-0.394159	0.000000
-0.498413	0.000000
-0.132759	0.000000
-0.451307	0.000000
-0.584068	0.000000
-0.817799	0.000000
1.645033	0.000000
1.499374	0.000000
1.942185	0.000000
3.771609	0.000000
4.794954	0.000000
2.064531	0.000000
-1.036835	0.000000
1.810447	0.000000
1.859741	0.000000
2.062975	0.000000
-0.186234	0.000000
0.559971	0.000000
1.742438	0.000000
-0.622370	0.000000
2.106974	0.000000
4.689084	0.000000
2.280864	0.000000
-3.543788	0.000000
3.983193	0.000000
-2.479169	0.000000
1.977038	0.000000
1.175233	0.000000
2.055737	0.000000
-3.486314	0.000000
1.875609	0.000000
2.070179	0.000000
1.884179	0.000000
0.909880	0.000000
1.919466	0.000000
-1.897382	0.000000
4.102333	0.000000
1.881097	0.000000
3.062065	0.000000
1.519639	0.000000
2.664684	0.000000
3.920146	0.000000
3.619880	0.000000
-0.560771	0.000000
1.794215	0.000000
0.831537	0.000000
1.993970	0.000000
2.411785	0.000000
1.026883	0.000000
2.259062	0.000000
1.393541	0.000000
-2.620344	0.000000
3.202970	0.000000
1.747751	0.000000
5.203299	0.000000
1.714940	0.000000
1.260655	0.000000
3.146849	0.000000
-0.157070	0.000000
2.222295	0.000000
-1.634869	0.000000
4.442211	0.000000
-0.781546	0.000000
1.745014	0.000000
1.578005	0.000000
1.564615	0.000000
-0.256266	0.000000
-0.351922	0.000000
-0.328717	0.000000
-0.581702	0.000000
-0.765889	0.000000
-0.266402	0.000000
0.824361	0.000000
-0.287780	0.000000
-0.326314	0.000000
-0.536776	0.000000
-0.704182	0.000000
-0.210577	0.000000
-0.505958	0.000000
-0.127530	0.000000
-0.422491	0.000000
-0.562212	0.000000
-0.482087	0.000000
-0.455757	0.000000
-0.679122	0.000000
0.672917	0.000000
-0.141574	0.000000
-0.653965	0.000000
-0.438969	0.000000
-0.629353	0.000000
-0.381480	0.000000
-0.470402	0.000000
-0.314577	0.000000
-0.478974	0.000000
-0.441670	0.000000
0.408933	0.000000
-0.550208	0.000000
-0.521787	0.000000
-0.631005	0.000000
-0.429775	0.000000
-0.554289	0.000000
-1.716031	0.000000
-0.506562	0.000000
-0.700942	0.000000
-0.333755	0.000000
-0.398962	0.000000
-0.829799	0.000000
-0.399353	0.000000
-0.565566	0.000000
-0.343257	0.000000
-0.255079	0.000000
0.410827	0.000000
-0.685330	0.000000
-0.584823	0.000000
-0.600727	0.000000
-0.339904	0.000000
-0.393340	0.000000
-0.407651	0.000000
0.204882	0.000000
-0.299672	0.000000
-0.442343	0.000000
-1.724435	0.000000
-0.465041	0.000000
0.613404	0.000000
-0.558494	0.000000
-0.746135	0.000000
2.085964	0.000000
2.850507	0.000000
-2.177368	0.000000
2.514551	0.000000
1.895507	0.000000
1.059773	0.000000
-0.749822	0.000000
-0.412883	0.000000
2.314789	0.000000
2.719992	0.000000
0.584742	0.000000
-2.394812	0.000000
2.618750	0.000000
-1.288858	0.000000
2.947646	0.000000
0.780768	0.000000
3.077069	0.000000
-1.052444	0.000000
1.974177	0.000000
1.696247	0.000000
0.973840	0.000000
-1.835227	0.000000
2.970723	0.000000
-0.825750	0.000000
2.941884	0.000000
2.315854	0.000000
-0.872543	0.000000
-1.377497	0.000000
2.896133	0.000000
-1.410925	0.000000
0.667941	0.000000
2.549643	0.000000
2.686077	0.000000
2.757056	0.000000
2.265324	0.000000
2.230439	0.000000
1.900268	0.000000
-1.435114	0.000000
2.669197	0.000000
0.530412	0.000000
0.795918	0.000000
3.032299	0.000000
2.128093	0.000000
3.174194	0.000000
-1.141563	0.000000
0.872000	0.000000
2.606071	0.000000
-0.628643	0.000000
0.833113	0.000000
1.616108	0.000000
-0.928587	0.000000
1.289002	0.000000
0.166649	0.000000
3.486234	0.000000
2.412670	0.000000
2.424777	0.000000
-1.901037	0.000000
-3.274244	0.000000
0.985607	0.000000
-1.198015	0.000000
0.784167	0.000000
1.188306	0.000000
0.822557	0.000000
0.365144	0.000000
0.255500	0.000000
-0.265657	0.000000
0.599653	0.000000
-0.883118	0.000000
1.565083	0.000000
0.961045	0.000000
0.682052	0.000000
-0.735007	0.000000
0.807618	0.000000
-0.719296	0.000000
1.225243	0.000000
0.811582	0.000000
1.029554	0.000000
0.663891	0.000000
-0.721418	0.000000
-1.285372	0.000000
-1.184234	0.000000
0.369170	0.000000
1.074672	0.000000
-1.727183	0.000000
1.010255	0.000000
0.800478	0.000000
-0.962199	0.000000
-1.865149	0.000000
1.141821	0.000000
-1.034897	0.000000
1.242679	0.000000
1.343107	0.000000
0.719652	0.000000
1.245579	0.000000
0.821653	0.000000
-0.213711	0.000000
0.321940	0.000000
-0.880464	0.000000
1.234860	0.000000
-0.545568	0.000000
0.192368	0.000000
0.878333	0.000000
0.778274	0.000000
0.975548	0.000000
-0.386721	0.000000
0.735049	0.000000
0.662129	0.000000
-0.925657	0.000000
-0.163372	0.000000
0.355724	0.000000
-0.977350	0.000000
-1.108564	0.000000
0.404888	0.000000
1.201584	0.000000
0.772728	0.000000
0.373467	0.000000
-0.580075	0.000000
-1.859475	0.000000
0.364302	0.000000
-0.635508	0.000000
-0.090960	0.000000
-0.100072	0.000000
0.388823	0.000000
0.590479	0.000000
0.837455	0.000000
0.139761	0.000000
-0.647838	0.000000
-0.199100	0.000000
-0.206769	0.000000
0.158513	0.000000
-0.463499	0.000000
-0.704067	0.000000
-0.206714	0.000000
-0.696567	0.000000
0.064103	0.000000
-0.293374	0.000000
0.243327	0.000000
0.375700	0.000000
0.643073	0.000000
0.690325	0.000000
-0.341356	0.000000
-0.804449	0.000000
0.113674	0.000000
0.195204	0.000000
-0.129761	0.000000
0.426470	0.000000
-0.427347	0.000000
-0.426265	0.000000
-0.269676	0.000000
-0.893021	0.000000
0.363977	0.000000
0.263649	0.000000
0.157330	0.000000
-0.434667	0.000000
0.230331	0.000000
0.818050	0.000000
0.576482	0.000000
-0.542905	0.000000
-0.284858	0.000000
-0.429756	0.000000
-0.280085	0.000000
0.263359	0.000000
-0.184129	0.000000
-0.299986	0.000000
-0.223090	0.000000
-0.605607	0.000000
-0.273297	0.000000
-0.400968	0.000000
-0.267632	0.000000
0.264539	0.000000
-0.826726	0.000000
0.462992	0.000000
0.232936	0.000000
0.255167	0.000000
-0.167456	0.000000
0.234182	0.000000
-0.144623	0.000000
-0.210766	0.000000
-0.401675	0.000000
-0.588332	0.000000
-0.119146	0.000000
0.443519	0.000000
-0.581823	0.000000
0.794155	0.000000
0.992690	0.000000
-0.225246	0.000000
-0.677069	0.000000
0.205832	0.000000
0.634778	0.000000
0.206710	0.000000
-0.163818	0.000000
0.184757	0.000000
0.244378	0.000000
0.272679	0.000000
0.404023	0.000000
0.355524	0.000000
0.497464	0.000000
-0.746601	0.000000
0.752970	0.000000
-0.936312	0.000000
-0.447482	0.000000
0.603818	0.000000
0.533867	0.000000
-0.814655	0.000000
0.097128	0.000000
0.590553	0.000000
-0.256880	0.000000
-0.406527	0.000000
0.205009	0.000000
-0.482257	0.000000
0.924473	0.000000
0.501927	0.000000
0.537341	0.000000
0.221319	0.000000
0.670039	0.000000
1.422630	0.000000
0.885931	0.000000
0.362709	0.000000
0.223953	0.000000
0.183162	0.000000
-0.243593	0.000000
0.465122	0.000000
-0.271835	0.000000
0.324238	0.000000
-0.245245	0.000000
0.436266	0.000000
0.642885	0.000000
0.133718	0.000000
0.427406	0.000000
0.149913	0.000000
0.589782	0.000000
-0.440873	0.000000
-0.234098	0.000000
0.375707	0.000000
0.180026	0.000000
1.320337	0.000000
0.274938	0.000000
-0.658454	0.000000
0.244106	0.000000
0.427961	0.000000
