-5.889889	0.000000
0.218301	0.000000
0.656611	0.000000
0.282152	0.000000
2.332797	0.000000
-0.702530	0.000000
-0.252094	0.000000
-0.386933	0.000000
-0.273823	0.000000
-0.838084	0.000000
0.458843	0.000000
1.169550	0.000000
0.482017	0.000000
-0.226783	0.000000
0.190848	0.000000
1.358523	0.000000
-0.334318	0.000000
0.659257	0.000000
0.026707	0.000000
0.091120	0.000000
-0.347129	0.000000
1.376845	0.000000
0.091976	0.000000
0.909093	0.000000
1.180582	0.000000
0.342150	0.000000
-0.585300	0.000000
1.286158	0.000000
1.450983	0.000000
1.314237	0.000000
2.529947	0.000000
1.228371	0.000000
0.275264	0.000000
-0.350242	0.000000
-0.142516	0.000000
0.756971	0.000000
0.211378	0.000000
0.565506	0.000000
0.144032	0.000000
-0.909969	0.000000
1.807431	0.000000
-1.266681	0.000000
1.487027	0.000000
0.358698	0.000000
1.946440	0.000000
1.942879	0.000000
-1.447564	0.000000
1.636496	0.000000
0.300191	0.000000
0.171724	0.000000
-0.064601	0.000000
-0.236170	0.000000
0.409388	0.000000
-0.470551	0.000000
1.068740	0.000000
-0.796481	0.000000
1.152169	0.000000
0.996707	0.000000
-0.578155	0.000000
-0.198338	0.000000
-0.165400	0.000000
-3.882641	0.000000
-0.808875	0.000000
-0.937836	0.000000
-0.462332	0.000000
-0.394273	0.000000
-0.403407	0.000000
-0.212506	0.000000
0.535509	0.000000
-0.753207	0.000000
-2.113193	0.000000
-1.169227	0.000000
-0.431648	0.000000
-1.397111	0.000000
1.163559	0.000000
0.653303	0.000000
-0.538661	0.000000
-1.071074	0.000000
-0.718369	0.000000
-1.084014	0.000000
0.215691	0.000000
-0.195413	0.000000
0.422786	0.000000
0.231211	0.000000
-1.481725	0.000000
-0.452373	0.000000
-1.439253	0.000000
-0.458401	0.000000
0.359619	0.000000
-0.822779	0.000000
-0.473670	0.000000
1.513339	0.000000
-0.275180	0.000000
-1.253187	0.000000
0.307063	0.000000
-0.433312	0.000000
-0.257215	0.000000
0.585667	0.000000
-0.156933	0.000000
-1.056177	0.000000
-0.574280	0.000000
0.207605	0.000000
-0.477480	0.000000
-0.367085	0.000000
0.061091	0.000000
0.046277	0.000000
-0.910693	0.000000
-0.525991	0.000000
-1.509834	0.000000
-0.122614	0.000000
-0.017578	0.000000
-2.115918	0.000000
-1.011960	0.000000
-0.821428	0.000000
-0.257805	0.000000
0.392754	0.000000
0.718598	0.000000
0.498486	0.000000
-0.289025	0.000000
0.016157	0.000000
0.300972	0.000000
-0.119820	0.000000
-2.028234	0.000000
1.121323	0.000000
0.651645	0.000000
0.074011	0.000000
0.020201	0.000000
-0.261541	0.000000
0.170399	0.000000
0.819405	0.000000
0.695264	0.000000
0.604488	0.000000
-0.752956	0.000000
0.707811	0.000000
0.209830	0.000000
0.823020	0.000000
-0.377651	0.000000
0.851514	0.000000
-0.470116	0.000000
1.348916	0.000000
0.467191	0.000000
0.684084	0.000000
1.378315	0.000000
-0.176303	0.000000
0.915644	0.000000
-0.650955	0.000000
1.036355	0.000000
0.267414	0.000000
1.277852	0.000000
0.106252	0.000000
0.035828	0.000000
0.151338	0.000000
2.040042	0.000000
1.144339	0.000000
0.043859	0.000000
0.837892	0.000000
0.059733	0.000000
0.494875	0.000000
0.693511	0.000000
0.775428	0.000000
0.028171	0.000000
-0.414813	0.000000
0.054382	0.000000
0.538061	0.000000
-0.282408	0.000000
-0.354624	0.000000
2.387226	0.000000
1.117066	0.000000
2.044498	0.000000
-0.662115	0.000000
-0.469832	0.000000
0.010445	0.000000
-0.648101	0.000000
-0.741725	0.000000
-0.382508	0.000000
-0.673045	0.000000
0.068601	0.000000
-0.711836	0.000000
1.120377	0.000000
0.466430	0.000000
-0.752205	0.000000
-0.305231	0.000000
2.122382	0.000000
-5.345453	0.000000
1.408063	0.000000
-1.860991	0.000000
-0.110803	0.000000
-0.158017	0.000000
-0.133859	0.000000
0.998324	0.000000
-0.611536	0.000000
0.065780	0.000000
-1.385709	0.000000
-1.496981	0.000000
1.678708	0.000000
-0.979657	0.000000
0.142476	0.000000
0.439489	0.000000
-0.115257	0.000000
-1.580531	0.000000
0.047968	0.000000
-0.541745	0.000000
0.643282	0.000000
-0.430964	0.000000
0.024243	0.000000
2.350295	0.000000
-0.633208	0.000000
0.275955	0.000000
0.399441	0.000000
0.106356	0.000000
1.162234	0.000000
0.391742	0.000000
0.356186	0.000000
-0.708312	0.000000
1.304844	0.000000
0.595237	0.000000
-0.151618	0.000000
-0.333126	0.000000
0.484153	0.000000
-0.932611	0.000000
0.448484	0.000000
0.829974	0.000000
-0.206102	0.000000
0.606413	0.000000
0.938904	0.000000
0.226209	0.000000
-1.639278	0.000000
-0.350580	0.000000
-1.275336	0.000000
1.831428	0.000000
-0.023424	0.000000
-2.485622	0.000000
-0.204517	0.000000
-0.502425	0.000000
-0.370030	0.000000
-0.358903	0.000000
0.752949	0.000000
0.803434	0.000000
-0.007197	0.000000
0.091141	0.000000
0.940338	0.000000
0.305551	0.000000
0.269778	0.000000
-0.260878	0.000000
-3.551397	0.000000
-1.355768	0.000000
1.210653	0.000000
-0.092631	0.000000
1.156271	0.000000
-1.450062	0.000000
-0.514203	0.000000
-1.064144	0.000000
-0.321167	0.000000
-1.950526	0.000000
-0.877381	0.000000
0.418038	0.000000
-0.309584	0.000000
-0.356857	0.000000
0.337083	0.000000
-0.322727	0.000000
-0.047765	0.000000
-1.287938	0.000000
-0.137751	0.000000
0.043111	0.000000
0.096514	0.000000
0.573768	0.000000
-0.460456	0.000000
-0.233418	0.000000
-1.464147	0.000000
-0.517680	0.000000
-0.965405	0.000000
-0.480576	0.000000
-1.335572	0.000000
0.054503	0.000000
0.575642	0.000000
-1.178697	0.000000
0.482482	0.000000
0.454447	0.000000
-0.084941	0.000000
0.854008	0.000000
-1.022634	0.000000
-0.109018	0.000000
-0.032469	0.000000
-0.537829	0.000000
-0.893015	0.000000
-1.033086	0.000000
-0.901029	0.000000
-0.188270	0.000000
-0.262583	0.000000
-0.081703	0.000000
-0.552139	0.000000
-0.277190	0.000000
1.069020	0.000000
0.295151	0.000000
-0.365883	0.000000
1.324127	0.000000
-0.866723	0.000000
-0.579537	0.000000
0.679523	0.000000
-0.391291	0.000000
-0.270744	0.000000
0.774491	0.000000
0.082216	0.000000
0.486679	0.000000
-0.241567	0.000000
-3.660724	0.000000
-0.443822	0.000000
0.414205	0.000000
-0.036422	0.000000
1.026565	0.000000
0.542304	0.000000
-0.091799	0.000000
0.452005	0.000000
-0.562458	0.000000
0.028759	0.000000
-0.796820	0.000000
0.600679	0.000000
-0.631660	0.000000
0.558939	0.000000
-0.984715	0.000000
-0.179472	0.000000
-0.070921	0.000000
0.615680	0.000000
-0.097936	0.000000
1.409490	0.000000
0.684201	0.000000
0.815587	0.000000
-0.509276	0.000000
-0.971489	0.000000
0.119575	0.000000
-1.054745	0.000000
-1.477560	0.000000
-0.696041	0.000000
0.186835	0.000000
0.877159	0.000000
-0.340901	0.000000
-0.123999	0.000000
-0.070535	0.000000
0.327209	0.000000
-0.449437	0.000000
0.378285	0.000000
-0.054552	0.000000
-0.271243	0.000000
0.426982	0.000000
-0.664010	0.000000
-0.010198	0.000000
0.747811	0.000000
-0.233712	0.000000
-0.890876	0.000000
0.695046	0.000000
-0.041019	0.000000
-0.873087	0.000000
-0.955070	0.000000
-0.558310	0.000000
0.548933	0.000000
0.572304	0.000000
0.319524	0.000000
-0.122021	0.000000
0.773475	0.000000
0.696968	0.000000
-0.105293	0.000000
-0.174435	0.000000
0.363606	0.000000
0.155245	0.000000
0.578028	0.000000
-0.332780	0.000000
-2.985939	0.000000
0.130818	0.000000
-0.273802	0.000000
-0.320092	0.000000
-0.305697	0.000000
-0.696188	0.000000
0.441904	0.000000
0.444620	0.000000
-0.839190	0.000000
0.653202	0.000000
0.662620	0.000000
0.055164	0.000000
0.780594	0.000000
-0.024742	0.000000
-0.227550	0.000000
0.435377	0.000000
-0.652297	0.000000
-0.430961	0.000000
-0.638276	0.000000
-0.077076	0.000000
0.710074	0.000000
0.084962	0.000000
0.372907	0.000000
0.743389	0.000000
-0.536346	0.000000
0.151451	0.000000
-0.364175	0.000000
-0.155577	0.000000
0.164515	0.000000
-0.803150	0.000000
0.045956	0.000000
-0.464369	0.000000
0.418813	0.000000
-0.426796	0.000000
0.350390	0.000000
1.135762	0.000000
0.293091	0.000000
-0.204813	0.000000
0.022989	0.000000
0.149125	0.000000
0.019231	0.000000
-0.201297	0.000000
-0.459504	0.000000
0.277984	0.000000
0.252584	0.000000
0.400722	0.000000
-0.079449	0.000000
0.430728	0.000000
1.210089	0.000000
0.763051	0.000000
0.547668	0.000000
0.152708	0.000000
-0.115550	0.000000
0.589738	0.000000
0.692070	0.000000
-1.439599	0.000000
-0.468913	0.000000
0.691184	0.000000
0.031634	0.000000
0.468512	0.000000
0.363266	0.000000
-5.793203	0.000000
-0.103367	0.000000
-0.922759	0.000000
0.306034	0.000000
-0.341529	0.000000
1.265296	0.000000
0.934658	0.000000
-0.228760	0.000000
1.841983	0.000000
-0.377649	0.000000
0.480705	0.000000
1.153237	0.000000
1.059322	0.000000
2.203687	0.000000
-0.319771	0.000000
1.819467	0.000000
1.841598	0.000000
0.361403	0.000000
0.794620	0.000000
0.259110	0.000000
0.564581	0.000000
0.732289	0.000000
-0.146014	0.000000
0.286165	0.000000
-1.317241	0.000000
0.761049	0.000000
1.268827	0.000000
0.674374	0.000000
0.433431	0.000000
1.341596	0.000000
2.181236	0.000000
0.582385	0.000000
2.168642	0.000000
-1.050522	0.000000
-0.829791	0.000000
2.496374	0.000000
1.041906	0.000000
-0.725047	0.000000
0.909769	0.000000
-1.025664	0.000000
1.714523	0.000000
-0.187409	0.000000
0.784952	0.000000
0.757802	0.000000
-0.975716	0.000000
-0.352449	0.000000
-0.135569	0.000000
-0.532243	0.000000
0.763085	0.000000
-2.121418	0.000000
-0.294806	0.000000
-0.310789	0.000000
0.171629	0.000000
-1.173449	0.000000
1.188860	0.000000
1.207762	0.000000
0.049378	0.000000
2.332870	0.000000
2.083211	0.000000
0.857603	0.000000
-0.702949	0.000000
-5.628773	0.000000
0.517950	0.000000
1.292950	0.000000
3.285018	0.000000
0.843637	0.000000
1.215829	0.000000
-0.066668	0.000000
-0.274169	0.000000
1.510884	0.000000
1.098815	0.000000
0.381511	0.000000
-0.587435	0.000000
-1.592795	0.000000
1.154821	0.000000
-1.010644	0.000000
0.481955	0.000000
0.108546	0.000000
1.070387	0.000000
0.086498	0.000000
1.332813	0.000000
-0.239523	0.000000
0.942474	0.000000
0.500706	0.000000
-0.186849	0.000000
0.056668	0.000000
-0.739473	0.000000
-0.553702	0.000000
1.727684	0.000000
-0.027562	0.000000
1.030092	0.000000
0.405685	0.000000
0.415751	0.000000
0.630618	0.000000
1.070289	0.000000
1.465242	0.000000
1.400414	0.000000
0.832023	0.000000
2.230712	0.000000
-0.747719	0.000000
0.259861	0.000000
0.112563	0.000000
0.637814	0.000000
0.422991	0.000000
0.318471	0.000000
-0.193226	0.000000
-0.598109	0.000000
0.311901	0.000000
-0.560990	0.000000
-1.300220	0.000000
1.759389	0.000000
-1.170833	0.000000
0.739835	0.000000
-0.248122	0.000000
0.839935	0.000000
0.515907	0.000000
1.036779	0.000000
0.168251	0.000000
1.355842	0.000000
-0.625363	0.000000
0.452366	0.000000
0.340832	0.000000
-3.182790	0.000000
1.334661	0.000000
0.525724	0.000000
0.431790	0.000000
0.680537	0.000000
-0.238395	0.000000
-0.300386	0.000000
-0.563406	0.000000
1.373347	0.000000
-0.177396	0.000000
0.033201	0.000000
0.395329	0.000000
0.701860	0.000000
-0.845266	0.000000
-0.144962	0.000000
-1.048054	0.000000
-0.021893	0.000000
1.458561	0.000000
0.500883	0.000000
1.770377	0.000000
-0.769694	0.000000
1.340984	0.000000
1.993864	0.000000
0.744850	0.000000
0.739517	0.000000
-0.010897	0.000000
0.219632	0.000000
-0.146979	0.000000
0.242391	0.000000
0.372963	0.000000
0.191076	0.000000
-0.378032	0.000000
-0.305729	0.000000
0.911806	0.000000
-0.836776	0.000000
0.328271	0.000000
0.400925	0.000000
0.163026	0.000000
0.688452	0.000000
0.956709	0.000000
-1.299949	0.000000
0.058770	0.000000
1.920880	0.000000
1.194140	0.000000
0.486645	0.000000
0.553073	0.000000
0.336781	0.000000
-0.068243	0.000000
0.203413	0.000000
-0.476955	0.000000
0.294913	0.000000
-0.661954	0.000000
-0.763395	0.000000
0.398817	0.000000
-0.479442	0.000000
0.704113	0.000000
0.702659	0.000000
0.343121	0.000000
-0.337845	0.000000
0.638947	0.000000
0.037741	0.000000
-2.947349	0.000000
0.512526	0.000000
0.381589	0.000000
0.235899	0.000000
0.286203	0.000000
1.188819	0.000000
-0.662470	0.000000
-0.123497	0.000000
0.727473	0.000000
0.455284	0.000000
1.125899	0.000000
0.364222	0.000000
0.551436	0.000000
0.521158	0.000000
0.301265	0.000000
-0.220662	0.000000
-0.086219	0.000000
-0.140036	0.000000
0.625798	0.000000
1.101936	0.000000
0.777830	0.000000
1.032542	0.000000
-0.655672	0.000000
-0.101129	0.000000
0.054838	0.000000
0.098263	0.000000
0.408933	0.000000
0.747221	0.000000
0.333717	0.000000
0.314678	0.000000
0.252306	0.000000
0.851783	0.000000
0.477674	0.000000
-0.555028	0.000000
0.755714	0.000000
0.627118	0.000000
-0.872277	0.000000
0.266270	0.000000
-0.234359	0.000000
0.294441	0.000000
-0.317180	0.000000
0.277404	0.000000
0.523286	0.000000
0.143665	0.000000
0.066576	0.000000
0.662114	0.000000
0.752939	0.000000
0.284793	0.000000
-0.043260	0.000000
0.375353	0.000000
-0.120316	0.000000
-0.610593	0.000000
-0.926181	0.000000
0.655870	0.000000
-0.136492	0.000000
-0.492910	0.000000
-0.211774	0.000000
-0.850133	0.000000
0.286079	0.000000
0.000159	0.000000
0.625717	0.000000
-2.667299	0.000000
0.291320	0.000000
1.596965	0.000000
0.219439	0.000000
1.763528	0.000000
-0.241460	0.000000
-0.054792	0.000000
1.224126	0.000000
0.728362	0.000000
0.024046	0.000000
0.568563	0.000000
0.863857	0.000000
0.748441	0.000000
0.313331	0.000000
-0.772243	0.000000
0.815671	0.000000
0.157110	0.000000
0.825333	0.000000
0.066583	0.000000
-1.153059	0.000000
-0.765463	0.000000
0.137668	0.000000
0.225794	0.000000
0.422154	0.000000
-0.300391	0.000000
0.574355	0.000000
0.666486	0.000000
-0.170027	0.000000
0.056327	0.000000
-0.882509	0.000000
-0.403949	0.000000
-0.282030	0.000000
0.333081	0.000000
-0.808953	0.000000
-0.159297	0.000000
0.096012	0.000000
0.350710	0.000000
-0.328119	0.000000
0.229004	0.000000
1.063238	0.000000
-0.390241	0.000000
-0.568550	0.000000
-0.669948	0.000000
0.415875	0.000000
0.684454	0.000000
0.285309	0.000000
-0.447360	0.000000
0.260273	0.000000
-0.316230	0.000000
-0.030021	0.000000
-0.981559	0.000000
-0.691703	0.000000
0.190516	0.000000
-0.083902	0.000000
-0.320417	0.000000
0.716287	0.000000
-0.032645	0.000000
0.091352	0.000000
-0.922788	0.000000
-0.111022	0.000000
-0.302206	0.000000
-5.161351	0.000000
-0.136018	0.000000
-0.591243	0.000000
-0.261253	0.000000
-0.074258	0.000000
0.824055	0.000000
-0.603100	0.000000
-0.612372	0.000000
-0.934048	0.000000
-1.199056	0.000000
-1.102535	0.000000
0.270367	0.000000
-0.337139	0.000000
-0.187473	0.000000
-0.383733	0.000000
0.263213	0.000000
-0.172883	0.000000
-1.499758	0.000000
0.223499	0.000000
-0.881209	0.000000
1.100969	0.000000
0.724022	0.000000
-0.126005	0.000000
0.664538	0.000000
-0.877501	0.000000
-0.222039	0.000000
0.680497	0.000000
0.921455	0.000000
-1.639034	0.000000
0.939239	0.000000
1.237446	0.000000
0.751439	0.000000
-0.137305	0.000000
-0.051323	0.000000
0.402698	0.000000
0.090925	0.000000
0.253232	0.000000
-0.972832	0.000000
0.276108	0.000000
-0.174604	0.000000
-0.079495	0.000000
0.000059	0.000000
-0.652817	0.000000
-1.424872	0.000000
-1.026339	0.000000
0.701799	0.000000
0.043425	0.000000
0.058986	0.000000
-0.398654	0.000000
-0.163410	0.000000
0.234617	0.000000
-0.105695	0.000000
-0.031522	0.000000
-0.283456	0.000000
0.776929	0.000000
-0.201629	0.000000
-0.139955	0.000000
-0.546068	0.000000
0.431091	0.000000
0.709747	0.000000
-0.200747	0.000000
-3.293394	0.000000
-0.495789	0.000000
-0.065247	0.000000
0.489209	0.000000
0.109997	0.000000
-1.250694	0.000000
0.033109	0.000000
0.143719	0.000000
0.382059	0.000000
0.000068	0.000000
-0.603365	0.000000
0.084404	0.000000
1.224872	0.000000
-1.218565	0.000000
0.483948	0.000000
-0.891821	0.000000
-0.928972	0.000000
0.116248	0.000000
0.819001	0.000000
0.348160	0.000000
0.233627	0.000000
0.252209	0.000000
0.323584	0.000000
-0.298605	0.000000
0.525171	0.000000
-0.366355	0.000000
0.842921	0.000000
1.218923	0.000000
0.305853	0.000000
1.421810	0.000000
0.538055	0.000000
0.190846	0.000000
0.221079	0.000000
0.642342	0.000000
1.175479	0.000000
1.875653	0.000000
0.122760	0.000000
-1.186481	0.000000
-0.246460	0.000000
1.899239	0.000000
0.263215	0.000000
0.740230	0.000000
0.516159	0.000000
-0.205271	0.000000
-1.138963	0.000000
0.758979	0.000000
-0.444883	0.000000
-0.097782	0.000000
1.221530	0.000000
0.328298	0.000000
0.846343	0.000000
-0.273159	0.000000
-0.073809	0.000000
-1.260885	0.000000
0.158061	0.000000
0.066970	0.000000
0.461532	0.000000
0.361528	0.000000
-0.433437	0.000000
-0.100260	0.000000
1.052488	0.000000
-2.594124	0.000000
-1.071061	0.000000
0.532550	0.000000
0.563100	0.000000
1.029007	0.000000
0.380760	0.000000
-0.598765	0.000000
0.444151	0.000000
-0.459292	0.000000
-0.219393	0.000000
-0.722707	0.000000
-0.606721	0.000000
0.412656	0.000000
-0.670611	0.000000
0.465917	0.000000
0.584260	0.000000
0.429155	0.000000
-1.014718	0.000000
0.234816	0.000000
0.264667	0.000000
-0.104149	0.000000
0.381365	0.000000
-0.298575	0.000000
-1.352962	0.000000
0.399188	0.000000
0.539447	0.000000
0.686624	0.000000
0.797335	0.000000
0.358210	0.000000
0.076888	0.000000
0.442759	0.000000
0.087441	0.000000
-0.450447	0.000000
0.448113	0.000000
-0.075023	0.000000
0.016430	0.000000
-0.135084	0.000000
0.400641	0.000000
0.352694	0.000000
0.175534	0.000000
1.517836	0.000000
-0.549596	0.000000
-0.045472	0.000000
0.244224	0.000000
0.448142	0.000000
0.648766	0.000000
-0.345908	0.000000
1.668788	0.000000
1.067112	0.000000
-0.472394	0.000000
0.105252	0.000000
0.887459	0.000000
0.564946	0.000000
0.109026	0.000000
-0.529368	0.000000
0.602795	0.000000
0.583927	0.000000
-0.197020	0.000000
0.200925	0.000000
0.426426	0.000000
-0.829720	0.000000
-2.194328	0.000000
0.489215	0.000000
-0.082245	0.000000
0.745185	0.000000
0.140822	0.000000
-0.395222	0.000000
0.604102	0.000000
-0.183653	0.000000
0.317415	0.000000
0.253133	0.000000
0.022218	0.000000
0.633353	0.000000
-0.118777	0.000000
-0.212938	0.000000
0.039975	0.000000
0.661651	0.000000
-0.266884	0.000000
0.170098	0.000000
-0.062237	0.000000
-1.008700	0.000000
0.872563	0.000000
0.344634	0.000000
-1.130820	0.000000
0.575823	0.000000
-0.168491	0.000000
1.008828	0.000000
0.753569	0.000000
0.521072	0.000000
0.802801	0.000000
0.129849	0.000000
0.282696	0.000000
-0.766916	0.000000
-0.545458	0.000000
0.075103	0.000000
0.506928	0.000000
0.170349	0.000000
0.657562	0.000000
0.432184	0.000000
0.701962	0.000000
0.902381	0.000000
-0.224228	0.000000
-0.136676	0.000000
0.711973	0.000000
0.253001	0.000000
0.032228	0.000000
0.233316	0.000000
-0.894188	0.000000
-2.075287	0.000000
0.669972	0.000000
0.672493	0.000000
0.394593	0.000000
0.988763	0.000000
-0.610341	0.000000
2.470677	0.000000
0.320213	0.000000
0.097476	0.000000
0.959218	0.000000
0.602563	0.000000
1.469813	0.000000
1.707174	0.000000
2.090178	0.000000
-6.352648	0.000000
-0.398232	0.000000
0.159712	0.000000
1.191804	0.000000
4.012311	0.000000
1.261416	0.000000
3.482557	0.000000
0.211624	0.000000
0.096447	0.000000
-0.198566	0.000000
1.477768	0.000000
0.785265	0.000000
0.918652	0.000000
-0.146003	0.000000
0.795676	0.000000
-0.338140	0.000000
1.303411	0.000000
2.911255	0.000000
0.268722	0.000000
0.329351	0.000000
1.111869	0.000000
1.585455	0.000000
0.340231	0.000000
0.337274	0.000000
-0.294106	0.000000
0.327770	0.000000
0.553600	0.000000
-0.802653	0.000000
1.373983	0.000000
1.398051	0.000000
0.316423	0.000000
1.552132	0.000000
1.087976	0.000000
1.022094	0.000000
0.904636	0.000000
0.975900	0.000000
0.454904	0.000000
-0.382721	0.000000
-0.349285	0.000000
2.412482	0.000000
2.167119	0.000000
0.844096	0.000000
0.368737	0.000000
1.034712	0.000000
-0.391070	0.000000
-0.948801	0.000000
-0.890922	0.000000
-0.021096	0.000000
0.462433	0.000000
0.160435	0.000000
-0.968383	0.000000
0.109069	0.000000
-0.462428	0.000000
0.150701	0.000000
-0.375258	0.000000
0.538769	0.000000
0.532246	0.000000
-1.106754	0.000000
0.200388	0.000000
-0.522379	0.000000
-0.092853	0.000000
-3.762807	0.000000
-0.390241	0.000000
-1.481243	0.000000
0.886314	0.000000
0.524186	0.000000
-0.312277	0.000000
0.148935	0.000000
-0.710695	0.000000
0.728278	0.000000
-1.064970	0.000000
0.055216	0.000000
0.106492	0.000000
-0.995371	0.000000
0.000109	0.000000
0.721051	0.000000
-0.080842	0.000000
0.140161	0.000000
-0.915502	0.000000
0.034742	0.000000
0.119519	0.000000
-1.070264	0.000000
0.078538	0.000000
-0.235795	0.000000
0.924699	0.000000
-0.480411	0.000000
0.987704	0.000000
0.563590	0.000000
0.763397	0.000000
0.940644	0.000000
0.843732	0.000000
-0.551987	0.000000
-0.506336	0.000000
0.089968	0.000000
-0.064547	0.000000
-0.986056	0.000000
0.272958	0.000000
-1.020807	0.000000
0.374253	0.000000
0.336640	0.000000
-0.079689	0.000000
0.386475	0.000000
-0.137221	0.000000
0.032235	0.000000
0.872586	0.000000
0.054701	0.000000
-0.070245	0.000000
-0.232611	0.000000
-0.031485	0.000000
-0.049262	0.000000
1.109713	0.000000
0.234366	0.000000
0.322595	0.000000
-0.922737	0.000000
-0.347542	0.000000
0.591359	0.000000
-0.552225	0.000000
-0.689462	0.000000
0.858479	0.000000
-0.417829	0.000000
-0.693426	0.000000
0.659358	0.000000
-4.044688	0.000000
0.066343	0.000000
0.838497	0.000000
-0.959307	0.000000
0.110292	0.000000
-0.293848	0.000000
1.120358	0.000000
0.871858	0.000000
0.518292	0.000000
-0.152800	0.000000
-0.758575	0.000000
-1.884871	0.000000
0.080542	0.000000
1.210569	0.000000
0.736750	0.000000
0.653924	0.000000
0.630489	0.000000
0.572079	0.000000
0.464045	0.000000
-0.323048	0.000000
-0.549508	0.000000
0.404580	0.000000
0.238297	0.000000
-0.873436	0.000000
0.010880	0.000000
-1.502788	0.000000
-0.022868	0.000000
0.601387	0.000000
0.613603	0.000000
0.974118	0.000000
1.350504	0.000000
0.981155	0.000000
-0.992665	0.000000
-0.256788	0.000000
1.330602	0.000000
0.406868	0.000000
0.299459	0.000000
0.235779	0.000000
0.091290	0.000000
-1.200006	0.000000
0.274768	0.000000
-0.144696	0.000000
-0.661859	0.000000
-0.283560	0.000000
0.879527	0.000000
-0.832039	0.000000
-0.745868	0.000000
-1.811869	0.000000
-0.080700	0.000000
0.016426	0.000000
-0.072979	0.000000
-1.007597	0.000000
0.000106	0.000000
-0.026253	0.000000
-0.060177	0.000000
-1.415228	0.000000
0.028757	0.000000
-1.685046	0.000000
-0.222848	0.000000
-0.769060	0.000000
-0.461126	0.000000
-4.112925	0.000000
1.233681	0.000000
-1.154619	0.000000
-0.073469	0.000000
-0.172370	0.000000
-0.686566	0.000000
1.953127	0.000000
-0.700284	0.000000
0.246210	0.000000
-1.690313	0.000000
-1.154654	0.000000
-0.572071	0.000000
-0.053316	0.000000
-0.615216	0.000000
-0.700560	0.000000
0.762058	0.000000
0.144472	0.000000
-0.514569	0.000000
0.101136	0.000000
-0.170009	0.000000
-1.067360	0.000000
-0.224139	0.000000
0.458747	0.000000
-0.054186	0.000000
0.298913	0.000000
0.167982	0.000000
1.027960	0.000000
-1.083166	0.000000
-0.694793	0.000000
-0.834545	0.000000
-0.089884	0.000000
0.422982	0.000000
-1.232463	0.000000
0.682366	0.000000
-0.486486	0.000000
0.378438	0.000000
0.774255	0.000000
0.353749	0.000000
0.762799	0.000000
-0.137328	0.000000
0.123362	0.000000
0.240787	0.000000
0.239949	0.000000
-0.257783	0.000000
-0.049289	0.000000
0.010663	0.000000
0.875300	0.000000
0.474246	0.000000
0.103605	0.000000
-0.669329	0.000000
-0.075330	0.000000
1.265169	0.000000
0.591441	0.000000
-0.732901	0.000000
0.517225	0.000000
-0.104786	0.000000
0.496530	0.000000
0.532578	0.000000
1.016346	0.000000
-0.709511	0.000000
1.009685	0.000000
-2.107831	0.000000
1.003839	0.000000
-0.744155	0.000000
-0.376101	0.000000
0.638518	0.000000
-0.441294	0.000000
-0.498924	0.000000
0.305614	0.000000
-0.638818	0.000000
-0.517580	0.000000
-0.786536	0.000000
0.106938	0.000000
0.574875	0.000000
0.288100	0.000000
0.098734	0.000000
-0.040384	0.000000
0.225169	0.000000
0.636262	0.000000
0.301014	0.000000
1.314725	0.000000
-0.420129	0.000000
-0.524143	0.000000
-0.151854	0.000000
-0.426947	0.000000
-0.206034	0.000000
-0.431712	0.000000
0.814937	0.000000
0.396174	0.000000
1.172313	0.000000
0.441507	0.000000
-0.082182	0.000000
0.760255	0.000000
-0.045479	0.000000
0.343024	0.000000
0.490720	0.000000
-0.291544	0.000000
-1.322977	0.000000
-0.732053	0.000000
-0.216797	0.000000
0.294868	0.000000
0.331015	0.000000
1.145338	0.000000
1.559470	0.000000
-0.211512	0.000000
0.021106	0.000000
-0.332754	0.000000
-0.575002	0.000000
-0.196195	0.000000
0.231300	0.000000
-0.084604	0.000000
-0.222305	0.000000
-0.551857	0.000000
-0.863472	0.000000
-0.036159	0.000000
-1.020471	0.000000
-0.431053	0.000000
0.482995	0.000000
1.703029	0.000000
-1.090992	0.000000
-1.233044	0.000000
1.305449	0.000000
-4.760993	0.000000
0.156221	0.000000
0.039241	0.000000
-0.421433	0.000000
1.743492	0.000000
0.998053	0.000000
-0.067904	0.000000
-0.519067	0.000000
-1.380483	0.000000
1.019165	0.000000
-0.071074	0.000000
0.801496	0.000000
0.000080	0.000000
0.942987	0.000000
1.103646	0.000000
-0.767243	0.000000
-0.595619	0.000000
0.490729	0.000000
-0.539242	0.000000
-0.686361	0.000000
1.059397	0.000000
0.770607	0.000000
1.383393	0.000000
0.816761	0.000000
-0.457435	0.000000
-0.335438	0.000000
0.915733	0.000000
0.131437	0.000000
-0.989255	0.000000
-0.170288	0.000000
0.852578	0.000000
0.363979	0.000000
1.364044	0.000000
-0.723513	0.000000
-2.277544	0.000000
-0.205128	0.000000
0.681381	0.000000
-0.411962	0.000000
-0.005323	0.000000
0.045252	0.000000
0.872587	0.000000
1.031839	0.000000
-0.317277	0.000000
-0.651454	0.000000
0.332941	0.000000
0.040458	0.000000
0.997380	0.000000
-0.809251	0.000000
-1.318231	0.000000
1.390306	0.000000
0.105314	0.000000
-0.813242	0.000000
-0.335637	0.000000
-0.476775	0.000000
-0.457160	0.000000
1.040255	0.000000
-0.109765	0.000000
-0.008867	0.000000
-0.719863	0.000000
-1.784486	0.000000
0.026762	0.000000
-3.638674	0.000000
0.195933	0.000000
0.638566	0.000000
0.044155	0.000000
0.278379	0.000000
0.466918	0.000000
0.053271	0.000000
-0.398030	0.000000
-0.357458	0.000000
0.080132	0.000000
0.032515	0.000000
0.397036	0.000000
-0.137005	0.000000
-0.225290	0.000000
-0.064275	0.000000
-1.332862	0.000000
0.085075	0.000000
0.943876	0.000000
0.084180	0.000000
0.546123	0.000000
0.162911	0.000000
-0.486601	0.000000
-1.801326	0.000000
0.046293	0.000000
0.613571	0.000000
-0.415583	0.000000
0.225227	0.000000
0.237229	0.000000
0.311405	0.000000
0.544556	0.000000
1.728558	0.000000
-0.159486	0.000000
0.665340	0.000000
0.224445	0.000000
-1.300159	0.000000
0.803428	0.000000
0.101221	0.000000
-0.402001	0.000000
0.624432	0.000000
0.632585	0.000000
0.000139	0.000000
-0.211466	0.000000
-1.607507	0.000000
-1.774836	0.000000
-2.562235	0.000000
1.160866	0.000000
-0.498918	0.000000
0.018959	0.000000
-1.334641	0.000000
-1.156185	0.000000
-1.114598	0.000000
-1.524211	0.000000
-2.613101	0.000000
-2.873741	0.000000
0.235303	0.000000
-0.549137	0.000000
-1.703054	0.000000
-0.728192	0.000000
-1.233433	0.000000
0.524190	0.000000
-0.532869	0.000000
-6.672723	0.000000
-2.324936	0.000000
-0.573758	0.000000
-0.873044	0.000000
0.912587	0.000000
-2.821733	0.000000
-0.743245	0.000000
-2.985608	0.000000
-0.071099	0.000000
0.113456	0.000000
-0.427991	0.000000
1.463817	0.000000
0.127120	0.000000
-0.220501	0.000000
-1.282253	0.000000
-0.549490	0.000000
-0.943769	0.000000
-0.560252	0.000000
-0.425784	0.000000
-1.486727	0.000000
-3.022772	0.000000
0.404573	0.000000
0.118298	0.000000
-0.201281	0.000000
-0.746764	0.000000
1.219216	0.000000
-0.981084	0.000000
-0.117443	0.000000
1.787418	0.000000
-0.420601	0.000000
0.949258	0.000000
1.156038	0.000000
-0.897427	0.000000
-0.980880	0.000000
-1.810152	0.000000
0.375927	0.000000
0.970426	0.000000
-0.014982	0.000000
-1.156054	0.000000
-0.375138	0.000000
-0.444262	0.000000
-0.577768	0.000000
0.653272	0.000000
-0.272341	0.000000
0.196239	0.000000
-0.218969	0.000000
-0.998130	0.000000
-0.361354	0.000000
-0.985370	0.000000
-0.411670	0.000000
0.127084	0.000000
-0.696123	0.000000
0.548817	0.000000
0.024854	0.000000
0.576886	0.000000
0.000093	0.000000
-0.033073	0.000000
-0.562850	0.000000
-0.381818	0.000000
0.064347	0.000000
-0.517160	0.000000
-3.457305	0.000000
0.882880	0.000000
0.153525	0.000000
0.084905	0.000000
-0.039871	0.000000
0.172619	0.000000
1.090652	0.000000
0.632040	0.000000
-0.445169	0.000000
-0.513639	0.000000
-0.449533	0.000000
-0.213716	0.000000
0.105725	0.000000
0.626217	0.000000
-0.045768	0.000000
-0.224575	0.000000
-1.933284	0.000000
0.065543	0.000000
-0.542522	0.000000
0.768648	0.000000
0.664056	0.000000
-0.467653	0.000000
-0.910590	0.000000
-0.363587	0.000000
-0.093646	0.000000
-0.678488	0.000000
1.474395	0.000000
0.267213	0.000000
-0.659444	0.000000
0.693929	0.000000
-0.108113	0.000000
-0.953675	0.000000
-0.969480	0.000000
0.172909	0.000000
-0.939556	0.000000
-0.616507	0.000000
0.413742	0.000000
0.469129	0.000000
0.082171	0.000000
0.134051	0.000000
1.565708	0.000000
1.257296	0.000000
0.423760	0.000000
-0.092601	0.000000
0.444300	0.000000
1.064191	0.000000
0.709229	0.000000
0.092133	0.000000
0.040248	0.000000
1.061639	0.000000
0.381534	0.000000
0.222270	0.000000
-1.083494	0.000000
-0.494340	0.000000
0.470140	0.000000
1.870284	0.000000
1.173715	0.000000
0.772923	0.000000
0.560650	0.000000
-0.485809	0.000000
1.409511	0.000000
-3.618939	0.000000
0.901947	0.000000
-0.186736	0.000000
1.584108	0.000000
0.942525	0.000000
0.375528	0.000000
0.507469	0.000000
1.238548	0.000000
0.731737	0.000000
0.197378	0.000000
0.265821	0.000000
0.505432	0.000000
0.282802	0.000000
0.058990	0.000000
-0.146038	0.000000
1.639206	0.000000
-0.480306	0.000000
-0.379841	0.000000
-1.169823	0.000000
0.198549	0.000000
-0.534486	0.000000
0.335647	0.000000
0.831282	0.000000
0.890978	0.000000
-0.040841	0.000000
-0.305432	0.000000
0.780716	0.000000
-0.090938	0.000000
0.470602	0.000000
-0.407463	0.000000
-0.123230	0.000000
0.878374	0.000000
-0.640618	0.000000
1.084269	0.000000
0.831016	0.000000
-0.037559	0.000000
-1.843112	0.000000
-0.070271	0.000000
-0.274961	0.000000
-0.031443	0.000000
0.788957	0.000000
1.382144	0.000000
-0.708434	0.000000
-0.291999	0.000000
0.970045	0.000000
-0.250236	0.000000
1.366611	0.000000
0.090484	0.000000
-1.551431	0.000000
0.705867	0.000000
0.744783	0.000000
-0.030880	0.000000
-1.908771	0.000000
0.700845	0.000000
0.190342	0.000000
-0.167559	0.000000
1.510167	0.000000
0.827021	0.000000
-0.050897	0.000000
0.578330	0.000000
0.011143	0.000000
-4.672719	0.000000
0.029740	0.000000
-0.345972	0.000000
-0.026547	0.000000
-0.911778	0.000000
-0.044476	0.000000
-0.315682	0.000000
0.365952	0.000000
-0.043847	0.000000
-0.034586	0.000000
-0.395067	0.000000
0.989638	0.000000
-0.019577	0.000000
0.539511	0.000000
-0.153898	0.000000
-0.130877	0.000000
1.226479	0.000000
0.785634	0.000000
1.198437	0.000000
-0.483120	0.000000
-0.316250	0.000000
-0.331153	0.000000
0.337630	0.000000
0.515128	0.000000
0.088171	0.000000
-0.379946	0.000000
-0.579940	0.000000
-1.092639	0.000000
-0.507318	0.000000
1.559723	0.000000
-0.513243	0.000000
-0.416809	0.000000
0.202480	0.000000
0.487932	0.000000
1.707644	0.000000
-1.134198	0.000000
-0.175752	0.000000
1.417571	0.000000
-2.038473	0.000000
-2.255467	0.000000
-1.321380	0.000000
1.994719	0.000000
2.415845	0.000000
1.487905	0.000000
-2.043461	0.000000
-1.629313	0.000000
0.612561	0.000000
0.118078	0.000000
-0.677095	0.000000
-1.279946	0.000000
0.693476	0.000000
0.357142	0.000000
0.674268	0.000000
1.051023	0.000000
-0.215526	0.000000
-0.364066	0.000000
1.093535	0.000000
1.410576	0.000000
-1.722534	0.000000
-1.191554	0.000000
0.201614	0.000000
-6.545032	0.000000
1.930088	0.000000
-1.008784	0.000000
0.151973	0.000000
-0.516238	0.000000
-0.242771	0.000000
-1.525635	0.000000
-0.855152	0.000000
0.208044	0.000000
-0.560499	0.000000
-1.352937	0.000000
1.602996	0.000000
-1.752691	0.000000
1.513268	0.000000
-0.425829	0.000000
-0.238591	0.000000
0.239185	0.000000
-1.411967	0.000000
-2.179179	0.000000
-0.517674	0.000000
-0.863607	0.000000
-1.134735	0.000000
0.400690	0.000000
0.088158	0.000000
-0.154045	0.000000
-1.796624	0.000000
0.925226	0.000000
0.611297	0.000000
-0.998469	0.000000
0.707346	0.000000
-1.505085	0.000000
2.457596	0.000000
1.560123	0.000000
0.120398	0.000000
0.752655	0.000000
0.586317	0.000000
-0.542919	0.000000
0.210239	0.000000
0.345136	0.000000
-0.131085	0.000000
0.441486	0.000000
-0.431962	0.000000
-0.178764	0.000000
0.167021	0.000000
0.578193	0.000000
-0.391454	0.000000
-0.263102	0.000000
-0.190667	0.000000
0.431271	0.000000
0.030998	0.000000
-0.178367	0.000000
-0.585300	0.000000
-0.653699	0.000000
-0.251454	0.000000
-0.417449	0.000000
-0.615519	0.000000
0.058833	0.000000
0.397740	0.000000
0.220714	0.000000
0.287912	0.000000
0.339610	0.000000
-2.422533	0.000000
-0.105992	0.000000
-0.303866	0.000000
0.516297	0.000000
0.429148	0.000000
0.755057	0.000000
0.657922	0.000000
0.011632	0.000000
-0.078059	0.000000
-0.343257	0.000000
-0.189654	0.000000
-0.235780	0.000000
0.042207	0.000000
0.032906	0.000000
-0.108512	0.000000
-0.042571	0.000000
-0.648695	0.000000
-0.411133	0.000000
-0.172476	0.000000
-0.006413	0.000000
0.056349	0.000000
0.245346	0.000000
-0.011705	0.000000
-0.010218	0.000000
0.602790	0.000000
1.132631	0.000000
0.303600	0.000000
0.246987	0.000000
0.433491	0.000000
-0.467709	0.000000
0.224090	0.000000
-0.080408	0.000000
0.112897	0.000000
-0.348934	0.000000
-1.055108	0.000000
0.070533	0.000000
-0.714503	0.000000
0.271177	0.000000
0.080819	0.000000
0.087243	0.000000
0.334718	0.000000
-1.092225	0.000000
0.097519	0.000000
0.197231	0.000000
-0.933864	0.000000
-0.535256	0.000000
-0.505356	0.000000
-0.078264	0.000000
-0.575832	0.000000
0.288422	0.000000
-1.144216	0.000000
0.447013	0.000000
-0.622770	0.000000
-0.275306	0.000000
-0.698309	0.000000
-0.289904	0.000000
0.000194	0.000000
0.430332	0.000000
-0.556361	0.000000
-0.152753	0.000000
0.545839	0.000000
-2.628246	0.000000
0.491793	0.000000
0.934746	0.000000
0.372506	0.000000
-0.287945	0.000000
-0.602967	0.000000
0.104022	0.000000
0.275679	0.000000
-0.080692	0.000000
0.215994	0.000000
1.269856	0.000000
-0.014010	0.000000
-1.354003	0.000000
1.356703	0.000000
-0.170649	0.000000
0.755690	0.000000
0.303284	0.000000
0.239748	0.000000
0.590967	0.000000
0.853425	0.000000
-0.997346	0.000000
-0.775305	0.000000
0.955369	0.000000
0.136549	0.000000
-0.263208	0.000000
0.232890	0.000000
-0.437522	0.000000
-0.627243	0.000000
0.579718	0.000000
-0.216837	0.000000
0.375338	0.000000
1.173524	0.000000
0.229128	0.000000
0.176061	0.000000
1.029673	0.000000
-1.323936	0.000000
0.295995	0.000000
0.161482	0.000000
-0.005373	0.000000
-0.206819	0.000000
1.299659	0.000000
-0.069483	0.000000
-0.683132	0.000000
1.596749	0.000000
1.315645	0.000000
0.229044	0.000000
1.215009	0.000000
0.390164	0.000000
0.068707	0.000000
1.188631	0.000000
1.017974	0.000000
-0.035907	0.000000
1.119278	0.000000
0.110328	0.000000
-0.333038	0.000000
0.963774	0.000000
0.033203	0.000000
0.518287	0.000000
-0.212219	0.000000
0.652425	0.000000
0.663789	0.000000
-3.718588	0.000000
-0.267022	0.000000
-0.380434	0.000000
0.513848	0.000000
0.816890	0.000000
-0.710687	0.000000
0.418107	0.000000
0.343463	0.000000
-0.202803	0.000000
1.090041	0.000000
0.476524	0.000000
0.764427	0.000000
0.021773	0.000000
-0.700111	0.000000
-1.793653	0.000000
-0.195251	0.000000
0.719030	0.000000
-0.733731	0.000000
0.075164	0.000000
0.997467	0.000000
0.563937	0.000000
1.325144	0.000000
0.193356	0.000000
0.231349	0.000000
1.072885	0.000000
1.256657	0.000000
0.730017	0.000000
-0.294787	0.000000
0.607235	0.000000
0.723791	0.000000
0.413729	0.000000
1.297863	0.000000
1.055402	0.000000
0.225702	0.000000
0.788165	0.000000
-0.813336	0.000000
0.595319	0.000000
-0.632137	0.000000
-0.523283	0.000000
1.855197	0.000000
1.348746	0.000000
0.105187	0.000000
0.411722	0.000000
1.488038	0.000000
0.400658	0.000000
-0.182828	0.000000
0.012483	0.000000
0.480737	0.000000
1.800726	0.000000
0.802751	0.000000
0.431284	0.000000
0.719618	0.000000
1.176163	0.000000
-0.434862	0.000000
1.301192	0.000000
1.169771	0.000000
1.564011	0.000000
0.670680	0.000000
0.040123	0.000000
1.898365	0.000000
0.017981	0.000000
-4.788821	0.000000
-0.574661	0.000000
0.786312	0.000000
0.657932	0.000000
0.664507	0.000000
0.114887	0.000000
0.616043	0.000000
0.091642	0.000000
-0.202110	0.000000
-0.602295	0.000000
1.725468	0.000000
-0.933275	0.000000
0.742926	0.000000
0.022929	0.000000
0.344381	0.000000
-0.364257	0.000000
-0.409099	0.000000
-0.618832	0.000000
1.512674	0.000000
0.599244	0.000000
0.318482	0.000000
-0.420702	0.000000
0.063877	0.000000
-0.266113	0.000000
0.404091	0.000000
0.399366	0.000000
-0.040568	0.000000
-0.404741	0.000000
0.445048	0.000000
-0.571690	0.000000
0.338149	0.000000
1.125708	0.000000
0.225703	0.000000
-0.399206	0.000000
-0.677919	0.000000
-0.332813	0.000000
-0.599396	0.000000
0.073056	0.000000
-0.075267	0.000000
-0.569876	0.000000
0.000181	0.000000
2.671069	0.000000
0.272327	0.000000
-0.171593	0.000000
0.783885	0.000000
-0.173351	0.000000
0.302294	0.000000
1.508036	0.000000
0.496545	0.000000
0.682717	0.000000
0.737405	0.000000
0.817856	0.000000
0.180281	0.000000
0.313307	0.000000
1.280038	0.000000
0.930880	0.000000
0.072174	0.000000
-0.745318	0.000000
1.871636	0.000000
0.455993	0.000000
-1.263885	0.000000
-3.043585	0.000000
0.482638	0.000000
0.389255	0.000000
-1.144005	0.000000
1.451862	0.000000
1.100715	0.000000
0.222506	0.000000
0.663065	0.000000
-0.237937	0.000000
0.371322	0.000000
-0.119378	0.000000
-0.444009	0.000000
0.007659	0.000000
0.231348	0.000000
-1.504989	0.000000
0.110418	0.000000
-0.843926	0.000000
1.071053	0.000000
0.370148	0.000000
0.452001	0.000000
0.443601	0.000000
1.363943	0.000000
0.864948	0.000000
1.481091	0.000000
0.787095	0.000000
0.050897	0.000000
-0.534817	0.000000
0.182327	0.000000
-0.090155	0.000000
-0.010890	0.000000
0.351944	0.000000
-0.698070	0.000000
0.788126	0.000000
-0.357401	0.000000
-0.776639	0.000000
0.446922	0.000000
-0.188545	0.000000
0.762861	0.000000
-0.111168	0.000000
-1.721181	0.000000
-0.150551	0.000000
0.444618	0.000000
-0.038050	0.000000
-0.757533	0.000000
0.619242	0.000000
1.181183	0.000000
-0.470020	0.000000
1.092429	0.000000
-1.449009	0.000000
-0.506160	0.000000
0.257345	0.000000
-0.540694	0.000000
-0.433512	0.000000
-1.081145	0.000000
0.614167	0.000000
-0.297063	0.000000
1.198161	0.000000
-0.955630	0.000000
0.241483	0.000000
0.204730	0.000000
-0.072773	0.000000
-4.405720	0.000000
-0.701724	0.000000
0.312067	0.000000
0.523846	0.000000
0.333239	0.000000
0.026240	0.000000
-0.011214	0.000000
0.840662	0.000000
-0.305587	0.000000
-0.444921	0.000000
0.418489	0.000000
0.000109	0.000000
-0.236360	0.000000
0.230179	0.000000
-0.993490	0.000000
-0.056245	0.000000
-0.343290	0.000000
0.746005	0.000000
1.027233	0.000000
-1.091640	0.000000
-0.845331	0.000000
-0.370041	0.000000
-1.402442	0.000000
-0.707057	0.000000
0.691567	0.000000
0.491591	0.000000
-0.230516	0.000000
-0.368541	0.000000
-0.381608	0.000000
-2.168948	0.000000
0.246872	0.000000
0.073722	0.000000
1.602457	0.000000
0.141373	0.000000
1.226231	0.000000
-0.930937	0.000000
0.367266	0.000000
-1.042496	0.000000
-0.105048	0.000000
-1.516179	0.000000
-0.063499	0.000000
-1.106247	0.000000
-1.136417	0.000000
0.569654	0.000000
-1.043510	0.000000
0.966986	0.000000
0.554474	0.000000
-1.688674	0.000000
0.932742	0.000000
-1.424225	0.000000
0.458498	0.000000
-1.915387	0.000000
-0.430195	0.000000
-0.470027	0.000000
-0.751235	0.000000
-0.745395	0.000000
-0.490948	0.000000
1.063769	0.000000
-0.293737	0.000000
-1.465091	0.000000
-1.190916	0.000000
-5.399973	0.000000
-0.699109	0.000000
0.657017	0.000000
-0.524959	0.000000
1.073009	0.000000
0.382190	0.000000
0.224340	0.000000
1.081099	0.000000
1.117960	0.000000
0.725928	0.000000
0.335867	0.000000
-0.385411	0.000000
0.699935	0.000000
-1.824714	0.000000
-0.018642	0.000000
-1.389873	0.000000
-0.422859	0.000000
1.510000	0.000000
-1.262239	0.000000
0.319107	0.000000
0.486568	0.000000
-1.065842	0.000000
-2.315359	0.000000
1.189854	0.000000
-1.149252	0.000000
0.107274	0.000000
0.609406	0.000000
-0.479832	0.000000
-2.450433	0.000000
0.176309	0.000000
-1.187290	0.000000
-0.887380	0.000000
-1.553527	0.000000
0.092693	0.000000
1.046750	0.000000
-2.034002	0.000000
0.514490	0.000000
-0.709327	0.000000
0.331525	0.000000
-0.734900	0.000000
-1.020480	0.000000
1.828926	0.000000
0.668761	0.000000
-0.288209	0.000000
1.064491	0.000000
0.082780	0.000000
-1.221590	0.000000
-0.266370	0.000000
-0.735042	0.000000
-0.050931	0.000000
-0.276965	0.000000
-0.231562	0.000000
0.240005	0.000000
1.005979	0.000000
-0.785143	0.000000
1.938006	0.000000
-1.305007	0.000000
0.186941	0.000000
-2.663251	0.000000
0.264782	0.000000
-0.509793	0.000000
-5.858936	0.000000
1.217573	0.000000
0.666507	0.000000
-0.124213	0.000000
-0.314601	0.000000
-2.983976	0.000000
-1.048303	0.000000
-1.378210	0.000000
-0.922121	0.000000
0.496197	0.000000
-0.668114	0.000000
0.719040	0.000000
-0.480452	0.000000
-1.453556	0.000000
-0.433303	0.000000
0.328946	0.000000
-1.047576	0.000000
-0.352349	0.000000
0.374885	0.000000
0.781770	0.000000
1.391288	0.000000
0.125587	0.000000
0.874687	0.000000
-1.091377	0.000000
-1.345558	0.000000
0.556672	0.000000
-0.119816	0.000000
0.304973	0.000000
2.644677	0.000000
1.208494	0.000000
0.221912	0.000000
-1.462707	0.000000
0.506850	0.000000
0.407755	0.000000
1.534951	0.000000
0.917611	0.000000
0.841164	0.000000
-0.080214	0.000000
-0.299349	0.000000
0.209888	0.000000
-0.313460	0.000000
0.910273	0.000000
1.002568	0.000000
0.372664	0.000000
-2.499186	0.000000
1.329536	0.000000
-0.577275	0.000000
0.477958	0.000000
0.094074	0.000000
0.265219	0.000000
1.975137	0.000000
-0.642819	0.000000
-0.301357	0.000000
-0.159640	0.000000
0.504605	0.000000
-1.019043	0.000000
-0.551831	0.000000
2.380047	0.000000
1.665824	0.000000
2.900163	0.000000
1.548540	0.000000
-6.560872	0.000000
0.222201	0.000000
0.104742	0.000000
-1.044924	0.000000
0.448326	0.000000
3.079579	0.000000
1.107025	0.000000
1.827420	0.000000
1.809041	0.000000
0.832721	0.000000
0.719157	0.000000
2.422344	0.000000
0.834773	0.000000
0.269943	0.000000
-0.628501	0.000000
-0.246504	0.000000
0.750701	0.000000
0.805588	0.000000
0.232898	0.000000
1.503641	0.000000
3.364831	0.000000
-0.406717	0.000000
-0.599888	0.000000
1.661983	0.000000
-0.150415	0.000000
1.854151	0.000000
1.113997	0.000000
0.035333	0.000000
-0.052492	0.000000
0.197266	0.000000
-1.260922	0.000000
0.763024	0.000000
0.748518	0.000000
-0.235405	0.000000
0.875886	0.000000
0.249706	0.000000
0.301359	0.000000
0.063543	0.000000
-0.667594	0.000000
-1.084148	0.000000
-0.284745	0.000000
1.071422	0.000000
-0.736184	0.000000
0.513207	0.000000
0.119775	0.000000
-1.305632	0.000000
-0.652384	0.000000
-0.148849	0.000000
-0.361380	0.000000
-0.264639	0.000000
0.662224	0.000000
0.025481	0.000000
0.000185	0.000000
0.093131	0.000000
0.607886	0.000000
0.925811	0.000000
1.028157	0.000000
0.739515	0.000000
0.104235	0.000000
0.312050	0.000000
-0.101049	0.000000
-3.210897	0.000000
-0.889677	0.000000
-1.000016	0.000000
1.022857	0.000000
0.131158	0.000000
0.076053	0.000000
-0.264667	0.000000
-0.267141	0.000000
0.493452	0.000000
-0.239543	0.000000
0.500042	0.000000
0.778512	0.000000
0.000114	0.000000
0.029375	0.000000
0.729303	0.000000
0.852982	0.000000
0.741827	0.000000
0.636284	0.000000
-0.841450	0.000000
0.581740	0.000000
0.976399	0.000000
0.686733	0.000000
-0.814852	0.000000
0.233253	0.000000
0.043708	0.000000
-0.386892	0.000000
-0.733374	0.000000
-1.407989	0.000000
-0.887410	0.000000
-0.363131	0.000000
0.872027	0.000000
-0.060781	0.000000
-1.911594	0.000000
-0.013777	0.000000
-3.022070	0.000000
-0.240863	0.000000
0.245080	0.000000
0.543695	0.000000
-0.378755	0.000000
-0.619153	0.000000
-1.716582	0.000000
-2.040068	0.000000
0.835885	0.000000
-0.862144	0.000000
-0.888141	0.000000
-0.900476	0.000000
0.258630	0.000000
0.337448	0.000000
-1.489413	0.000000
-0.777044	0.000000
0.522133	0.000000
-0.226143	0.000000
-1.473353	0.000000
-0.724076	0.000000
0.284887	0.000000
-1.521737	0.000000
-1.354399	0.000000
-0.548188	0.000000
-0.808841	0.000000
0.551386	0.000000
-2.675712	0.000000
-6.221860	0.000000
-2.089959	0.000000
0.014197	0.000000
-1.758035	0.000000
-1.812376	0.000000
-2.245633	0.000000
-1.343286	0.000000
0.436886	0.000000
-1.246139	0.000000
-0.227264	0.000000
-0.909555	0.000000
-0.302478	0.000000
0.282003	0.000000
-0.965428	0.000000
-0.136366	0.000000
0.103722	0.000000
-0.507288	0.000000
0.471348	0.000000
-0.296493	0.000000
0.244192	0.000000
-1.474512	0.000000
-1.586792	0.000000
-0.518948	0.000000
-0.174354	0.000000
-0.527557	0.000000
-0.669850	0.000000
1.429134	0.000000
-0.369572	0.000000
-1.412263	0.000000
-0.152574	0.000000
0.133884	0.000000
-0.790887	0.000000
0.069552	0.000000
-0.801345	0.000000
0.773259	0.000000
0.326748	0.000000
0.782201	0.000000
0.274384	0.000000
0.080562	0.000000
-0.727862	0.000000
0.035599	0.000000
-0.529567	0.000000
0.323421	0.000000
-0.479535	0.000000
0.569843	0.000000
0.579928	0.000000
-0.770813	0.000000
-0.077082	0.000000
-0.249368	0.000000
0.033975	0.000000
0.705562	0.000000
0.942547	0.000000
0.232566	0.000000
0.462977	0.000000
0.404808	0.000000
-0.638176	0.000000
0.054840	0.000000
-0.583509	0.000000
-0.441018	0.000000
-0.383619	0.000000
-1.655171	0.000000
-3.966320	0.000000
-0.224089	0.000000
-0.884371	0.000000
-1.367330	0.000000
0.649099	0.000000
0.519078	0.000000
0.678517	0.000000
-0.584662	0.000000
-0.103854	0.000000
-1.397229	0.000000
-0.097994	0.000000
0.881101	0.000000
-1.633187	0.000000
-0.568514	0.000000
-0.143495	0.000000
-0.340922	0.000000
-0.022361	0.000000
0.285244	0.000000
-0.386422	0.000000
-0.744380	0.000000
-0.761228	0.000000
0.285904	0.000000
-0.501516	0.000000
-1.336562	0.000000
0.536059	0.000000
-0.083983	0.000000
0.086430	0.000000
0.020346	0.000000
-0.032687	0.000000
0.566007	0.000000
-1.308891	0.000000
-1.153688	0.000000
0.354959	0.000000
-0.050160	0.000000
0.099806	0.000000
-0.333780	0.000000
0.169947	0.000000
-0.507696	0.000000
1.153650	0.000000
-0.257189	0.000000
-0.719834	0.000000
0.766596	0.000000
-0.710561	0.000000
0.799532	0.000000
-0.039166	0.000000
-1.240756	0.000000
1.081350	0.000000
0.518294	0.000000
0.292921	0.000000
-0.758582	0.000000
0.039989	0.000000
0.652662	0.000000
0.204863	0.000000
-0.210340	0.000000
1.440065	0.000000
0.460561	0.000000
-0.369713	0.000000
-0.073440	0.000000
0.424154	0.000000
0.170183	0.000000
-0.168399	0.000000
-2.970059	0.000000
-0.251103	0.000000
-0.585928	0.000000
0.187908	0.000000
0.793920	0.000000
-0.740090	0.000000
-0.057406	0.000000
0.519529	0.000000
-0.149947	0.000000
-0.735818	0.000000
0.417062	0.000000
-0.082056	0.000000
-0.409243	0.000000
0.566436	0.000000
-0.274433	0.000000
-0.852555	0.000000
-0.387769	0.000000
-0.833893	0.000000
-0.932324	0.000000
0.321693	0.000000
-0.210607	0.000000
0.196316	0.000000
-0.891061	0.000000
0.543133	0.000000
0.052582	0.000000
0.234365	0.000000
0.877667	0.000000
0.408816	0.000000
0.182646	0.000000
-0.320099	0.000000
0.514422	0.000000
0.065889	0.000000
0.090388	0.000000
-0.662302	0.000000
0.410233	0.000000
-0.300379	0.000000
-0.396246	0.000000
-0.054703	0.000000
-1.277171	0.000000
0.579398	0.000000
0.251537	0.000000
-0.150950	0.000000
0.312467	0.000000
0.176377	0.000000
0.542220	0.000000
-0.474289	0.000000
-0.518100	0.000000
-0.364969	0.000000
-0.079841	0.000000
-1.247655	0.000000
0.366550	0.000000
1.219610	0.000000
0.785301	0.000000
0.459325	0.000000
0.148069	0.000000
0.052083	0.000000
0.298667	0.000000
-0.343194	0.000000
-0.202765	0.000000
-0.157169	0.000000
0.560602	0.000000
-2.631661	0.000000
0.336517	0.000000
0.145177	0.000000
0.290102	0.000000
-0.734905	0.000000
0.373920	0.000000
0.818247	0.000000
0.853441	0.000000
-0.547766	0.000000
-0.334798	0.000000
0.380179	0.000000
0.830154	0.000000
-0.143487	0.000000
-0.403334	0.000000
-1.155639	0.000000
-0.341987	0.000000
-1.240578	0.000000
1.185425	0.000000
-0.187551	0.000000
0.910260	0.000000
0.240107	0.000000
0.445653	0.000000
-0.239767	0.000000
0.063132	0.000000
0.049376	0.000000
0.494412	0.000000
1.171767	0.000000
0.334742	0.000000
0.951251	0.000000
0.542236	0.000000
0.052779	0.000000
0.642767	0.000000
0.780304	0.000000
1.278133	0.000000
-0.587771	0.000000
0.105352	0.000000
0.741739	0.000000
-0.230488	0.000000
0.099423	0.000000
-0.143665	0.000000
-0.213129	0.000000
0.477831	0.000000
0.062739	0.000000
1.156573	0.000000
-0.981920	0.000000
1.487374	0.000000
-0.589990	0.000000
0.599019	0.000000
0.491188	0.000000
-0.169725	0.000000
0.578604	0.000000
-0.307481	0.000000
0.109008	0.000000
0.164528	0.000000
0.161822	0.000000
0.110281	0.000000
0.171771	0.000000
-0.588820	0.000000
-0.876396	0.000000
0.798583	0.000000
0.371425	0.000000
-3.136424	0.000000
0.384307	0.000000
-0.915864	0.000000
-0.272339	0.000000
0.767004	0.000000
-0.331125	0.000000
0.619087	0.000000
-0.220652	0.000000
0.487555	0.000000
0.267137	0.000000
-0.648159	0.000000
0.598224	0.000000
-0.220339	0.000000
0.370430	0.000000
0.889830	0.000000
0.813621	0.000000
0.860169	0.000000
-0.251929	0.000000
-0.669358	0.000000
0.436303	0.000000
0.176013	0.000000
0.543046	0.000000
0.315371	0.000000
0.332908	0.000000
0.040441	0.000000
0.065446	0.000000
-0.139880	0.000000
-0.809749	0.000000
-0.681139	0.000000
0.144726	0.000000
-0.230863	0.000000
0.771307	0.000000
0.543716	0.000000
0.431135	0.000000
-0.526214	0.000000
0.000055	0.000000
-0.895797	0.000000
0.298029	0.000000
-0.071738	0.000000
0.462033	0.000000
-0.918787	0.000000
-0.811011	0.000000
1.409581	0.000000
-1.290785	0.000000
0.220798	0.000000
1.018701	0.000000
0.146587	0.000000
-0.039785	0.000000
-0.750884	0.000000
0.044593	0.000000
-0.356060	0.000000
-0.210058	0.000000
-0.224728	0.000000
-0.427538	0.000000
0.629472	0.000000
0.222295	0.000000
-0.634571	0.000000
1.101257	0.000000
0.420344	0.000000
-0.207402	0.000000
-0.010780	0.000000
-3.919396	0.000000
-0.610516	0.000000
0.549981	0.000000
-0.009556	0.000000
-0.292196	0.000000
-0.768895	0.000000
0.073604	0.000000
-0.910452	0.000000
0.975812	0.000000
-0.261452	0.000000
-0.007856	0.000000
-0.099775	0.000000
0.561138	0.000000
0.307956	0.000000
0.071247	0.000000
-1.141964	0.000000
0.471824	0.000000
0.789963	0.000000
1.014324	0.000000
0.820865	0.000000
0.994449	0.000000
-0.693348	0.000000
-0.480624	0.000000
1.190488	0.000000
0.256156	0.000000
0.322547	0.000000
0.169541	0.000000
1.890788	0.000000
0.249833	0.000000
-0.532175	0.000000
0.571655	0.000000
-0.047534	0.000000
0.117736	0.000000
0.043425	0.000000
1.153613	0.000000
-0.008815	0.000000
-0.157170	0.000000
0.287601	0.000000
-0.621711	0.000000
-1.497650	0.000000
0.387914	0.000000
1.421603	0.000000
0.529811	0.000000
1.496904	0.000000
-0.140030	0.000000
-0.585543	0.000000
0.584246	0.000000
-1.081573	0.000000
-0.338207	0.000000
0.429124	0.000000
1.689151	0.000000
0.504387	0.000000
0.398697	0.000000
0.110275	0.000000
-1.211604	0.000000
-0.228972	0.000000
0.820437	0.000000
0.714593	0.000000
1.528876	0.000000
0.184617	0.000000
-0.520867	0.000000
-4.053004	0.000000
0.421526	0.000000
1.035507	0.000000
0.162407	0.000000
0.318930	0.000000
0.474339	0.000000
0.640287	0.000000
0.041090	0.000000
1.091692	0.000000
0.901413	0.000000
0.573857	0.000000
1.514792	0.000000
0.661660	0.000000
1.016982	0.000000
1.048117	0.000000
-0.182268	0.000000
1.707582	0.000000
0.087414	0.000000
0.820792	0.000000
-0.310277	0.000000
-0.399119	0.000000
1.713344	0.000000
0.020231	0.000000
1.749504	0.000000
1.168358	0.000000
0.367287	0.000000
-0.236142	0.000000
-1.313933	0.000000
0.853614	0.000000
0.000138	0.000000
-0.362286	0.000000
1.332612	0.000000
1.034047	0.000000
-0.137147	0.000000
1.330648	0.000000
1.787635	0.000000
0.562926	0.000000
-0.452873	0.000000
0.101117	0.000000
0.826763	0.000000
1.132405	0.000000
-1.952884	0.000000
0.076815	0.000000
-0.891298	0.000000
0.572565	0.000000
0.464729	0.000000
0.143056	0.000000
1.370915	0.000000
-0.752758	0.000000
0.560503	0.000000
0.339975	0.000000
-1.525338	0.000000
1.194599	0.000000
0.787640	0.000000
1.269343	0.000000
1.033915	0.000000
-0.784394	0.000000
-1.113716	0.000000
-0.455780	0.000000
0.708790	0.000000
0.168035	0.000000
-5.155151	0.000000
1.716077	0.000000
-0.564895	0.000000
0.046965	0.000000
-0.931940	0.000000
0.370062	0.000000
2.044134	0.000000
0.182057	0.000000
1.092844	0.000000
-0.311809	0.000000
-1.537079	0.000000
-0.513113	0.000000
-1.199993	0.000000
0.831320	0.000000
0.493254	0.000000
-1.007863	0.000000
0.490895	0.000000
1.934625	0.000000
-1.057821	0.000000
-0.840581	0.000000
0.024816	0.000000
0.918173	0.000000
-1.226157	0.000000
-0.979693	0.000000
-0.282376	0.000000
-0.542151	0.000000
-0.157587	0.000000
-0.160610	0.000000
-0.117883	0.000000
-0.925043	0.000000
-0.992756	0.000000
0.291111	0.000000
1.140074	0.000000
1.028996	0.000000
0.438689	0.000000
-0.862136	0.000000
-0.053262	0.000000
-0.036602	0.000000
0.074447	0.000000
-0.457752	0.000000
0.584925	0.000000
-0.067098	0.000000
0.530582	0.000000
-1.464015	0.000000
1.805297	0.000000
0.929798	0.000000
-1.157122	0.000000
-0.607021	0.000000
-0.015551	0.000000
0.701754	0.000000
0.641394	0.000000
0.261953	0.000000
-0.292744	0.000000
-0.143863	0.000000
0.112554	0.000000
0.630568	0.000000
0.688071	0.000000
-0.065110	0.000000
0.256200	0.000000
-0.267107	0.000000
0.873837	0.000000
-3.844097	0.000000
0.857244	0.000000
-0.909550	0.000000
1.569880	0.000000
-0.211460	0.000000
-0.431370	0.000000
1.455715	0.000000
0.702011	0.000000
0.673700	0.000000
0.258198	0.000000
-0.809762	0.000000
0.406929	0.000000
0.708450	0.000000
-0.605744	0.000000
0.308472	0.000000
0.796319	0.000000
1.946342	0.000000
-0.867394	0.000000
-0.146932	0.000000
1.232619	0.000000
1.351928	0.000000
1.204509	0.000000
-0.310341	0.000000
0.781729	0.000000
0.153137	0.000000
0.998619	0.000000
0.632748	0.000000
1.261179	0.000000
1.106425	0.000000
-1.384620	0.000000
0.421085	0.000000
-0.782672	0.000000
1.206454	0.000000
-0.008260	0.000000
-1.269326	0.000000
0.817216	0.000000
-0.790165	0.000000
0.035314	0.000000
0.012157	0.000000
-0.683978	0.000000
0.096042	0.000000
0.275910	0.000000
0.505834	0.000000
0.849618	0.000000
-0.795497	0.000000
-1.290649	0.000000
-1.408482	0.000000
-0.786065	0.000000
-1.036136	0.000000
0.028972	0.000000
0.951105	0.000000
-1.554985	0.000000
-0.111208	0.000000
0.427120	0.000000
-0.434202	0.000000
1.747396	0.000000
-1.399891	0.000000
-0.495252	0.000000
-1.442564	0.000000
0.159355	0.000000
-0.066986	0.000000
-4.669110	0.000000
-1.519179	0.000000
1.340940	0.000000
0.781243	0.000000
0.565048	0.000000
-0.375223	0.000000
-1.004874	0.000000
-0.461571	0.000000
1.122150	0.000000
1.152054	0.000000
1.576432	0.000000
0.563822	0.000000
-0.471735	0.000000
0.376181	0.000000
-1.352253	0.000000
0.762157	0.000000
-0.987190	0.000000
-0.724849	0.000000
-0.197115	0.000000
-1.008713	0.000000
0.228973	0.000000
0.060929	0.000000
0.216711	0.000000
-3.405990	0.000000
-0.683158	0.000000
0.652738	0.000000
0.000154	0.000000
-0.533968	0.000000
-0.195736	0.000000
0.396376	0.000000
-1.826506	0.000000
1.481367	0.000000
-1.001210	0.000000
-0.275351	0.000000
-0.666070	0.000000
-0.790173	0.000000
0.184202	0.000000
-1.276844	0.000000
-0.099167	0.000000
0.115154	0.000000
-0.950761	0.000000
-1.544030	0.000000
0.743500	0.000000
0.035828	0.000000
-0.765414	0.000000
-2.055996	0.000000
-0.708319	0.000000
0.159045	0.000000
-1.143985	0.000000
-0.220481	0.000000
0.777525	0.000000
0.582356	0.000000
-1.707898	0.000000
-0.602402	0.000000
0.731660	0.000000
-0.976703	0.000000
-0.324428	0.000000
-0.053428	0.000000
-0.462561	0.000000
-2.022739	0.000000
-1.707819	0.000000
-4.070054	0.000000
-0.155312	0.000000
-0.217270	0.000000
-0.760002	0.000000
-0.568433	0.000000
1.124640	0.000000
0.020844	0.000000
0.190743	0.000000
0.524816	0.000000
0.854397	0.000000
-1.228753	0.000000
0.814940	0.000000
-0.639383	0.000000
-0.174387	0.000000
-1.430377	0.000000
1.022628	0.000000
-0.399245	0.000000
-0.086124	0.000000
-0.423543	0.000000
0.959215	0.000000
0.559920	0.000000
-0.395406	0.000000
-0.611610	0.000000
-0.551842	0.000000
-0.200803	0.000000
0.462863	0.000000
-0.486260	0.000000
0.183028	0.000000
-0.272408	0.000000
1.071223	0.000000
-0.301454	0.000000
-0.736441	0.000000
-0.323311	0.000000
-0.444055	0.000000
-0.643089	0.000000
0.003962	0.000000
-1.469643	0.000000
-0.529546	0.000000
0.383920	0.000000
-0.110340	0.000000
0.279746	0.000000
-1.566136	0.000000
0.777765	0.000000
1.673500	0.000000
0.080958	0.000000
-0.778289	0.000000
-1.414391	0.000000
-0.040354	0.000000
-0.477777	0.000000
0.918933	0.000000
0.215998	0.000000
-0.617890	0.000000
-1.050680	0.000000
-1.572466	0.000000
-0.314735	0.000000
1.477375	0.000000
0.816811	0.000000
-0.370041	0.000000
1.265462	0.000000
-0.246735	0.000000
0.806650	0.000000
-5.273438	0.000000
-0.005872	0.000000
1.037485	0.000000
-1.489667	0.000000
-0.215226	0.000000
-0.490643	0.000000
-1.559495	0.000000
-0.741296	0.000000
0.396625	0.000000
-0.896228	0.000000
-0.648627	0.000000
-0.255756	0.000000
0.676336	0.000000
-0.503993	0.000000
0.818079	0.000000
-1.176824	0.000000
1.319034	0.000000
0.443908	0.000000
-0.506769	0.000000
0.000000	0.000000
0.904050	0.000000
-1.376249	0.000000
2.063148	0.000000
0.130698	0.000000
-1.914221	0.000000
-2.126780	0.000000
-1.162464	0.000000
1.195016	0.000000
-0.919966	0.000000
-1.383608	0.000000
0.496662	0.000000
-0.311237	0.000000
0.239866	0.000000
-0.771702	0.000000
-0.360455	0.000000
1.168573	0.000000
-0.242740	0.000000
-0.374151	0.000000
0.343877	0.000000
-1.024837	0.000000
-1.340470	0.000000
0.679460	0.000000
0.302682	0.000000
1.117137	0.000000
0.435977	0.000000
-0.531757	0.000000
1.040068	0.000000
-0.335325	0.000000
-0.393695	0.000000
1.485236	0.000000
1.483281	0.000000
2.381801	0.000000
0.218505	0.000000
1.465201	0.000000
-0.239026	0.000000
1.503752	0.000000
0.375241	0.000000
0.095929	0.000000
1.110585	0.000000
1.810038	0.000000
-1.095465	0.000000
-6.537636	0.000000
0.369920	0.000000
2.353999	0.000000
-0.422721	0.000000
0.320218	0.000000
-0.650755	0.000000
-0.182457	0.000000
-1.616967	0.000000
1.243253	0.000000
1.125840	0.000000
-0.579126	0.000000
-0.414350	0.000000
-0.973019	0.000000
-0.754508	0.000000
0.620052	0.000000
-0.357248	0.000000
0.020320	0.000000
-0.359616	0.000000
0.127837	0.000000
0.640345	0.000000
0.264219	0.000000
0.341770	0.000000
0.642749	0.000000
-0.462683	0.000000
0.667696	0.000000
0.170001	0.000000
-0.222825	0.000000
-1.469431	0.000000
-0.407991	0.000000
0.049762	0.000000
0.215707	0.000000
1.199205	0.000000
0.716746	0.000000
0.160671	0.000000
0.072454	0.000000
-0.518422	0.000000
-0.364567	0.000000
-0.016935	0.000000
1.211424	0.000000
0.584252	0.000000
0.420237	0.000000
0.614258	0.000000
0.671925	0.000000
0.116857	0.000000
0.065804	0.000000
0.132931	0.000000
0.041427	0.000000
-0.504719	0.000000
-0.215861	0.000000
-0.696510	0.000000
0.672538	0.000000
-0.797147	0.000000
-0.173535	0.000000
0.008563	0.000000
0.503782	0.000000
0.848063	0.000000
0.115101	0.000000
0.019506	0.000000
-0.506314	0.000000
0.948484	0.000000
-0.005783	0.000000
-2.280205	0.000000
0.022886	0.000000
-1.268193	0.000000
0.083236	0.000000
0.774313	0.000000
1.288861	0.000000
-0.193135	0.000000
0.014461	0.000000
-0.412792	0.000000
-0.203011	0.000000
0.207289	0.000000
-0.011690	0.000000
-1.466787	0.000000
2.101557	0.000000
-0.221826	0.000000
-0.817108	0.000000
0.604997	0.000000
-1.764608	0.000000
2.081161	0.000000
0.820442	0.000000
0.972347	0.000000
-0.793150	0.000000
1.370042	0.000000
1.220799	0.000000
-1.188582	0.000000
0.031034	0.000000
1.208648	0.000000
-0.762778	0.000000
0.115876	0.000000
-0.467005	0.000000
0.879390	0.000000
0.909746	0.000000
-0.387876	0.000000
0.963773	0.000000
0.088294	0.000000
-0.527569	0.000000
-0.993212	0.000000
0.812160	0.000000
-0.225637	0.000000
0.911896	0.000000
-0.355968	0.000000
0.939045	0.000000
-0.529303	0.000000
-0.553628	0.000000
1.305889	0.000000
0.068958	0.000000
-0.464430	0.000000
0.543117	0.000000
-1.426931	0.000000
0.994910	0.000000
-0.054535	0.000000
-0.358075	0.000000
0.623462	0.000000
1.198475	0.000000
0.329016	0.000000
0.163121	0.000000
-0.155857	0.000000
0.056373	0.000000
0.506997	0.000000
0.840062	0.000000
-0.595642	0.000000
-3.479685	0.000000
-0.223288	0.000000
-0.311858	0.000000
-1.559518	0.000000
0.251002	0.000000
1.139140	0.000000
-0.281776	0.000000
0.991828	0.000000
-0.421242	0.000000
-1.341459	0.000000
-1.102136	0.000000
0.768741	0.000000
0.714552	0.000000
-0.887376	0.000000
-0.171444	0.000000
-0.256108	0.000000
0.407810	0.000000
0.188390	0.000000
0.347765	0.000000
0.696504	0.000000
0.341425	0.000000
-0.399141	0.000000
0.448266	0.000000
-0.522474	0.000000
-0.173338	0.000000
-0.507971	0.000000
0.292836	0.000000
-1.621948	0.000000
-0.347233	0.000000
0.790705	0.000000
0.202279	0.000000
0.826804	0.000000
-0.722775	0.000000
0.165616	0.000000
-2.101170	0.000000
-0.008458	0.000000
1.570742	0.000000
-1.021966	0.000000
-0.732896	0.000000
-0.008875	0.000000
0.825793	0.000000
-1.128639	0.000000
-0.153466	0.000000
0.416041	0.000000
-0.712088	0.000000
-0.817747	0.000000
0.588842	0.000000
0.797829	0.000000
0.798736	0.000000
-0.371266	0.000000
0.521117	0.000000
0.102511	0.000000
0.137506	0.000000
0.812099	0.000000
1.495537	0.000000
-0.240275	0.000000
0.393993	0.000000
0.457984	0.000000
-0.170324	0.000000
-1.458545	0.000000
-0.181797	0.000000
-5.678850	0.000000
-0.303516	0.000000
0.942545	0.000000
0.250942	0.000000
0.600049	0.000000
1.134850	0.000000
-0.117854	0.000000
2.346978	0.000000
-1.853891	0.000000
-0.726862	0.000000
-0.521750	0.000000
0.178792	0.000000
1.516081	0.000000
2.451484	0.000000
-0.670336	0.000000
0.066948	0.000000
1.713876	0.000000
0.347744	0.000000
1.235339	0.000000
-1.345561	0.000000
0.299498	0.000000
3.710103	0.000000
1.019010	0.000000
-1.547877	0.000000
0.151090	0.000000
-0.008730	0.000000
0.289667	0.000000
1.628898	0.000000
-1.749857	0.000000
1.497894	0.000000
0.928637	0.000000
0.674789	0.000000
-1.577803	0.000000
-0.489269	0.000000
-0.386235	0.000000
1.570888	0.000000
-0.132567	0.000000
0.858182	0.000000
0.258219	0.000000
1.028132	0.000000
-0.653745	0.000000
-0.164430	0.000000
0.676040	0.000000
-0.404250	0.000000
0.888751	0.000000
-0.196189	0.000000
0.865281	0.000000
-0.644343	0.000000
-1.201085	0.000000
-0.933344	0.000000
-0.221996	0.000000
-1.167709	0.000000
-1.747494	0.000000
1.188834	0.000000
-0.655815	0.000000
0.834746	0.000000
-0.809347	0.000000
0.217351	0.000000
-1.345589	0.000000
-2.399383	0.000000
-0.980949	0.000000
-6.432925	0.000000
-1.099472	0.000000
-0.593072	0.000000
0.457648	0.000000
0.527699	0.000000
-0.230474	0.000000
-0.150385	0.000000
1.690527	0.000000
-0.187410	0.000000
0.599495	0.000000
1.008897	0.000000
0.604132	0.000000
-0.423526	0.000000
0.087286	0.000000
-0.687584	0.000000
0.480370	0.000000
1.167970	0.000000
0.683446	0.000000
-0.019985	0.000000
1.342862	0.000000
-0.743886	0.000000
-0.470212	0.000000
0.235303	0.000000
0.398392	0.000000
-0.106293	0.000000
0.893864	0.000000
0.455257	0.000000
0.311019	0.000000
-0.018373	0.000000
0.047044	0.000000
-0.361239	0.000000
-0.297905	0.000000
1.055591	0.000000
0.225032	0.000000
0.186422	0.000000
1.393853	0.000000
0.581173	0.000000
0.213755	0.000000
1.449024	0.000000
1.082017	0.000000
-0.241173	0.000000
0.722276	0.000000
-0.004528	0.000000
-1.100476	0.000000
-0.156911	0.000000
-0.247044	0.000000
0.518569	0.000000
-0.425861	0.000000
0.434271	0.000000
0.358681	0.000000
-0.465548	0.000000
-0.226066	0.000000
1.092945	0.000000
0.655966	0.000000
0.712797	0.000000
-0.032689	0.000000
0.182148	0.000000
-0.010160	0.000000
-0.102290	0.000000
0.909368	0.000000
0.224592	0.000000
-2.098004	0.000000
-0.592993	0.000000
-0.396543	0.000000
-0.079493	0.000000
-0.289478	0.000000
0.120392	0.000000
-0.665240	0.000000
-1.254455	0.000000
0.324473	0.000000
-0.083975	0.000000
0.443731	0.000000
0.201782	0.000000
-0.773863	0.000000
-0.097323	0.000000
-0.348366	0.000000
-0.083339	0.000000
0.223470	0.000000
-0.220769	0.000000
-0.626020	0.000000
-0.038007	0.000000
-0.156652	0.000000
0.012454	0.000000
-2.334440	0.000000
-0.337064	0.000000
0.157265	0.000000
0.167697	0.000000
1.270347	0.000000
0.174613	0.000000
-0.380037	0.000000
-0.216695	0.000000
-0.551561	0.000000
-1.487221	0.000000
0.335387	0.000000
-0.745388	0.000000
-0.716713	0.000000
-0.554123	0.000000
0.373932	0.000000
0.429057	0.000000
-0.459252	0.000000
-0.559171	0.000000
-0.179029	0.000000
0.482448	0.000000
0.797744	0.000000
0.170143	0.000000
0.685531	0.000000
-0.013897	0.000000
-2.282281	0.000000
0.260631	0.000000
0.213569	0.000000
0.511512	0.000000
-0.272372	0.000000
0.891561	0.000000
-0.025897	0.000000
0.544024	0.000000
-0.564048	0.000000
-0.023485	0.000000
0.308245	0.000000
-0.170412	0.000000
-0.622130	0.000000
-0.216192	0.000000
-0.762861	0.000000
-2.611898	0.000000
-1.657507	0.000000
0.166265	0.000000
-0.026741	0.000000
-0.007486	0.000000
0.599896	0.000000
-0.316486	0.000000
0.246869	0.000000
0.409941	0.000000
-0.160030	0.000000
1.049230	0.000000
-1.313393	0.000000
-0.359022	0.000000
-0.094154	0.000000
0.153001	0.000000
-0.249586	0.000000
0.020194	0.000000
-0.526192	0.000000
0.085867	0.000000
1.045159	0.000000
0.910271	0.000000
-0.150995	0.000000
0.257270	0.000000
0.480079	0.000000
0.084017	0.000000
1.270336	0.000000
1.001627	0.000000
0.160688	0.000000
1.120422	0.000000
0.496602	0.000000
-0.642711	0.000000
0.157105	0.000000
-1.157940	0.000000
1.062052	0.000000
-0.831232	0.000000
-0.970130	0.000000
0.259083	0.000000
0.700656	0.000000
1.003299	0.000000
0.167604	0.000000
0.266501	0.000000
2.362995	0.000000
0.497320	0.000000
0.370889	0.000000
-0.154058	0.000000
-0.709633	0.000000
0.716456	0.000000
0.444167	0.000000
0.305348	0.000000
-0.539601	0.000000
-0.191700	0.000000
1.091026	0.000000
0.431397	0.000000
0.948459	0.000000
-0.052766	0.000000
-0.492940	0.000000
0.568702	0.000000
0.239403	0.000000
0.278655	0.000000
0.022587	0.000000
-1.391481	0.000000
-4.322071	0.000000
0.506075	0.000000
0.048278	0.000000
-0.346000	0.000000
0.578144	0.000000
0.398841	0.000000
0.204604	0.000000
0.693597	0.000000
0.690449	0.000000
-0.726174	0.000000
-0.435925	0.000000
-0.328533	0.000000
-0.273069	0.000000
-0.291798	0.000000
0.551876	0.000000
1.616842	0.000000
1.714919	0.000000
0.038207	0.000000
1.215034	0.000000
0.458241	0.000000
0.137538	0.000000
-0.132983	0.000000
-0.438573	0.000000
-0.371071	0.000000
-0.399661	0.000000
-1.323059	0.000000
-0.238969	0.000000
-0.204638	0.000000
0.198662	0.000000
0.278398	0.000000
1.150279	0.000000
-0.079739	0.000000
0.942514	0.000000
0.500679	0.000000
-0.658670	0.000000
-1.036159	0.000000
-0.622638	0.000000
-0.076732	0.000000
-0.271477	0.000000
-0.762617	0.000000
0.313154	0.000000
-0.700024	0.000000
0.303572	0.000000
-1.583103	0.000000
0.731779	0.000000
-0.509990	0.000000
-1.391842	0.000000
1.488483	0.000000
0.514054	0.000000
-0.728437	0.000000
0.545568	0.000000
-1.059603	0.000000
0.000036	0.000000
-0.258404	0.000000
1.099218	0.000000
-0.784587	0.000000
1.164621	0.000000
0.162193	0.000000
-0.381306	0.000000
0.205450	0.000000
0.956092	0.000000
-5.088452	0.000000
0.198405	0.000000
-0.014948	0.000000
1.570684	0.000000
-0.422081	0.000000
-1.121282	0.000000
-0.714371	0.000000
0.480757	0.000000
2.471724	0.000000
0.545034	0.000000
0.925004	0.000000
-0.724980	0.000000
1.487614	0.000000
0.052638	0.000000
0.592469	0.000000
-0.798299	0.000000
1.583271	0.000000
0.548722	0.000000
-0.377649	0.000000
-0.095912	0.000000
-0.957958	0.000000
0.480066	0.000000
-0.514907	0.000000
-0.870440	0.000000
-0.698241	0.000000
1.120657	0.000000
-0.481824	0.000000
1.004221	0.000000
0.623729	0.000000
0.810773	0.000000
-0.838575	0.000000
0.331923	0.000000
1.761135	0.000000
0.890222	0.000000
-0.477603	0.000000
-0.225647	0.000000
-1.447302	0.000000
-0.219553	0.000000
0.312456	0.000000
-0.827863	0.000000
-1.785988	0.000000
-0.078623	0.000000
-0.532147	0.000000
-0.611356	0.000000
-2.691568	0.000000
1.426066	0.000000
-1.183053	0.000000
0.950873	0.000000
0.824516	0.000000
-0.201301	0.000000
0.478356	0.000000
-0.016333	0.000000
1.315814	0.000000
-1.787168	0.000000
1.796758	0.000000
-0.374863	0.000000
-0.648703	0.000000
0.527426	0.000000
1.072281	0.000000
0.355971	0.000000
-0.245644	0.000000
-6.074057	0.000000
