-1.867873	0.000000
-0.269444	0.000000
0.301519	0.000000
-0.295500	0.000000
1.089006	0.000000
-0.267646	0.000000
-0.690350	0.000000
-0.286715	0.000000
-0.405819	0.000000
0.253102	0.000000
-0.243501	0.000000
0.140338	0.000000
-0.174034	0.000000
-0.243848	0.000000
-0.264394	0.000000
0.559356	0.000000
0.299424	0.000000
0.400616	0.000000
-0.344245	0.000000
-0.483653	0.000000
0.727769	0.000000
-0.321056	0.000000
-0.317892	0.000000
-0.412102	0.000000
-0.275378	0.000000
0.373126	0.000000
0.235953	0.000000
0.440079	0.000000
-0.383909	0.000000
-0.602943	0.000000
-0.525907	0.000000
-0.351441	0.000000
0.663910	0.000000
-0.441207	0.000000
-0.577124	0.000000
0.136166	0.000000
0.354819	0.000000
0.314018	0.000000
-0.292195	0.000000
-0.172683	0.000000
-0.263810	0.000000
-0.431412	0.000000
-0.311107	0.000000
-0.239477	0.000000
-0.191543	0.000000
0.259584	0.000000
-0.613526	0.000000
0.189442	0.000000
0.250121	0.000000
-0.435893	0.000000
0.457465	0.000000
0.341591	0.000000
-0.198546	0.000000
-0.630695	0.000000
-0.582890	0.000000
-0.161475	0.000000
-0.538999	0.000000
0.400758	0.000000
-0.124098	0.000000
0.246622	0.000000
-0.721119	0.000000
-1.404528	0.000000
0.221225	0.000000
-0.412315	0.000000
-0.400059	0.000000
-0.307513	0.000000
0.902797	0.000000
-0.266910	0.000000
-0.583427	0.000000
-0.611194	0.000000
-0.460694	0.000000
-0.251770	0.000000
-0.332427	0.000000
-0.339307	0.000000
-0.517454	0.000000
-0.320599	0.000000
-0.372049	0.000000
0.692667	0.000000
-0.384653	0.000000
0.343842	0.000000
-0.482780	0.000000
0.180044	0.000000
-0.765805	0.000000
0.213550	0.000000
-0.453303	0.000000
-0.496523	0.000000
-0.287959	0.000000
0.491459	0.000000
-0.432945	0.000000
-0.408206	0.000000
-0.323705	0.000000
-0.767040	0.000000
-0.383106	0.000000
-0.646706	0.000000
-0.831638	0.000000
0.122512	0.000000
-0.344838	0.000000
0.227358	0.000000
-0.559093	0.000000
-0.227497	0.000000
-0.409129	0.000000
-0.687685	0.000000
-0.287211	0.000000
-0.467465	0.000000
-0.417215	0.000000
0.616419	0.000000
-0.505763	0.000000
-0.461291	0.000000
-0.575432	0.000000
-0.363046	0.000000
-0.259137	0.000000
0.514513	0.000000
-0.108363	0.000000
-0.670117	0.000000
-0.460420	0.000000
-0.598618	0.000000
-1.207691	0.000000
0.689739	0.000000
-0.425353	0.000000
-0.601043	0.000000
1.682215	0.000000
1.362558	0.000000
-3.304666	0.000000
-0.915784	0.000000
0.623324	0.000000
2.585335	0.000000
0.662704	0.000000
2.158554	0.000000
1.550648	0.000000
0.893775	0.000000
2.696015	0.000000
2.980901	0.000000
2.169157	0.000000
3.047455	0.000000
2.273153	0.000000
1.117242	0.000000
1.223546	0.000000
-0.787839	0.000000
0.639318	0.000000
0.908309	0.000000
1.179046	0.000000
2.398935	0.000000
0.770299	0.000000
1.299774	0.000000
1.892470	0.000000
0.657600	0.000000
2.898026	0.000000
0.635123	0.000000
1.436246	0.000000
-1.141458	0.000000
1.361077	0.000000
1.210287	0.000000
0.667722	0.000000
1.085231	0.000000
0.511730	0.000000
1.063364	0.000000
0.757456	0.000000
2.634779	0.000000
1.774879	0.000000
2.935449	0.000000
2.910220	0.000000
0.404484	0.000000
2.492255	0.000000
2.327179	0.000000
2.906788	0.000000
-0.512462	0.000000
-0.663691	0.000000
2.772259	0.000000
0.679493	0.000000
1.475201	0.000000
2.662638	0.000000
0.368091	0.000000
1.419040	0.000000
1.361174	0.000000
1.547869	0.000000
1.053224	0.000000
2.334540	0.000000
1.170944	0.000000
3.018076	0.000000
3.079563	0.000000
0.546367	0.000000
1.435006	0.000000
1.871015	0.000000
-5.152707	0.000000
-1.972076	0.000000
-0.977347	0.000000
-1.265728	0.000000
-1.794690	0.000000
0.704932	0.000000
1.901877	0.000000
-0.685032	0.000000
-0.716450	0.000000
-0.344448	0.000000
-0.917766	0.000000
-1.098395	0.000000
2.539841	0.000000
2.139129	0.000000
1.318500	0.000000
2.789522	0.000000
-1.925667	0.000000
2.040539	0.000000
-1.824829	0.000000
1.287393	0.000000
-1.812160	0.000000
-0.715961	0.000000
1.198843	0.000000
0.672424	0.000000
-2.892792	0.000000
-1.526672	0.000000
0.873609	0.000000
1.717977	0.000000
0.443176	0.000000
1.227087	0.000000
-0.441047	0.000000
1.745603	0.000000
1.166235	0.000000
2.265651	0.000000
-1.036219	0.000000
0.822044	0.000000
-0.839140	0.000000
-0.586080	0.000000
1.481434	0.000000
-0.415166	0.000000
-0.811903	0.000000
0.688502	0.000000
-0.980908	0.000000
0.650342	0.000000
-0.511674	0.000000
1.891562	0.000000
0.688069	0.000000
-1.572572	0.000000
-1.795052	0.000000
0.219773	0.000000
0.482868	0.000000
-1.300644	0.000000
-0.722240	0.000000
0.542985	0.000000
1.866701	0.000000
-0.961797	0.000000
-0.791791	0.000000
-0.601777	0.000000
-1.406921	0.000000
0.600479	0.000000
-0.649476	0.000000
-2.290008	0.000000
-0.769499	0.000000
-0.300388	0.000000
-1.522190	0.000000
-1.456934	0.000000
-0.798209	0.000000
-0.470787	0.000000
-1.326931	0.000000
-1.076509	0.000000
-1.013698	0.000000
-1.000347	0.000000
-0.504393	0.000000
-1.197354	0.000000
1.269137	0.000000
-0.502128	0.000000
0.918991	0.000000
0.580937	0.000000
-0.960220	0.000000
-0.818734	0.000000
0.952309	0.000000
-1.083486	0.000000
-1.298975	0.000000
-1.135008	0.000000
0.403225	0.000000
-1.422763	0.000000
0.784927	0.000000
-0.448158	0.000000
-1.645603	0.000000
-0.638577	0.000000
-1.422966	0.000000
-1.064214	0.000000
-1.686469	0.000000
-1.339907	0.000000
-0.823303	0.000000
-1.077411	0.000000
-0.637200	0.000000
-0.440915	0.000000
-0.835749	0.000000
-0.585307	0.000000
-0.755824	0.000000
-1.199783	0.000000
0.842319	0.000000
-0.486106	0.000000
-1.187763	0.000000
-0.965558	0.000000
-1.120560	0.000000
-1.213662	0.000000
0.792060	0.000000
-2.470167	0.000000
-0.912377	0.000000
-0.749138	0.000000
-1.536590	0.000000
-1.305909	0.000000
-0.293183	0.000000
-0.896452	0.000000
-0.934558	0.000000
-0.231602	0.000000
-0.253618	0.000000
-0.450269	0.000000
-0.142099	0.000000
-0.604373	0.000000
-1.402515	0.000000
-1.002038	0.000000
-0.560955	0.000000
-0.322681	0.000000
0.545065	0.000000
-0.268569	0.000000
-0.759826	0.000000
-0.310703	0.000000
-0.467969	0.000000
-0.498374	0.000000
0.486825	0.000000
0.367597	0.000000
0.658117	0.000000
-0.331610	0.000000
-0.515481	0.000000
-0.624106	0.000000
-0.721910	0.000000
0.712542	0.000000
0.305240	0.000000
-0.384251	0.000000
0.193221	0.000000
-0.704600	0.000000
-0.638987	0.000000
-0.371986	0.000000
0.567038	0.000000
0.617972	0.000000
-0.285327	0.000000
0.406178	0.000000
-0.146945	0.000000
0.590468	0.000000
-0.130567	0.000000
0.197011	0.000000
-1.021001	0.000000
-0.329062	0.000000
-0.259971	0.000000
-0.237705	0.000000
-0.366333	0.000000
-0.242005	0.000000
-0.377866	0.000000
-0.689518	0.000000
-0.804841	0.000000
0.363454	0.000000
-0.509045	0.000000
0.145802	0.000000
-0.437672	0.000000
-0.448661	0.000000
-0.247859	0.000000
-0.123035	0.000000
-0.271289	0.000000
-0.138909	0.000000
0.335286	0.000000
-0.226896	0.000000
0.381359	0.000000
-0.480493	0.000000
-1.075494	0.000000
0.903866	0.000000
0.493292	0.000000
0.673599	0.000000
-0.240932	0.000000
-0.461462	0.000000
1.237165	0.000000
-1.362404	0.000000
0.880210	0.000000
0.612651	0.000000
0.649568	0.000000
1.803753	0.000000
1.408057	0.000000
0.976127	0.000000
1.765368	0.000000
0.928969	0.000000
0.902485	0.000000
0.332199	0.000000
-1.130944	0.000000
0.258195	0.000000
0.737588	0.000000
-0.330127	0.000000
1.428679	0.000000
0.449123	0.000000
-0.459467	0.000000
0.671910	0.000000
0.289608	0.000000
1.495120	0.000000
-1.111098	0.000000
0.568752	0.000000
0.788009	0.000000
0.656794	0.000000
0.574273	0.000000
0.380607	0.000000
0.622929	0.000000
-0.426376	0.000000
0.204056	0.000000
-0.322545	0.000000
1.593972	0.000000
0.813593	0.000000
1.333005	0.000000
1.500257	0.000000
-0.812078	0.000000
1.222050	0.000000
0.816598	0.000000
1.505837	0.000000
-0.694846	0.000000
0.694527	0.000000
1.750001	0.000000
0.422886	0.000000
0.834532	0.000000
1.237331	0.000000
0.648875	0.000000
0.982243	0.000000
0.578349	0.000000
0.493716	0.000000
0.600692	0.000000
1.430738	0.000000
0.532450	0.000000
1.649495	0.000000
1.924758	0.000000
-0.739594	0.000000
-0.310894	0.000000
-0.622907	0.000000
-0.449556	0.000000
-0.503292	0.000000
-0.638720	0.000000
0.703465	0.000000
-1.915150	0.000000
0.466744	0.000000
1.127761	0.000000
-0.220602	0.000000
-0.238900	0.000000
-0.280019	0.000000
0.344232	0.000000
-0.244832	0.000000
-0.542357	0.000000
0.786031	0.000000
0.668373	0.000000
0.902299	0.000000
0.594575	0.000000
1.209244	0.000000
-0.436895	0.000000
0.321485	0.000000
0.394509	0.000000
-0.221516	0.000000
0.601127	0.000000
0.175570	0.000000
0.312993	0.000000
0.677362	0.000000
1.203411	0.000000
0.360438	0.000000
0.414548	0.000000
0.825302	0.000000
-0.176150	0.000000
0.783915	0.000000
0.544482	0.000000
0.481590	0.000000
-0.427471	0.000000
0.206720	0.000000
-0.292242	0.000000
-0.079426	0.000000
-0.513311	0.000000
-0.478950	0.000000
0.151207	0.000000
0.259220	0.000000
0.813436	0.000000
-0.702052	0.000000
-0.132391	0.000000
0.382597	0.000000
0.368658	0.000000
-0.244380	0.000000
-0.638258	0.000000
0.252938	0.000000
0.530644	0.000000
-0.712832	0.000000
-0.518166	0.000000
0.415711	0.000000
1.435182	0.000000
-0.311345	0.000000
-0.179553	0.000000
0.737028	0.000000
0.565145	0.000000
0.902009	0.000000
-0.611582	0.000000
0.865379	0.000000
-0.428085	0.000000
-0.884984	0.000000
-0.318539	0.000000
-0.782562	0.000000
0.896312	0.000000
-0.109596	0.000000
-0.401226	0.000000
-0.502818	0.000000
0.459543	0.000000
-0.427691	0.000000
1.712918	0.000000
-1.461920	0.000000
0.942796	0.000000
0.652162	0.000000
-0.335174	0.000000
1.520586	0.000000
0.461669	0.000000
-0.711931	0.000000
1.380191	0.000000
-0.461904	0.000000
-0.764156	0.000000
-0.288508	0.000000
0.531063	0.000000
0.361963	0.000000
1.399268	0.000000
1.007375	0.000000
-0.185511	0.000000
0.537096	0.000000
-0.806492	0.000000
1.345833	0.000000
0.780896	0.000000
0.341126	0.000000
-0.444141	0.000000
-0.261279	0.000000
-0.515734	0.000000
-0.393754	0.000000
-0.343961	0.000000
-0.332623	0.000000
-0.388163	0.000000
-0.525270	0.000000
1.233697	0.000000
1.422025	0.000000
-0.246550	0.000000
0.849828	0.000000
0.439879	0.000000
-0.206867	0.000000
1.172012	0.000000
-0.090081	0.000000
-0.383439	0.000000
-1.249690	0.000000
0.581191	0.000000
0.649369	0.000000
0.924584	0.000000
-0.432817	0.000000
0.485890	0.000000
-0.620232	0.000000
-0.524621	0.000000
-0.440421	0.000000
1.052119	0.000000
-0.529396	0.000000
0.623112	0.000000
0.173076	0.000000
0.748699	0.000000
-0.281260	0.000000
-2.358496	0.000000
-0.306728	0.000000
-0.349439	0.000000
-0.168707	0.000000
0.198404	0.000000
-0.281780	0.000000
-0.570613	0.000000
-0.260365	0.000000
0.456432	0.000000
-0.334605	0.000000
0.743070	0.000000
0.263436	0.000000
0.431623	0.000000
-0.731702	0.000000
0.435188	0.000000
0.270980	0.000000
0.270170	0.000000
0.166999	0.000000
0.302411	0.000000
0.691041	0.000000
0.271865	0.000000
0.279085	0.000000
-0.538298	0.000000
0.240703	0.000000
-0.566935	0.000000
-0.830356	0.000000
0.163508	0.000000
-0.311419	0.000000
-0.150325	0.000000
-0.342294	0.000000
-0.380047	0.000000
-0.124562	0.000000
0.710600	0.000000
-0.257736	0.000000
-0.204400	0.000000
0.257442	0.000000
0.191548	0.000000
0.570624	0.000000
0.142986	0.000000
0.705765	0.000000
-0.378576	0.000000
-0.232162	0.000000
-0.239256	0.000000
-0.425415	0.000000
-0.348872	0.000000
0.050356	0.000000
0.566746	0.000000
-0.212537	0.000000
-0.567154	0.000000
0.391224	0.000000
0.260752	0.000000
0.449384	0.000000
-0.424649	0.000000
-0.685673	0.000000
0.898976	0.000000
-0.373122	0.000000
-0.865234	0.000000
1.824053	0.000000
0.767072	0.000000
1.113721	0.000000
1.126271	0.000000
-0.986160	0.000000
-0.910237	0.000000
-1.177858	0.000000
0.394289	0.000000
-0.742229	0.000000
-0.810732	0.000000
0.761398	0.000000
1.379685	0.000000
1.554133	0.000000
1.657162	0.000000
1.046413	0.000000
-2.194280	0.000000
1.651529	0.000000
1.887433	0.000000
-0.920429	0.000000
1.752945	0.000000
-0.327149	0.000000
1.171685	0.000000
1.231636	0.000000
1.632259	0.000000
-1.434457	0.000000
0.881647	0.000000
-0.838658	0.000000
0.896551	0.000000
-0.986427	0.000000
0.902857	0.000000
1.009459	0.000000
0.552794	0.000000
-0.562408	0.000000
-0.332057	0.000000
0.997562	0.000000
1.344101	0.000000
-0.634622	0.000000
-0.522480	0.000000
-0.671958	0.000000
1.385821	0.000000
0.700518	0.000000
-0.430224	0.000000
0.190164	0.000000
-2.114297	0.000000
-0.478520	0.000000
2.285483	0.000000
-0.242289	0.000000
0.783682	0.000000
-1.693393	0.000000
1.079400	0.000000
0.925723	0.000000
0.583011	0.000000
-0.463412	0.000000
0.340637	0.000000
0.817368	0.000000
1.867590	0.000000
1.133348	0.000000
-2.239138	0.000000
-1.979630	0.000000
-1.805013	0.000000
-2.522620	0.000000
-2.606903	0.000000
1.619937	0.000000
2.032359	0.000000
0.536793	0.000000
-2.522376	0.000000
0.797447	0.000000
-1.452229	0.000000
0.700635	0.000000
-0.932386	0.000000
1.551906	0.000000
-1.191973	0.000000
0.950837	0.000000
2.560747	0.000000
-1.880033	0.000000
-1.561613	0.000000
1.560021	0.000000
-1.665296	0.000000
0.987161	0.000000
1.561119	0.000000
-0.640330	0.000000
-2.276355	0.000000
-1.123376	0.000000
-1.908864	0.000000
0.718367	0.000000
1.890282	0.000000
1.453418	0.000000
2.055947	0.000000
1.345211	0.000000
1.102543	0.000000
1.493189	0.000000
-0.607047	0.000000
1.639910	0.000000
-1.814703	0.000000
-0.411469	0.000000
0.728437	0.000000
0.869003	0.000000
1.225431	0.000000
-1.243107	0.000000
-2.281554	0.000000
-0.516162	0.000000
-1.311690	0.000000
-0.225313	0.000000
1.095960	0.000000
0.449615	0.000000
-1.082641	0.000000
0.639660	0.000000
1.296713	0.000000
0.649540	0.000000
0.485539	0.000000
-0.966549	0.000000
-2.486289	0.000000
-1.219102	0.000000
-1.088106	0.000000
0.373396	0.000000
-0.531156	0.000000
-0.707744	0.000000
0.668642	0.000000
-0.557118	0.000000
0.359328	0.000000
0.477048	0.000000
-0.153078	0.000000
0.608445	0.000000
-0.658559	0.000000
-0.572682	0.000000
-0.164294	0.000000
-0.695606	0.000000
-0.208020	0.000000
0.360204	0.000000
0.636120	0.000000
0.331840	0.000000
-0.394248	0.000000
0.740260	0.000000
-0.244540	0.000000
-0.595535	0.000000
-0.528607	0.000000
-0.328628	0.000000
-0.119323	0.000000
0.478992	0.000000
0.968013	0.000000
-0.376669	0.000000
0.221392	0.000000
-0.562636	0.000000
-0.499525	0.000000
-0.228101	0.000000
0.323761	0.000000
0.848643	0.000000
-0.359107	0.000000
-0.674355	0.000000
1.179977	0.000000
0.741679	0.000000
-0.394561	0.000000
0.272549	0.000000
0.218953	0.000000
-0.476668	0.000000
0.951458	0.000000
0.250889	0.000000
0.394060	0.000000
-0.625574	0.000000
0.289506	0.000000
0.736970	0.000000
-0.456537	0.000000
1.175560	0.000000
-0.465990	0.000000
-0.429076	0.000000
0.451992	0.000000
-0.158988	0.000000
0.272775	0.000000
0.290254	0.000000
1.008031	0.000000
0.115074	0.000000
-0.296036	0.000000
-0.428585	0.000000
-0.146480	0.000000
0.798591	0.000000
0.807636	0.000000
-0.410103	0.000000
-0.738362	0.000000
1.216544	0.000000
-0.934837	0.000000
0.770449	0.000000
-0.950678	0.000000
1.015716	0.000000
0.617079	0.000000
0.101253	0.000000
-0.386755	0.000000
-0.302942	0.000000
-1.785168	0.000000
0.403693	0.000000
1.998413	0.000000
1.528099	0.000000
-0.686314	0.000000
0.571826	0.000000
-0.454156	0.000000
0.376180	0.000000
-0.354735	0.000000
1.088618	0.000000
-0.659938	0.000000
0.774745	0.000000
1.442406	0.000000
-0.611141	0.000000
-0.215829	0.000000
-0.822788	0.000000
0.609643	0.000000
0.860671	0.000000
0.874872	0.000000
1.574177	0.000000
0.693539	0.000000
-0.922394	0.000000
1.647494	0.000000
1.295815	0.000000
-0.143782	0.000000
0.702326	0.000000
-0.424301	0.000000
-0.826358	0.000000
1.344830	0.000000
-0.486132	0.000000
0.613278	0.000000
-0.545377	0.000000
0.479436	0.000000
1.338949	0.000000
-0.105210	0.000000
1.546487	0.000000
-0.754669	0.000000
-0.559475	0.000000
0.683115	0.000000
0.124600	0.000000
1.206411	0.000000
0.367975	0.000000
1.354025	0.000000
-0.869108	0.000000
-1.174553	0.000000
-0.688150	0.000000
-0.769124	0.000000
-0.366022	0.000000
-0.303932	0.000000
0.429052	0.000000
-0.144436	0.000000
-0.726939	0.000000
-0.413173	0.000000
0.380667	0.000000
-0.501253	0.000000
-0.364282	0.000000
-0.438630	0.000000
-0.194190	0.000000
-0.224300	0.000000
-0.288387	0.000000
-0.260362	0.000000
-0.538511	0.000000
0.355264	0.000000
-0.199361	0.000000
0.375195	0.000000
-0.470272	0.000000
0.252801	0.000000
0.503769	0.000000
-0.463764	0.000000
-0.649990	0.000000
-0.280914	0.000000
-0.239208	0.000000
-0.452440	0.000000
-0.274968	0.000000
0.378122	0.000000
-0.677634	0.000000
0.348530	0.000000
-0.252703	0.000000
-0.415635	0.000000
0.282123	0.000000
-0.339959	0.000000
-0.514690	0.000000
-0.496648	0.000000
-0.527783	0.000000
-0.563170	0.000000
-0.247967	0.000000
-0.317622	0.000000
-0.473482	0.000000
0.285626	0.000000
-0.264817	0.000000
-0.134209	0.000000
-0.325013	0.000000
0.382848	0.000000
-0.513320	0.000000
-0.303490	0.000000
-0.194755	0.000000
0.271787	0.000000
-0.565744	0.000000
0.647957	0.000000
-0.180889	0.000000
-0.462925	0.000000
-0.414083	0.000000
-0.826670	0.000000
-0.214388	0.000000
-0.371417	0.000000
-0.307457	0.000000
-0.410663	0.000000
-0.957551	0.000000
-0.737647	0.000000
0.722767	0.000000
0.666229	0.000000
0.559874	0.000000
-0.281621	0.000000
0.865405	0.000000
0.307597	0.000000
-0.837944	0.000000
-0.860674	0.000000
-1.485290	0.000000
-0.240705	0.000000
-0.407612	0.000000
0.392124	0.000000
-0.633434	0.000000
-1.298339	0.000000
-0.629147	0.000000
0.302679	0.000000
-0.862068	0.000000
0.762653	0.000000
0.839233	0.000000
-0.545786	0.000000
0.611519	0.000000
0.711274	0.000000
-0.600133	0.000000
-0.361466	0.000000
-0.138847	0.000000
1.054138	0.000000
-0.375307	0.000000
-0.646205	0.000000
-1.293968	0.000000
-0.601306	0.000000
-0.513130	0.000000
-0.579726	0.000000
-0.504049	0.000000
-0.637953	0.000000
0.261360	0.000000
0.587084	0.000000
-0.920212	0.000000
-0.584620	0.000000
-0.412725	0.000000
-0.290773	0.000000
-0.714352	0.000000
-0.517279	0.000000
-0.254711	0.000000
0.627940	0.000000
-0.796843	0.000000
-0.246850	0.000000
-0.330629	0.000000
-0.752403	0.000000
-0.178119	0.000000
0.523770	0.000000
1.056391	0.000000
-0.664457	0.000000
-0.763420	0.000000
-0.421497	0.000000
-0.487148	0.000000
0.514502	0.000000
-0.390839	0.000000
0.500570	0.000000
-0.540788	0.000000
-0.387604	0.000000
0.365735	0.000000
0.238070	0.000000
0.905612	0.000000
-0.373947	0.000000
-0.386090	0.000000
0.494457	0.000000
0.367352	0.000000
-0.772748	0.000000
-0.388462	0.000000
-0.269542	0.000000
-0.360416	0.000000
-0.508155	0.000000
-0.322858	0.000000
0.722915	0.000000
-1.414424	0.000000
-1.360945	0.000000
0.363005	0.000000
-0.813805	0.000000
-0.861896	0.000000
-0.817650	0.000000
-0.382916	0.000000
-0.943051	0.000000
-0.186686	0.000000
0.205857	0.000000
-0.603194	0.000000
-1.525686	0.000000
0.759851	0.000000
0.393818	0.000000
0.593074	0.000000
-0.153188	0.000000
-0.320337	0.000000
0.490710	0.000000
0.640878	0.000000
0.592955	0.000000
0.289007	0.000000
-0.405594	0.000000
-0.283157	0.000000
-0.907664	0.000000
-0.440300	0.000000
-0.579343	0.000000
-0.314302	0.000000
-0.359204	0.000000
-0.780777	0.000000
-0.811072	0.000000
0.877357	0.000000
-0.570148	0.000000
0.694747	0.000000
-0.672203	0.000000
-0.820500	0.000000
-0.867381	0.000000
0.294683	0.000000
0.371336	0.000000
-0.147087	0.000000
0.950834	0.000000
-0.375873	0.000000
0.341709	0.000000
-0.478065	0.000000
-0.598625	0.000000
0.772495	0.000000
0.573150	0.000000
-0.463024	0.000000
0.108383	0.000000
0.201342	0.000000
1.185162	0.000000
0.582680	0.000000
1.036895	0.000000
1.107718	0.000000
-0.319201	0.000000
1.215117	0.000000
1.161890	0.000000
0.809069	0.000000
1.413072	0.000000
0.925476	0.000000
0.744620	0.000000
0.411705	0.000000
-1.497978	0.000000
0.489610	0.000000
0.347486	0.000000
0.257579	0.000000
0.898909	0.000000
-0.546273	0.000000
0.715066	0.000000
0.750362	0.000000
0.608870	0.000000
1.513278	0.000000
0.455875	0.000000
0.487189	0.000000
0.456642	0.000000
0.429522	0.000000
0.736481	0.000000
0.551264	0.000000
0.684680	0.000000
0.293180	0.000000
0.922585	0.000000
0.516767	0.000000
1.533770	0.000000
0.735633	0.000000
1.134745	0.000000
1.265444	0.000000
0.438429	0.000000
1.300410	0.000000
0.956455	0.000000
1.462314	0.000000
0.640436	0.000000
0.434782	0.000000
1.463915	0.000000
0.476992	0.000000
0.742595	0.000000
1.126279	0.000000
0.765099	0.000000
0.770801	0.000000
0.600029	0.000000
0.644646	0.000000
0.489459	0.000000
1.364497	0.000000
0.381591	0.000000
1.292051	0.000000
1.284959	0.000000
-0.781028	0.000000
-0.576266	0.000000
1.121671	0.000000
1.079632	0.000000
-0.704091	0.000000
1.465366	0.000000
-1.688096	0.000000
1.475168	0.000000
-0.422746	0.000000
-0.511106	0.000000
0.289138	0.000000
-0.536227	0.000000
-0.322459	0.000000
0.324659	0.000000
1.014352	0.000000
0.918372	0.000000
-0.885616	0.000000
-2.059964	0.000000
-3.204779	0.000000
0.745170	0.000000
-1.410677	0.000000
0.783047	0.000000
-1.272174	0.000000
-1.249771	0.000000
0.495478	0.000000
0.277527	0.000000
0.485951	0.000000
-2.429367	0.000000
1.589054	0.000000
-1.254015	0.000000
1.922074	0.000000
-0.442302	0.000000
0.726048	0.000000
1.501922	0.000000
-1.010710	0.000000
-1.081560	0.000000
-0.846768	0.000000
1.329624	0.000000
0.330991	0.000000
0.619607	0.000000
0.746873	0.000000
0.466573	0.000000
-0.297118	0.000000
-0.229664	0.000000
0.674414	0.000000
-2.302422	0.000000
1.139997	0.000000
0.786692	0.000000
2.537318	0.000000
-0.900463	0.000000
1.071839	0.000000
-0.928090	0.000000
-0.208034	0.000000
1.029515	0.000000
0.431820	0.000000
0.847870	0.000000
-0.860267	0.000000
-1.155995	0.000000
0.659267	0.000000
0.569171	0.000000
0.704174	0.000000
0.720761	0.000000
-0.799529	0.000000
-0.259161	0.000000
-0.417514	0.000000
0.566047	0.000000
-0.404761	0.000000
-0.205486	0.000000
1.141440	0.000000
0.381064	0.000000
-0.796917	0.000000
-0.229866	0.000000
1.116801	0.000000
-0.830926	0.000000
0.944803	0.000000
-0.469357	0.000000
1.422650	0.000000
0.489163	0.000000
-0.822607	0.000000
-3.164237	0.000000
-1.620573	0.000000
-0.395444	0.000000
0.780873	0.000000
-0.387520	0.000000
0.796582	0.000000
0.667965	0.000000
-0.321574	0.000000
1.162743	0.000000
0.437465	0.000000
-1.143077	0.000000
-0.337397	0.000000
0.887395	0.000000
0.596498	0.000000
0.511756	0.000000
-1.127740	0.000000
0.846500	0.000000
1.045649	0.000000
-0.773224	0.000000
1.020417	0.000000
-0.253742	0.000000
-0.570864	0.000000
0.404305	0.000000
0.990137	0.000000
0.907050	0.000000
-0.449048	0.000000
0.688835	0.000000
-1.198899	0.000000
0.592027	0.000000
-0.314747	0.000000
0.515555	0.000000
-0.366617	0.000000
0.922101	0.000000
2.823903	0.000000
0.927668	0.000000
1.176399	0.000000
0.397372	0.000000
-0.145124	0.000000
0.549570	0.000000
0.529108	0.000000
-0.717566	0.000000
1.213127	0.000000
1.436089	0.000000
-0.794377	0.000000
-0.826001	0.000000
0.495530	0.000000
2.025440	0.000000
0.379667	0.000000
1.442862	0.000000
1.122516	0.000000
1.290390	0.000000
1.766552	0.000000
1.772060	0.000000
1.773128	0.000000
1.540448	0.000000
1.708875	0.000000
0.504077	0.000000
0.955561	0.000000
-0.292347	0.000000
0.348568	0.000000
-0.672932	0.000000
-1.775229	0.000000
1.198241	0.000000
0.981029	0.000000
-0.799396	0.000000
1.460693	0.000000
0.547914	0.000000
1.729560	0.000000
-0.220645	0.000000
0.883990	0.000000
-0.845566	0.000000
0.633291	0.000000
1.195670	0.000000
0.272457	0.000000
1.308871	0.000000
0.494290	0.000000
0.400284	0.000000
0.599177	0.000000
1.144515	0.000000
1.579438	0.000000
1.883421	0.000000
1.948404	0.000000
-0.284347	0.000000
2.118307	0.000000
1.621373	0.000000
1.610286	0.000000
-0.462578	0.000000
-0.422155	0.000000
1.746376	0.000000
0.120437	0.000000
1.683406	0.000000
1.484592	0.000000
-0.396086	0.000000
1.585943	0.000000
0.980427	0.000000
1.517215	0.000000
-0.229682	0.000000
1.673230	0.000000
0.789211	0.000000
1.924385	0.000000
1.736041	0.000000
-0.585219	0.000000
0.665319	0.000000
-1.835903	0.000000
-0.760780	0.000000
-0.507974	0.000000
-0.881656	0.000000
-0.697354	0.000000
-0.759950	0.000000
0.874557	0.000000
1.382494	0.000000
0.320726	0.000000
-0.670161	0.000000
-0.203707	0.000000
-0.450294	0.000000
-0.227964	0.000000
-0.602722	0.000000
0.942229	0.000000
-0.588176	0.000000
0.600893	0.000000
0.252580	0.000000
-0.255770	0.000000
-1.813075	0.000000
0.709405	0.000000
-0.498775	0.000000
0.355244	0.000000
1.084260	0.000000
-0.802009	0.000000
-0.211383	0.000000
0.687969	0.000000
0.725383	0.000000
-0.540516	0.000000
0.789729	0.000000
0.761793	0.000000
0.966536	0.000000
0.349715	0.000000
0.762009	0.000000
0.768012	0.000000
-0.441236	0.000000
0.560147	0.000000
-1.255762	0.000000
-0.723525	0.000000
0.264322	0.000000
-0.452301	0.000000
0.427243	0.000000
-0.605760	0.000000
-0.620497	0.000000
-1.077962	0.000000
-0.671207	0.000000
-0.420307	0.000000
0.578685	0.000000
-0.364232	0.000000
-0.637470	0.000000
-0.243020	0.000000
0.868620	0.000000
0.351382	0.000000
0.746373	0.000000
-0.464914	0.000000
-0.835806	0.000000
-0.585125	0.000000
-0.577672	0.000000
-0.907741	0.000000
-0.262005	0.000000
0.846812	0.000000
0.342797	0.000000
-0.851732	0.000000
0.264470	0.000000
-0.432303	0.000000
0.329179	0.000000
-0.147854	0.000000
-0.908678	0.000000
-0.374616	0.000000
-0.651062	0.000000
0.268314	0.000000
-0.295774	0.000000
0.093944	0.000000
-0.691423	0.000000
-0.378248	0.000000
0.732513	0.000000
-0.192291	0.000000
0.554483	0.000000
-0.700478	0.000000
-0.782189	0.000000
-1.920171	0.000000
0.624335	0.000000
-0.091485	0.000000
-0.463899	0.000000
-0.231507	0.000000
0.709443	0.000000
0.626174	0.000000
0.307752	0.000000
0.195661	0.000000
-0.446757	0.000000
-0.278979	0.000000
0.284071	0.000000
-0.423433	0.000000
-0.214811	0.000000
-0.298216	0.000000
-0.259019	0.000000
-0.065796	0.000000
-0.486314	0.000000
-0.286117	0.000000
-1.001955	0.000000
0.243000	0.000000
0.175707	0.000000
-0.268437	0.000000
0.597516	0.000000
-0.486294	0.000000
-0.325111	0.000000
0.433445	0.000000
0.219124	0.000000
-0.289662	0.000000
0.751190	0.000000
-0.194059	0.000000
-0.598368	0.000000
-0.227586	0.000000
-0.431990	0.000000
-0.309207	0.000000
-0.303047	0.000000
-0.092984	0.000000
-0.501971	0.000000
2.100227	0.000000
1.801713	0.000000
-1.509593	0.000000
0.598323	0.000000
-0.645859	0.000000
1.572563	0.000000
-0.452721	0.000000
1.335527	0.000000
2.470783	0.000000
1.537532	0.000000
2.867637	0.000000
2.246468	0.000000
2.290041	0.000000
2.254108	0.000000
2.362435	0.000000
1.166381	0.000000
1.965618	0.000000
-0.627073	0.000000
0.757082	0.000000
0.969270	0.000000
-1.392986	0.000000
1.905031	0.000000
1.679105	0.000000
-2.553931	0.000000
2.088042	0.000000
1.243837	0.000000
2.328854	0.000000
-0.371120	0.000000
1.336812	0.000000
0.732091	0.000000
1.384341	0.000000
2.126972	0.000000
1.170400	0.000000
2.133952	0.000000
-1.009961	0.000000
1.630339	0.000000
1.672744	0.000000
1.467416	0.000000
2.381867	0.000000
2.510567	0.000000
2.220973	0.000000
-1.138467	0.000000
2.729376	0.000000
2.170706	0.000000
2.460304	0.000000
-1.223437	0.000000
0.875956	0.000000
2.152694	0.000000
1.056384	0.000000
1.482446	0.000000
2.003331	0.000000
-0.952831	0.000000
1.527016	0.000000
2.153586	0.000000
1.762436	0.000000
1.444334	0.000000
1.536731	0.000000
-0.341406	0.000000
2.355707	0.000000
2.490638	0.000000
0.457540	0.000000
-0.462205	0.000000
-0.506097	0.000000
-0.343518	0.000000
-0.540878	0.000000
-0.550893	0.000000
-0.258207	0.000000
-0.376421	0.000000
-0.517658	0.000000
0.337407	0.000000
-0.177883	0.000000
-0.579686	0.000000
-0.375338	0.000000
-0.689511	0.000000
-0.513687	0.000000
0.529484	0.000000
-0.315452	0.000000
-0.372373	0.000000
0.416830	0.000000
-0.443490	0.000000
0.471193	0.000000
-0.816030	0.000000
0.388985	0.000000
-0.210551	0.000000
-0.483407	0.000000
-0.299159	0.000000
-0.433350	0.000000
-0.731238	0.000000
-0.316873	0.000000
0.291086	0.000000
0.616632	0.000000
-0.465590	0.000000
0.279596	0.000000
-0.459311	0.000000
0.898574	0.000000
0.179251	0.000000
-0.185951	0.000000
-0.238019	0.000000
-0.295110	0.000000
-0.484748	0.000000
-0.535249	0.000000
-0.569153	0.000000
-0.441703	0.000000
-0.335950	0.000000
-0.630081	0.000000
-0.765886	0.000000
0.377167	0.000000
-0.327888	0.000000
0.581588	0.000000
-0.455153	0.000000
-0.462394	0.000000
-0.429727	0.000000
-0.235589	0.000000
-0.415887	0.000000
-0.305362	0.000000
0.663870	0.000000
-0.577964	0.000000
-0.384018	0.000000
-0.692155	0.000000
-0.770153	0.000000
0.514977	0.000000
-1.065685	0.000000
0.742805	0.000000
-0.608977	0.000000
0.551902	0.000000
-0.876370	0.000000
0.836344	0.000000
0.449776	0.000000
-0.371863	0.000000
-0.944960	0.000000
-0.427184	0.000000
-1.210410	0.000000
-0.746726	0.000000
-1.176398	0.000000
-0.484483	0.000000
1.284400	0.000000
-0.597438	0.000000
0.433747	0.000000
-0.578279	0.000000
0.498780	0.000000
0.829231	0.000000
-0.934041	0.000000
0.609498	0.000000
0.728875	0.000000
-0.748471	0.000000
-2.064272	0.000000
-1.322361	0.000000
-0.843384	0.000000
1.060578	0.000000
0.420128	0.000000
1.009088	0.000000
-0.557520	0.000000
-1.211876	0.000000
-0.330338	0.000000
1.157966	0.000000
0.607254	0.000000
-0.589073	0.000000
-0.650758	0.000000
-0.763387	0.000000
-0.807378	0.000000
-0.193437	0.000000
-1.098076	0.000000
-0.803112	0.000000
-0.838730	0.000000
-1.239781	0.000000
-0.741126	0.000000
-0.608479	0.000000
-1.051656	0.000000
0.942736	0.000000
-1.546637	0.000000
-0.735486	0.000000
-1.064009	0.000000
-0.206546	0.000000
-0.456529	0.000000
-0.342601	0.000000
1.031296	0.000000
-0.620580	0.000000
1.083524	0.000000
-1.146862	0.000000
-1.102316	0.000000
-0.760123	0.000000
-0.416501	0.000000
0.492055	0.000000
0.369647	0.000000
-0.280560	0.000000
-0.483742	0.000000
-0.601302	0.000000
-0.827363	0.000000
-0.169297	0.000000
0.339532	0.000000
0.166411	0.000000
-0.280491	0.000000
-0.284917	0.000000
-0.376129	0.000000
-0.334894	0.000000
0.532038	0.000000
0.437112	0.000000
-0.610172	0.000000
0.283704	0.000000
-0.653563	0.000000
0.762418	0.000000
-0.253231	0.000000
0.314801	0.000000
-0.824835	0.000000
-0.188619	0.000000
0.154413	0.000000
-0.519248	0.000000
-1.290128	0.000000
0.257580	0.000000
-0.277612	0.000000
0.586879	0.000000
-0.344498	0.000000
0.407866	0.000000
-0.490810	0.000000
0.513045	0.000000
0.460531	0.000000
0.290064	0.000000
-0.226472	0.000000
-0.272379	0.000000
-0.643892	0.000000
-0.215996	0.000000
0.702474	0.000000
-0.424506	0.000000
-0.170756	0.000000
-0.241684	0.000000
-0.942309	0.000000
0.563113	0.000000
-0.159600	0.000000
0.433325	0.000000
-0.427240	0.000000
-0.373633	0.000000
-0.979038	0.000000
-0.259725	0.000000
0.341312	0.000000
0.192246	0.000000
0.429795	0.000000
-0.183064	0.000000
-0.407870	0.000000
-0.471214	0.000000
-0.185821	0.000000
2.597028	0.000000
3.673568	0.000000
0.799290	0.000000
-0.805265	0.000000
-0.441325	0.000000
1.657084	0.000000
-0.438805	0.000000
0.641674	0.000000
3.235907	0.000000
1.692408	0.000000
2.482771	0.000000
0.424969	0.000000
3.369762	0.000000
-0.871567	0.000000
2.935730	0.000000
0.781439	0.000000
2.609980	0.000000
0.645018	0.000000
2.557434	0.000000
-1.378336	0.000000
-1.537813	0.000000
1.320100	0.000000
2.721305	0.000000
-0.501446	0.000000
3.785635	0.000000
3.470240	0.000000
1.282563	0.000000
0.391491	0.000000
3.017702	0.000000
-1.249049	0.000000
-0.811830	0.000000
3.667101	0.000000
1.931751	0.000000
3.364339	0.000000
0.990557	0.000000
2.826332	0.000000
2.702510	0.000000
-1.932163	0.000000
3.324763	0.000000
0.671035	0.000000
2.046105	0.000000
1.933361	0.000000
2.533531	0.000000
3.493876	0.000000
1.462335	0.000000
1.083429	0.000000
1.421355	0.000000
1.017062	0.000000
0.799470	0.000000
2.753665	0.000000
1.532844	0.000000
-1.055113	0.000000
1.159340	0.000000
3.294412	0.000000
2.892747	0.000000
1.339898	0.000000
0.954873	0.000000
-0.663820	0.000000
1.221711	0.000000
-0.984369	0.000000
-0.689018	0.000000
-0.763660	0.000000
-0.351610	0.000000
0.235386	0.000000
-0.266390	0.000000
-0.412946	0.000000
-0.318553	0.000000
-0.410990	0.000000
-0.698529	0.000000
-0.269664	0.000000
-0.331886	0.000000
-0.325044	0.000000
-0.400055	0.000000
-0.536021	0.000000
-0.361181	0.000000
0.418843	0.000000
-0.325176	0.000000
0.782856	0.000000
0.219895	0.000000
0.212331	0.000000
-0.651971	0.000000
-0.288971	0.000000
-0.731664	0.000000
-0.277920	0.000000
-0.621424	0.000000
-0.874219	0.000000
-0.357969	0.000000
-0.124701	0.000000
-1.738462	0.000000
-0.228157	0.000000
0.546204	0.000000
-0.634995	0.000000
-0.625036	0.000000
-0.590073	0.000000
0.763814	0.000000
0.213647	0.000000
-0.178887	0.000000
-0.116332	0.000000
-0.713395	0.000000
0.202895	0.000000
-0.256483	0.000000
-0.667837	0.000000
-0.480013	0.000000
-0.451262	0.000000
-0.411170	0.000000
0.255297	0.000000
0.394262	0.000000
-0.300473	0.000000
-0.102039	0.000000
-0.395423	0.000000
-0.764205	0.000000
0.352011	0.000000
-0.253076	0.000000
-0.496663	0.000000
-0.435387	0.000000
-0.112270	0.000000
-0.388779	0.000000
0.354120	0.000000
-0.932961	0.000000
-0.567076	0.000000
0.484353	0.000000
0.540260	0.000000
0.603661	0.000000
0.311758	0.000000
1.019463	0.000000
0.443190	0.000000
-0.697960	0.000000
0.514509	0.000000
0.918954	0.000000
0.567951	0.000000
0.543455	0.000000
0.152746	0.000000
0.803057	0.000000
-0.891491	0.000000
0.779115	0.000000
0.393185	0.000000
0.551480	0.000000
-1.172731	0.000000
0.632228	0.000000
-1.685353	0.000000
-0.714449	0.000000
0.322954	0.000000
1.049881	0.000000
-0.856099	0.000000
0.824726	0.000000
0.812859	0.000000
0.335530	0.000000
0.041747	0.000000
0.411875	0.000000
-3.181368	0.000000
0.498629	0.000000
0.726671	0.000000
1.227984	0.000000
0.323141	0.000000
0.501560	0.000000
1.205309	0.000000
0.749879	0.000000
-0.882990	0.000000
0.746232	0.000000
-0.351467	0.000000
0.553636	0.000000
1.098488	0.000000
0.884372	0.000000
0.905407	0.000000
-0.306306	0.000000
-0.628407	0.000000
0.699830	0.000000
-0.681138	0.000000
-0.388794	0.000000
-0.543315	0.000000
-0.607612	0.000000
-1.031493	0.000000
0.533963	0.000000
0.502611	0.000000
0.735453	0.000000
1.011775	0.000000
-0.992340	0.000000
-0.796950	0.000000
0.642200	0.000000
-1.142907	0.000000
1.606053	0.000000
-0.932590	0.000000
1.200424	0.000000
1.020843	0.000000
1.488843	0.000000
0.436566	0.000000
1.453567	0.000000
1.057527	0.000000
0.443523	0.000000
-1.059678	0.000000
-0.981533	0.000000
0.332036	0.000000
0.375069	0.000000
0.854384	0.000000
0.428564	0.000000
-1.316356	0.000000
-1.075170	0.000000
0.638989	0.000000
-0.917814	0.000000
-1.082046	0.000000
0.356161	0.000000
0.467145	0.000000
-0.492120	0.000000
0.653242	0.000000
-0.612807	0.000000
0.557649	0.000000
0.381403	0.000000
0.478760	0.000000
-0.566683	0.000000
-0.695933	0.000000
-3.708851	0.000000
0.418516	0.000000
-0.788670	0.000000
1.212480	0.000000
2.057431	0.000000
-0.252960	0.000000
0.860398	0.000000
0.601657	0.000000
-0.729270	0.000000
-0.865951	0.000000
-1.303693	0.000000
-1.117071	0.000000
-0.318984	0.000000
-0.478805	0.000000
-0.420619	0.000000
0.644359	0.000000
0.490987	0.000000
0.552768	0.000000
-0.571726	0.000000
0.357479	0.000000
0.312782	0.000000
0.957894	0.000000
-1.004553	0.000000
-0.995538	0.000000
0.224082	0.000000
-0.583377	0.000000
-0.164686	0.000000
-1.079964	0.000000
-0.384034	0.000000
0.142650	0.000000
-0.357359	0.000000
-0.622255	0.000000
0.684203	0.000000
-0.307095	0.000000
-0.539211	0.000000
-0.704757	0.000000
1.111437	0.000000
-0.401175	0.000000
-0.794555	0.000000
-0.470268	0.000000
-0.359330	0.000000
-0.299025	0.000000
-0.952709	0.000000
-0.556280	0.000000
-0.745080	0.000000
0.272980	0.000000
-0.552029	0.000000
0.905381	0.000000
-0.582622	0.000000
0.531449	0.000000
1.093076	0.000000
-0.450854	0.000000
-0.657609	0.000000
1.030423	0.000000
-0.651176	0.000000
-0.816604	0.000000
-0.898970	0.000000
0.863334	0.000000
0.269429	0.000000
0.568681	0.000000
-0.332779	0.000000
-1.060269	0.000000
-0.332723	0.000000
-0.781020	0.000000
-0.542964	0.000000
-0.374616	0.000000
-0.508300	0.000000
-0.565661	0.000000
-0.776839	0.000000
-0.472788	0.000000
-0.598454	0.000000
0.301913	0.000000
-0.693147	0.000000
-0.622453	0.000000
-0.828321	0.000000
0.876651	0.000000
0.139454	0.000000
-0.855194	0.000000
-0.395412	0.000000
-0.842797	0.000000
-0.678498	0.000000
0.836010	0.000000
-0.260433	0.000000
-0.500602	0.000000
-0.456304	0.000000
-0.325959	0.000000
-0.945073	0.000000
0.530593	0.000000
-0.578743	0.000000
-0.648953	0.000000
-0.512670	0.000000
-0.571853	0.000000
1.020786	0.000000
0.860915	0.000000
1.787799	0.000000
0.850345	0.000000
1.782648	0.000000
0.900684	0.000000
0.256260	0.000000
0.450241	0.000000
-0.392494	0.000000
-0.851937	0.000000
0.248178	0.000000
-0.322310	0.000000
0.246065	0.000000
0.885482	0.000000
-1.124650	0.000000
0.876243	0.000000
-0.527813	0.000000
0.831784	0.000000
-0.866098	0.000000
-0.952387	0.000000
-0.613702	0.000000
0.924063	0.000000
0.141557	0.000000
0.578577	0.000000
-0.391545	0.000000
1.435784	0.000000
0.714813	0.000000
1.123257	0.000000
1.196586	0.000000
0.747499	0.000000
-2.393332	0.000000
0.781976	0.000000
1.253779	0.000000
0.457326	0.000000
0.463857	0.000000
0.614802	0.000000
-0.295130	0.000000
-0.640918	0.000000
-0.538424	0.000000
0.633666	0.000000
0.364283	0.000000
0.339406	0.000000
-0.556599	0.000000
1.275113	0.000000
-0.761402	0.000000
0.380142	0.000000
0.700095	0.000000
1.024861	0.000000
-0.904703	0.000000
1.664718	0.000000
-0.110833	0.000000
0.237220	0.000000
-0.466938	0.000000
0.114885	0.000000
-0.435982	0.000000
-0.413960	0.000000
-0.667858	0.000000
-0.735436	0.000000
-0.517507	0.000000
-0.777362	0.000000
0.699282	0.000000
-0.568110	0.000000
-0.605789	0.000000
-0.435936	0.000000
0.760366	0.000000
-0.140917	0.000000
-0.586413	0.000000
-0.522867	0.000000
-0.165129	0.000000
-0.092369	0.000000
-0.375999	0.000000
-0.333831	0.000000
-0.434035	0.000000
-0.269018	0.000000
-0.655082	0.000000
0.778287	0.000000
-0.446377	0.000000
0.649251	0.000000
0.516055	0.000000
0.217111	0.000000
-0.811191	0.000000
0.390378	0.000000
-0.463260	0.000000
-1.260844	0.000000
-0.300565	0.000000
0.482050	0.000000
-1.049756	0.000000
0.281496	0.000000
-0.351742	0.000000
-0.809196	0.000000
-0.371693	0.000000
-1.325468	0.000000
-0.710973	0.000000
0.266463	0.000000
-0.288511	0.000000
0.207744	0.000000
-0.486729	0.000000
-0.130413	0.000000
-0.350082	0.000000
0.320210	0.000000
-0.171707	0.000000
-0.407316	0.000000
-0.298682	0.000000
0.631539	0.000000
0.245595	0.000000
-0.322916	0.000000
-0.547082	0.000000
-0.878250	0.000000
-0.341624	0.000000
0.885723	0.000000
-0.324517	0.000000
-0.951675	0.000000
-0.255500	0.000000
-0.115159	0.000000
-0.438487	0.000000
-0.414100	0.000000
-0.426205	0.000000
-0.559163	0.000000
-0.687676	0.000000
-0.774419	0.000000
-1.158633	0.000000
-0.723051	0.000000
1.813481	0.000000
-0.995846	0.000000
-1.395455	0.000000
-1.054545	0.000000
-0.832315	0.000000
0.570066	0.000000
0.470484	0.000000
-0.459667	0.000000
-0.442240	0.000000
-0.541706	0.000000
-0.592747	0.000000
-0.457730	0.000000
-0.341795	0.000000
-1.826060	0.000000
-0.589979	0.000000
-0.504581	0.000000
-0.584412	0.000000
-0.605295	0.000000
-0.520868	0.000000
-1.320871	0.000000
-0.581599	0.000000
-0.670925	0.000000
-0.614207	0.000000
-1.708422	0.000000
-1.220571	0.000000
-0.762078	0.000000
-1.057520	0.000000
-0.529722	0.000000
-1.438350	0.000000
-0.911970	0.000000
-3.692207	0.000000
-1.340125	0.000000
-1.027189	0.000000
-0.932999	0.000000
-0.537439	0.000000
-0.312133	0.000000
-0.670598	0.000000
-1.248165	0.000000
-0.850896	0.000000
-0.711174	0.000000
-0.642424	0.000000
-1.274070	0.000000
-1.429183	0.000000
-1.128988	0.000000
-0.964949	0.000000
-1.027055	0.000000
-0.929148	0.000000
-1.395939	0.000000
-4.520492	0.000000
-0.424382	0.000000
-0.609222	0.000000
-0.671661	0.000000
-1.392655	0.000000
0.580355	0.000000
-0.411966	0.000000
-0.568450	0.000000
0.395959	0.000000
0.376802	0.000000
0.932825	0.000000
0.563594	0.000000
-1.199466	0.000000
-0.143014	0.000000
-0.566401	0.000000
-1.140723	0.000000
-0.647550	0.000000
0.460118	0.000000
0.137627	0.000000
-0.598732	0.000000
-0.205908	0.000000
-0.294986	0.000000
-0.279252	0.000000
-0.844944	0.000000
-0.469145	0.000000
-1.177104	0.000000
-0.535451	0.000000
0.753623	0.000000
1.028935	0.000000
0.503972	0.000000
0.377206	0.000000
0.592369	0.000000
-0.567041	0.000000
-0.742254	0.000000
-0.261667	0.000000
-0.522214	0.000000
-0.401504	0.000000
0.879466	0.000000
-0.906575	0.000000
-0.478690	0.000000
-0.485301	0.000000
0.715482	0.000000
0.384161	0.000000
-1.405789	0.000000
-1.043177	0.000000
-0.496768	0.000000
-0.169194	0.000000
0.698279	0.000000
-0.400655	0.000000
-0.938356	0.000000
-0.385382	0.000000
-0.394142	0.000000
0.226367	0.000000
-0.814140	0.000000
-1.003543	0.000000
0.508865	0.000000
0.349758	0.000000
0.286301	0.000000
-0.196560	0.000000
-0.350830	0.000000
0.288213	0.000000
-0.484342	0.000000
-2.331969	0.000000
-0.966915	0.000000
-1.097958	0.000000
-0.703700	0.000000
0.123498	0.000000
0.412751	0.000000
-1.792953	0.000000
-0.616142	0.000000
1.273199	0.000000
-1.418377	0.000000
0.694895	0.000000
0.591077	0.000000
-0.740756	0.000000
-1.499930	0.000000
0.221596	0.000000
-0.718525	0.000000
-0.629012	0.000000
-0.476359	0.000000
-0.203172	0.000000
-0.611801	0.000000
-0.498012	0.000000
0.906826	0.000000
-0.373725	0.000000
0.706256	0.000000
-1.252204	0.000000
-0.378144	0.000000
1.260835	0.000000
-0.948581	0.000000
-1.653704	0.000000
0.622163	0.000000
-0.310874	0.000000
0.677702	0.000000
-0.563163	0.000000
-0.244204	0.000000
-0.586986	0.000000
-0.993806	0.000000
-0.567794	0.000000
-0.748779	0.000000
0.669871	0.000000
-0.480686	0.000000
-0.724519	0.000000
-0.400315	0.000000
-1.769033	0.000000
-1.030085	0.000000
-0.450418	0.000000
-0.534674	0.000000
-1.078391	0.000000
-1.163672	0.000000
-0.174212	0.000000
-0.153259	0.000000
-0.895651	0.000000
0.904977	0.000000
1.320316	0.000000
-0.810273	0.000000
0.323799	0.000000
0.979914	0.000000
-0.864474	0.000000
-0.762277	0.000000
0.244237	0.000000
-0.364359	0.000000
-0.921398	0.000000
-1.243342	0.000000
-0.851985	0.000000
-0.782329	0.000000
-0.501118	0.000000
-0.637114	0.000000
0.629007	0.000000
0.369369	0.000000
0.697169	0.000000
0.315330	0.000000
-1.807948	0.000000
-0.665981	0.000000
-1.593056	0.000000
-0.905653	0.000000
0.831184	0.000000
-0.313158	0.000000
0.446674	0.000000
-0.345803	0.000000
0.358606	0.000000
0.225184	0.000000
0.211625	0.000000
-0.467970	0.000000
0.710066	0.000000
-0.938997	0.000000
-0.630817	0.000000
-0.516440	0.000000
0.455854	0.000000
0.249987	0.000000
0.416581	0.000000
-0.766484	0.000000
0.671183	0.000000
0.367094	0.000000
-0.549159	0.000000
-1.166442	0.000000
0.630699	0.000000
0.879429	0.000000
0.536324	0.000000
0.714533	0.000000
0.574810	0.000000
0.463149	0.000000
-0.763920	0.000000
-0.508984	0.000000
-0.466828	0.000000
-2.081006	0.000000
0.744037	0.000000
-0.523016	0.000000
0.520290	0.000000
-0.419475	0.000000
0.236848	0.000000
0.373694	0.000000
0.421704	0.000000
-1.540643	0.000000
0.518663	0.000000
-0.476165	0.000000
-0.614279	0.000000
-0.824538	0.000000
-0.040672	0.000000
-1.271401	0.000000
-0.637081	0.000000
0.887970	0.000000
0.591932	0.000000
-0.518514	0.000000
-0.324557	0.000000
-1.317385	0.000000
-0.436291	0.000000
0.281786	0.000000
-0.792317	0.000000
-0.459036	0.000000
0.389735	0.000000
0.191798	0.000000
1.050310	0.000000
-0.271232	0.000000
2.029419	0.000000
-0.336963	0.000000
-0.346058	0.000000
0.613794	0.000000
-0.521222	0.000000
0.280508	0.000000
-0.533688	0.000000
-0.535779	0.000000
-0.528561	0.000000
-0.182035	0.000000
-0.510409	0.000000
0.679546	0.000000
0.228881	0.000000
-0.351796	0.000000
0.434001	0.000000
0.329473	0.000000
-0.485468	0.000000
0.577585	0.000000
-0.536505	0.000000
-0.185671	0.000000
-0.154729	0.000000
1.086327	0.000000
-0.256637	0.000000
0.202086	0.000000
-0.666049	0.000000
-0.406659	0.000000
0.224420	0.000000
-0.380714	0.000000
0.645060	0.000000
0.439932	0.000000
0.422056	0.000000
0.496315	0.000000
-0.740502	0.000000
-0.301200	0.000000
-0.704013	0.000000
0.676013	0.000000
-0.339518	0.000000
-0.474729	0.000000
-0.241986	0.000000
1.261563	0.000000
0.228075	0.000000
-0.256671	0.000000
-0.669511	0.000000
-0.375126	0.000000
-0.325477	0.000000
0.860535	0.000000
-0.181380	0.000000
-0.890594	0.000000
-0.147170	0.000000
-0.380425	0.000000
-0.455089	0.000000
0.774827	0.000000
-0.588062	0.000000
-0.498626	0.000000
-0.935192	0.000000
0.552015	0.000000
1.344930	0.000000
-0.452202	0.000000
0.983584	0.000000
-0.315562	0.000000
-0.526461	0.000000
0.280354	0.000000
-0.861999	0.000000
1.035402	0.000000
0.269539	0.000000
-0.632068	0.000000
-0.629527	0.000000
-0.400217	0.000000
-0.889842	0.000000
0.315133	0.000000
-0.540481	0.000000
0.600387	0.000000
-0.591867	0.000000
0.690104	0.000000
-1.203289	0.000000
-0.440996	0.000000
0.489350	0.000000
0.652669	0.000000
-0.719946	0.000000
0.407173	0.000000
0.154693	0.000000
1.108996	0.000000
-0.509059	0.000000
-0.406208	0.000000
0.548236	0.000000
0.493441	0.000000
-0.622549	0.000000
0.401041	0.000000
-1.093150	0.000000
-0.200692	0.000000
-0.363372	0.000000
0.662839	0.000000
-0.727642	0.000000
-1.552259	0.000000
0.134698	0.000000
0.975659	0.000000
-0.698682	0.000000
-0.791011	0.000000
-0.287889	0.000000
0.997875	0.000000
-0.256941	0.000000
-0.334335	0.000000
-0.573850	0.000000
-0.689227	0.000000
0.308909	0.000000
1.011488	0.000000
-0.269499	0.000000
-0.418466	0.000000
-0.606066	0.000000
0.210846	0.000000
0.599202	0.000000
-0.477963	0.000000
-0.415956	0.000000
-0.312768	0.000000
2.141169	0.000000
1.869981	0.000000
0.807752	0.000000
0.697377	0.000000
-1.308888	0.000000
-0.391881	0.000000
-0.633866	0.000000
1.133608	0.000000
2.014198	0.000000
0.949398	0.000000
0.738870	0.000000
1.363854	0.000000
1.507826	0.000000
1.170785	0.000000
1.337252	0.000000
1.891569	0.000000
1.737834	0.000000
0.660574	0.000000
0.973815	0.000000
1.351670	0.000000
-1.366246	0.000000
1.715738	0.000000
2.850161	0.000000
0.606887	0.000000
1.616442	0.000000
2.209376	0.000000
1.304212	0.000000
0.633588	0.000000
0.571046	0.000000
1.338834	0.000000
1.657349	0.000000
2.547799	0.000000
2.139221	0.000000
1.994106	0.000000
0.802206	0.000000
2.167029	0.000000
2.234153	0.000000
0.234034	0.000000
1.867774	0.000000
-1.365109	0.000000
1.286749	0.000000
2.674490	0.000000
1.078429	0.000000
1.617433	0.000000
1.062858	0.000000
-1.121000	0.000000
1.141716	0.000000
0.816904	0.000000
-0.756814	0.000000
2.090948	0.000000
1.598625	0.000000
-0.675852	0.000000
-0.624666	0.000000
1.741654	0.000000
0.837217	0.000000
1.804894	0.000000
1.562147	0.000000
1.923501	0.000000
1.015108	0.000000
0.843838	0.000000
0.348053	0.000000
-0.421159	0.000000
1.035610	0.000000
-0.650437	0.000000
-0.632484	0.000000
-0.160015	0.000000
0.716072	0.000000
-0.579104	0.000000
0.219231	0.000000
1.000793	0.000000
-0.461076	0.000000
-0.838280	0.000000
-0.150559	0.000000
-0.702828	0.000000
-0.269517	0.000000
1.106642	0.000000
0.453164	0.000000
0.727296	0.000000
0.691236	0.000000
-0.447062	0.000000
0.593666	0.000000
-0.705749	0.000000
0.594043	0.000000
0.586805	0.000000
0.113524	0.000000
0.503484	0.000000
-0.449826	0.000000
0.366014	0.000000
0.470683	0.000000
0.871866	0.000000
0.633348	0.000000
0.299309	0.000000
0.621138	0.000000
-0.265682	0.000000
1.027468	0.000000
-0.379806	0.000000
0.386751	0.000000
-0.555007	0.000000
0.238715	0.000000
-0.519270	0.000000
-0.577679	0.000000
-2.081046	0.000000
0.051736	0.000000
-0.140321	0.000000
-0.542385	0.000000
0.576335	0.000000
0.458339	0.000000
-0.369032	0.000000
0.916307	0.000000
-0.337653	0.000000
-0.364650	0.000000
-0.713405	0.000000
0.171383	0.000000
-0.226758	0.000000
-0.357335	0.000000
-0.275381	0.000000
0.125432	0.000000
-0.516484	0.000000
-0.387520	0.000000
-0.526403	0.000000
0.297976	0.000000
-0.756739	0.000000
1.229822	0.000000
-0.978898	0.000000
0.753567	0.000000
-1.234570	0.000000
-0.746439	0.000000
0.970251	0.000000
-0.495151	0.000000
-0.886558	0.000000
-0.307021	0.000000
-0.571951	0.000000
-0.382094	0.000000
-1.114760	0.000000
-0.480548	0.000000
-0.602889	0.000000
0.798034	0.000000
-1.982816	0.000000
-1.247953	0.000000
-0.819560	0.000000
0.541564	0.000000
-0.304164	0.000000
0.506776	0.000000
-1.252892	0.000000
-0.788508	0.000000
-1.486808	0.000000
-0.647095	0.000000
-0.443394	0.000000
0.620469	0.000000
-0.815194	0.000000
0.840814	0.000000
-0.397661	0.000000
0.444905	0.000000
-0.782321	0.000000
-0.369478	0.000000
-0.130184	0.000000
0.172640	0.000000
-0.854479	0.000000
-0.557312	0.000000
-0.345397	0.000000
0.776211	0.000000
-0.623874	0.000000
-0.903721	0.000000
-0.778968	0.000000
-0.422018	0.000000
-0.946849	0.000000
1.083556	0.000000
-0.713869	0.000000
-0.890701	0.000000
-1.128321	0.000000
-0.365023	0.000000
-0.969321	0.000000
-0.756449	0.000000
-0.776866	0.000000
0.655130	0.000000
-0.431828	0.000000
1.080937	0.000000
-1.336896	0.000000
-0.662690	0.000000
0.189211	0.000000
-0.361268	0.000000
-0.276584	0.000000
-0.405737	0.000000
-0.512147	0.000000
0.340814	0.000000
-0.477851	0.000000
0.254889	0.000000
0.622790	0.000000
-0.305143	0.000000
-0.346346	0.000000
-0.393525	0.000000
0.241846	0.000000
-0.489530	0.000000
-0.611709	0.000000
-0.652300	0.000000
0.998654	0.000000
-0.556996	0.000000
0.575706	0.000000
-0.366254	0.000000
-0.418241	0.000000
0.589921	0.000000
-0.677582	0.000000
-0.516770	0.000000
0.379480	0.000000
-0.348860	0.000000
0.251056	0.000000
-0.611720	0.000000
0.114318	0.000000
0.526546	0.000000
-0.488963	0.000000
0.792692	0.000000
-0.280276	0.000000
0.325388	0.000000
-0.483574	0.000000
0.601745	0.000000
0.267072	0.000000
-0.256104	0.000000
-0.747348	0.000000
-0.296687	0.000000
0.263116	0.000000
-0.451604	0.000000
0.651965	0.000000
-0.499366	0.000000
-0.514558	0.000000
-0.740706	0.000000
-0.358470	0.000000
-0.408336	0.000000
-0.684451	0.000000
0.901730	0.000000
-0.512031	0.000000
-1.027908	0.000000
-0.236203	0.000000
-0.089113	0.000000
-0.212087	0.000000
-0.374529	0.000000
0.766878	0.000000
-0.975940	0.000000
-0.319429	0.000000
-0.497623	0.000000
-0.809918	0.000000
-0.730858	0.000000
-0.234883	0.000000
0.773298	0.000000
-0.464528	0.000000
0.486351	0.000000
-0.892262	0.000000
-1.019928	0.000000
-0.712213	0.000000
0.349297	0.000000
1.250468	0.000000
-0.271639	0.000000
-0.895615	0.000000
-0.582508	0.000000
-0.358000	0.000000
-0.648629	0.000000
-0.278706	0.000000
-0.449597	0.000000
0.534735	0.000000
0.860737	0.000000
-0.387308	0.000000
-1.424089	0.000000
-1.036938	0.000000
0.946403	0.000000
-0.588174	0.000000
-0.535669	0.000000
0.743655	0.000000
-0.666045	0.000000
-0.527700	0.000000
-0.937719	0.000000
1.001504	0.000000
-0.541056	0.000000
0.425486	0.000000
0.636208	0.000000
-0.617176	0.000000
0.652924	0.000000
0.758846	0.000000
1.029713	0.000000
0.258430	0.000000
-0.501022	0.000000
-0.956478	0.000000
-0.591778	0.000000
-1.066594	0.000000
-0.477978	0.000000
-0.458972	0.000000
-1.084912	0.000000
0.313851	0.000000
0.477525	0.000000
-0.815393	0.000000
-0.501856	0.000000
-0.603796	0.000000
-0.778599	0.000000
-0.347236	0.000000
-0.178092	0.000000
0.221264	0.000000
-0.165912	0.000000
0.751663	0.000000
-0.577225	0.000000
0.568579	0.000000
-0.830817	0.000000
-0.652555	0.000000
1.416458	0.000000
0.638794	0.000000
-0.934464	0.000000
-0.611530	0.000000
-0.947813	0.000000
2.518677	0.000000
-1.204693	0.000000
1.681662	0.000000
1.242590	0.000000
-1.291880	0.000000
3.288623	0.000000
2.889307	0.000000
2.088615	0.000000
3.168997	0.000000
1.848856	0.000000
-0.794195	0.000000
-0.811492	0.000000
-1.805237	0.000000
-0.631705	0.000000
1.147231	0.000000
1.578492	0.000000
2.116543	0.000000
0.314903	0.000000
-0.795672	0.000000
1.559425	0.000000
-0.729103	0.000000
3.446541	0.000000
-1.010808	0.000000
0.501482	0.000000
-1.045041	0.000000
1.084893	0.000000
0.824521	0.000000
-0.591733	0.000000
0.618796	0.000000
-1.126555	0.000000
-0.264939	0.000000
-0.760046	0.000000
2.888354	0.000000
1.528091	0.000000
2.560321	0.000000
3.568063	0.000000
0.813442	0.000000
2.745221	0.000000
1.324239	0.000000
3.023922	0.000000
-2.042876	0.000000
-0.897917	0.000000
3.499401	0.000000
-1.295482	0.000000
1.533083	0.000000
3.487220	0.000000
-1.225004	0.000000
2.332022	0.000000
1.264609	0.000000
2.160761	0.000000
-0.470440	0.000000
3.915674	0.000000
-0.970612	0.000000
2.623741	0.000000
3.248716	0.000000
-0.461808	0.000000
1.193322	0.000000
-1.266698	0.000000
-0.562492	0.000000
2.480153	0.000000
0.884618	0.000000
-0.735195	0.000000
-1.045735	0.000000
-0.516126	0.000000
-0.964153	0.000000
0.345305	0.000000
-0.895794	0.000000
0.519937	0.000000
-0.892891	0.000000
0.819304	0.000000
-0.346301	0.000000
0.810751	0.000000
-0.704475	0.000000
0.597031	0.000000
-0.454806	0.000000
-0.562482	0.000000
0.958591	0.000000
0.787170	0.000000
-0.736421	0.000000
0.775420	0.000000
0.548233	0.000000
0.814430	0.000000
-0.798537	0.000000
1.260816	0.000000
-0.870641	0.000000
1.343786	0.000000
1.011641	0.000000
-0.920820	0.000000
1.048048	0.000000
-1.610500	0.000000
-0.563419	0.000000
-0.624530	0.000000
1.207572	0.000000
0.292628	0.000000
-0.908172	0.000000
0.584610	0.000000
-0.556028	0.000000
-0.325501	0.000000
0.365646	0.000000
0.889103	0.000000
-0.656904	0.000000
-2.874360	0.000000
-0.682005	0.000000
1.116048	0.000000
1.338554	0.000000
0.766615	0.000000
-1.908455	0.000000
-0.255493	0.000000
0.488226	0.000000
0.614595	0.000000
-0.593870	0.000000
-1.047898	0.000000
-0.681085	0.000000
0.704931	0.000000
-0.844971	0.000000
-0.396475	0.000000
0.197588	0.000000
-0.924723	0.000000
-0.257356	0.000000
-0.428738	0.000000
-0.715637	0.000000
-1.310715	0.000000
-0.854659	0.000000
-0.113692	0.000000
0.742628	0.000000
0.381030	0.000000
0.150742	0.000000
-0.196799	0.000000
0.236929	0.000000
-0.303215	0.000000
0.096876	0.000000
0.661819	0.000000
0.322716	0.000000
0.292610	0.000000
0.404686	0.000000
-0.670756	0.000000
-0.394037	0.000000
-0.182105	0.000000
-0.869364	0.000000
-0.231783	0.000000
-0.491222	0.000000
0.494395	0.000000
-0.957296	0.000000
-0.631590	0.000000
-0.682619	0.000000
0.722080	0.000000
-0.131248	0.000000
-0.603916	0.000000
-0.349406	0.000000
0.650955	0.000000
0.221184	0.000000
0.304920	0.000000
-0.329902	0.000000
0.317983	0.000000
-0.505394	0.000000
0.613256	0.000000
-0.355205	0.000000
-0.308842	0.000000
0.225206	0.000000
0.349182	0.000000
-0.611670	0.000000
-0.507992	0.000000
-0.570757	0.000000
-0.554127	0.000000
-0.383695	0.000000
0.418593	0.000000
-0.863673	0.000000
-0.368485	0.000000
-0.097434	0.000000
0.322173	0.000000
-0.279274	0.000000
0.362635	0.000000
0.806121	0.000000
-0.250179	0.000000
-0.230284	0.000000
-0.718918	0.000000
0.492464	0.000000
-1.097693	0.000000
1.017948	0.000000
0.773037	0.000000
-0.801560	0.000000
0.641518	0.000000
-0.365568	0.000000
-0.628393	0.000000
-1.568876	0.000000
-0.546802	0.000000
0.305536	0.000000
-0.627368	0.000000
-0.545319	0.000000
-0.653899	0.000000
-0.428719	0.000000
-0.465112	0.000000
-0.670758	0.000000
-1.179382	0.000000
-0.496604	0.000000
0.586963	0.000000
-0.862354	0.000000
-0.834788	0.000000
-0.346850	0.000000
-0.624288	0.000000
-0.576225	0.000000
-0.603530	0.000000
0.683217	0.000000
-0.590679	0.000000
0.525819	0.000000
0.579190	0.000000
-0.827763	0.000000
-0.751352	0.000000
-0.346508	0.000000
-1.072394	0.000000
-0.275614	0.000000
-0.368896	0.000000
-0.679561	0.000000
-0.783387	0.000000
-0.802670	0.000000
-0.427211	0.000000
0.693720	0.000000
-0.559172	0.000000
-0.529598	0.000000
-0.229896	0.000000
0.436854	0.000000
-0.731149	0.000000
-0.485234	0.000000
-1.398754	0.000000
0.863372	0.000000
-0.502261	0.000000
0.431288	0.000000
-0.547367	0.000000
-0.666299	0.000000
-0.155363	0.000000
-0.952094	0.000000
0.526736	0.000000
-0.672377	0.000000
-0.540230	0.000000
-0.215290	0.000000
-0.583717	0.000000
-0.575662	0.000000
0.404203	0.000000
-0.490904	0.000000
0.898835	0.000000
0.227730	0.000000
-0.761740	0.000000
-0.457747	0.000000
0.282431	0.000000
-0.645977	0.000000
-0.294819	0.000000
-0.263378	0.000000
-0.309879	0.000000
-0.638828	0.000000
-0.302404	0.000000
0.552455	0.000000
-0.426026	0.000000
-0.756159	0.000000
0.165415	0.000000
-0.540091	0.000000
-0.835487	0.000000
-0.799110	0.000000
-0.276013	0.000000
0.811410	0.000000
-0.306188	0.000000
0.436379	0.000000
-0.569474	0.000000
-0.586252	0.000000
-0.281056	0.000000
-0.785460	0.000000
0.363951	0.000000
-0.371309	0.000000
-0.473003	0.000000
-0.349061	0.000000
-0.367475	0.000000
0.327166	0.000000
0.209894	0.000000
-0.766361	0.000000
-0.357774	0.000000
-0.312237	0.000000
-0.321358	0.000000
0.704091	0.000000
-0.310962	0.000000
-0.424249	0.000000
-0.502547	0.000000
-0.739968	0.000000
0.368779	0.000000
-0.763645	0.000000
0.401233	0.000000
-2.000326	0.000000
-0.625403	0.000000
-0.635173	0.000000
-0.302296	0.000000
-0.295015	0.000000
-0.202763	0.000000
0.848776	0.000000
-0.820605	0.000000
0.554253	0.000000
-0.197840	0.000000
-0.442925	0.000000
-0.360640	0.000000
0.773816	0.000000
0.545578	0.000000
-1.059818	0.000000
0.650674	0.000000
-0.536221	0.000000
0.509713	0.000000
-0.699245	0.000000
1.257043	0.000000
0.510566	0.000000
-0.154971	0.000000
-0.088818	0.000000
0.388910	0.000000
0.251411	0.000000
0.382889	0.000000
0.774243	0.000000
1.044936	0.000000
0.669891	0.000000
1.056875	0.000000
-0.230388	0.000000
0.574487	0.000000
-0.715551	0.000000
1.269037	0.000000
0.656981	0.000000
0.719545	0.000000
1.481415	0.000000
0.092349	0.000000
-0.429761	0.000000
0.824844	0.000000
0.538174	0.000000
-0.379399	0.000000
0.887058	0.000000
1.103942	0.000000
0.774630	0.000000
0.569012	0.000000
1.555583	0.000000
1.329273	0.000000
-0.369453	0.000000
0.780772	0.000000
-0.766923	0.000000
-0.441600	0.000000
1.103828	0.000000
0.265572	0.000000
0.854939	0.000000
0.355804	0.000000
0.280271	0.000000
0.694086	0.000000
-0.275301	0.000000
0.556326	0.000000
-0.746855	0.000000
-0.407959	0.000000
1.159986	0.000000
0.180763	0.000000
0.820806	0.000000
0.537014	0.000000
1.031417	0.000000
-0.454367	0.000000
-0.588272	0.000000
-0.329874	0.000000
0.394988	0.000000
1.768838	0.000000
2.220109	0.000000
0.463209	0.000000
0.691009	0.000000
-0.550902	0.000000
2.134418	0.000000
-0.960245	0.000000
1.269122	0.000000
2.292050	0.000000
0.502599	0.000000
2.720033	0.000000
1.731117	0.000000
2.198388	0.000000
1.734116	0.000000
2.059453	0.000000
0.626691	0.000000
1.326525	0.000000
-0.997384	0.000000
0.945913	0.000000
-0.758767	0.000000
-0.953823	0.000000
1.629971	0.000000
1.416490	0.000000
-0.541722	0.000000
2.026226	0.000000
1.867688	0.000000
2.268974	0.000000
-0.977605	0.000000
1.425150	0.000000
-0.405074	0.000000
0.306372	0.000000
2.087670	0.000000
1.596900	0.000000
2.258655	0.000000
0.866039	0.000000
1.382730	0.000000
1.598096	0.000000
1.566589	0.000000
2.344877	0.000000
1.981612	0.000000
1.831312	0.000000
1.624191	0.000000
2.725118	0.000000
2.162214	0.000000
2.315178	0.000000
-0.787210	0.000000
1.705043	0.000000
2.070525	0.000000
1.515997	0.000000
1.541836	0.000000
1.766839	0.000000
-1.667526	0.000000
1.568287	0.000000
2.029519	0.000000
1.357976	0.000000
1.935581	0.000000
1.121703	0.000000
0.422779	0.000000
2.556421	0.000000
1.457692	0.000000
-1.349642	0.000000
-0.748867	0.000000
1.030454	0.000000
1.124386	0.000000
1.211390	0.000000
0.905948	0.000000
0.509189	0.000000
1.778300	0.000000
0.296221	0.000000
0.593894	0.000000
0.163519	0.000000
0.441340	0.000000
0.315550	0.000000
0.820800	0.000000
-0.528380	0.000000
0.778434	0.000000
2.572143	0.000000
1.531286	0.000000
-0.592117	0.000000
-0.663441	0.000000
-1.111320	0.000000
1.311699	0.000000
1.009152	0.000000
1.857531	0.000000
-0.232049	0.000000
1.699495	0.000000
0.942046	0.000000
1.264890	0.000000
1.408994	0.000000
-1.867440	0.000000
0.740988	0.000000
0.721075	0.000000
1.827114	0.000000
0.570446	0.000000
0.418193	0.000000
1.693937	0.000000
1.591952	0.000000
0.780365	0.000000
-0.399294	0.000000
0.976727	0.000000
0.615712	0.000000
2.797889	0.000000
0.689182	0.000000
-0.379151	0.000000
0.787951	0.000000
1.207702	0.000000
1.638331	0.000000
0.566142	0.000000
1.617221	0.000000
-1.014028	0.000000
1.130711	0.000000
1.292494	0.000000
-0.461071	0.000000
1.024759	0.000000
0.757731	0.000000
1.880665	0.000000
0.731206	0.000000
-0.907549	0.000000
0.989067	0.000000
0.915595	0.000000
-0.304881	0.000000
-0.661863	0.000000
0.237293	0.000000
-0.585062	0.000000
0.446459	0.000000
-0.301396	0.000000
1.235624	0.000000
-0.698905	0.000000
-0.659972	0.000000
-0.572907	0.000000
-0.640749	0.000000
-0.344839	0.000000
-0.285278	0.000000
-0.735273	0.000000
-0.433483	0.000000
0.497321	0.000000
-0.470399	0.000000
0.784746	0.000000
-0.287869	0.000000
0.329564	0.000000
0.995214	0.000000
-0.896059	0.000000
-0.409657	0.000000
0.527825	0.000000
-0.447814	0.000000
-0.824544	0.000000
-0.512134	0.000000
1.441622	0.000000
-0.395407	0.000000
0.451543	0.000000
-0.551617	0.000000
-0.958227	0.000000
-0.379654	0.000000
-0.850060	0.000000
0.511396	0.000000
-0.334347	0.000000
-0.420135	0.000000
-0.906092	0.000000
-0.501478	0.000000
-0.339430	0.000000
-0.594773	0.000000
-0.685105	0.000000
-0.433538	0.000000
-0.356989	0.000000
-0.652218	0.000000
0.982100	0.000000
-0.787872	0.000000
-0.245909	0.000000
0.258484	0.000000
-0.468016	0.000000
-0.602805	0.000000
-0.546789	0.000000
0.464273	0.000000
-1.041018	0.000000
-0.600479	0.000000
-0.628888	0.000000
-0.356418	0.000000
-0.455917	0.000000
-0.431478	0.000000
-0.646275	0.000000
1.580778	0.000000
-0.660418	0.000000
1.833645	0.000000
1.977630	0.000000
-1.352671	0.000000
-1.420844	0.000000
-2.039319	0.000000
0.591091	0.000000
1.970700	0.000000
2.482075	0.000000
-0.142205	0.000000
-1.236960	0.000000
2.162655	0.000000
-0.844079	0.000000
2.438405	0.000000
4.744214	0.000000
1.518470	0.000000
-2.608994	0.000000
2.150228	0.000000
-2.473536	0.000000
-2.287672	0.000000
0.508914	0.000000
2.499292	0.000000
-3.263105	0.000000
2.101740	0.000000
1.377157	0.000000
1.494584	0.000000
-1.197650	0.000000
-3.086996	0.000000
-2.479817	0.000000
2.944192	0.000000
1.576937	0.000000
3.581050	0.000000
0.881971	0.000000
1.415081	0.000000
3.663212	0.000000
3.662710	0.000000
-1.135035	0.000000
2.242145	0.000000
1.628693	0.000000
1.029961	0.000000
-1.288760	0.000000
0.986521	0.000000
2.209643	0.000000
1.279268	0.000000
-2.678776	0.000000
2.803342	0.000000
1.788815	0.000000
4.787435	0.000000
1.130716	0.000000
1.528692	0.000000
-2.493662	0.000000
0.193690	0.000000
3.110982	0.000000
-2.352817	0.000000
3.859463	0.000000
-0.593953	0.000000
2.654303	0.000000
1.287955	0.000000
1.228723	0.000000
-0.202160	0.000000
-0.490861	0.000000
0.478514	0.000000
0.633024	0.000000
-0.744930	0.000000
-1.257111	0.000000
1.322358	0.000000
-0.554381	0.000000
-0.403996	0.000000
-0.393700	0.000000
-0.763836	0.000000
-0.343369	0.000000
-0.554988	0.000000
-0.176912	0.000000
-0.651202	0.000000
-0.584767	0.000000
-0.682219	0.000000
1.143560	0.000000
0.307342	0.000000
0.659265	0.000000
0.358371	0.000000
0.203360	0.000000
-0.669748	0.000000
0.599513	0.000000
-0.647166	0.000000
-0.965003	0.000000
-0.452056	0.000000
1.464033	0.000000
-0.724882	0.000000
1.109171	0.000000
-0.469046	0.000000
-0.751399	0.000000
-0.922165	0.000000
-0.747810	0.000000
0.508804	0.000000
-1.377387	0.000000
-0.410999	0.000000
-1.379285	0.000000
-0.481560	0.000000
-0.162580	0.000000
-0.717990	0.000000
-0.658544	0.000000
-0.577704	0.000000
-0.349813	0.000000
-0.403461	0.000000
1.077847	0.000000
-1.026430	0.000000
-0.666866	0.000000
-0.712988	0.000000
-0.485861	0.000000
-0.300400	0.000000
1.215611	0.000000
0.555787	0.000000
-0.382803	0.000000
-0.960137	0.000000
-1.849373	0.000000
0.167532	0.000000
0.631299	0.000000
-0.731001	0.000000
-0.550747	0.000000
1.927015	0.000000
2.091992	0.000000
-2.061647	0.000000
1.215413	0.000000
1.044410	0.000000
1.298698	0.000000
-1.411317	0.000000
-1.695221	0.000000
2.460209	0.000000
-1.769348	0.000000
0.508125	0.000000
-2.303814	0.000000
2.565632	0.000000
-1.067187	0.000000
2.573603	0.000000
-0.494372	0.000000
2.041056	0.000000
-1.277639	0.000000
2.261046	0.000000
1.734304	0.000000
0.699972	0.000000
-1.523531	0.000000
1.142767	0.000000
-1.711760	0.000000
2.767169	0.000000
1.763708	0.000000
-1.199826	0.000000
-1.477329	0.000000
1.405397	0.000000
-1.552779	0.000000
-1.387705	0.000000
2.040345	0.000000
2.145597	0.000000
2.175246	0.000000
0.478338	0.000000
2.033977	0.000000
1.667965	0.000000
-1.708141	0.000000
2.239502	0.000000
-1.770910	0.000000
-1.159196	0.000000
1.417970	0.000000
2.116594	0.000000
2.985184	0.000000
-1.170705	0.000000
-1.047060	0.000000
2.588492	0.000000
-0.992354	0.000000
-0.622066	0.000000
1.105593	0.000000
-1.535580	0.000000
-1.562429	0.000000
0.632583	0.000000
2.505263	0.000000
2.590404	0.000000
2.274259	0.000000
-1.746393	0.000000
-2.876188	0.000000
1.590673	0.000000
-1.186357	0.000000
0.851895	0.000000
1.056929	0.000000
0.947668	0.000000
-0.870907	0.000000
-0.913795	0.000000
0.207716	0.000000
0.459653	0.000000
-0.556668	0.000000
1.389272	0.000000
0.923235	0.000000
0.694454	0.000000
-0.662627	0.000000
1.002269	0.000000
-1.011060	0.000000
1.081324	0.000000
0.771687	0.000000
1.064756	0.000000
0.608991	0.000000
-1.303523	0.000000
-1.433930	0.000000
-1.252017	0.000000
0.329240	0.000000
0.843722	0.000000
-0.764283	0.000000
1.021943	0.000000
-0.167229	0.000000
-0.826808	0.000000
0.976634	0.000000
0.826987	0.000000
-1.090221	0.000000
1.079208	0.000000
1.247969	0.000000
0.371744	0.000000
1.019904	0.000000
0.918370	0.000000
0.153914	0.000000
-0.305844	0.000000
-0.955699	0.000000
1.243552	0.000000
-0.472218	0.000000
0.151005	0.000000
0.330741	0.000000
0.801823	0.000000
1.095898	0.000000
-0.377041	0.000000
0.326240	0.000000
0.849551	0.000000
-0.704701	0.000000
-0.138771	0.000000
0.580996	0.000000
-0.513575	0.000000
-0.371761	0.000000
0.723551	0.000000
1.077447	0.000000
0.682335	0.000000
-0.300134	0.000000
-0.370045	0.000000
-2.102782	0.000000
0.210644	0.000000
-0.866137	0.000000
-0.660700	0.000000
-0.429229	0.000000
0.514131	0.000000
-0.459976	0.000000
0.509990	0.000000
-0.144986	0.000000
0.558983	0.000000
-0.237084	0.000000
-0.194498	0.000000
-1.066376	0.000000
-0.774133	0.000000
-0.566992	0.000000
-0.448108	0.000000
-0.297174	0.000000
-0.306941	0.000000
-0.337325	0.000000
0.256363	0.000000
0.573595	0.000000
0.821276	0.000000
0.726615	0.000000
-0.171482	0.000000
-0.878394	0.000000
-0.331542	0.000000
0.571900	0.000000
-0.306361	0.000000
0.378923	0.000000
0.161388	0.000000
1.070492	0.000000
-0.436814	0.000000
-0.476597	0.000000
-0.423055	0.000000
-0.472536	0.000000
0.435068	0.000000
-1.088790	0.000000
-1.260729	0.000000
1.147636	0.000000
0.608581	0.000000
0.203267	0.000000
-0.433109	0.000000
-0.525526	0.000000
-0.362180	0.000000
0.359761	0.000000
-0.182996	0.000000
-0.285873	0.000000
-0.299235	0.000000
1.149355	0.000000
-0.816440	0.000000
-0.305180	0.000000
-0.395568	0.000000
-0.456155	0.000000
-0.490484	0.000000
0.811151	0.000000
0.183219	0.000000
-0.413658	0.000000
-0.421402	0.000000
-0.212702	0.000000
-0.304014	0.000000
0.214660	0.000000
-0.668066	0.000000
-0.447820	0.000000
-0.410368	0.000000
0.460514	0.000000
-0.842284	0.000000
0.368830	0.000000
-0.457318	0.000000
-0.535044	0.000000
-0.554509	0.000000
-0.346453	0.000000
0.638130	0.000000
-0.408504	0.000000
-0.265029	0.000000
-0.177412	0.000000
0.319266	0.000000
0.215753	0.000000
0.192253	0.000000
0.294618	0.000000
0.380351	0.000000
-0.555106	0.000000
0.453209	0.000000
-0.774881	0.000000
-0.244178	0.000000
-0.210414	0.000000
-0.452531	0.000000
-0.556148	0.000000
0.143697	0.000000
0.557464	0.000000
-0.326112	0.000000
-0.192167	0.000000
-0.420215	0.000000
-0.450407	0.000000
0.477922	0.000000
0.443341	0.000000
0.453357	0.000000
-0.391300	0.000000
0.298664	0.000000
1.392626	0.000000
0.929797	0.000000
-0.833370	0.000000
0.229899	0.000000
-0.273384	0.000000
-0.277945	0.000000
0.534355	0.000000
-0.259661	0.000000
0.252648	0.000000
-0.314250	0.000000
0.199537	0.000000
0.487283	0.000000
-0.211981	0.000000
-0.255174	0.000000
0.343379	0.000000
0.229066	0.000000
0.292343	0.000000
-0.325747	0.000000
0.278892	0.000000
0.186071	0.000000
1.043730	0.000000
0.421824	0.000000
-0.464824	0.000000
-0.684901	0.000000
-0.326503	0.000000
