-5.046832	0.814742	13.129447	1.221028	1.409493	-1.655254	17.962366	-1.704261	-5.654345	-8.166405	-4.478386	4.865764	-2.586045	-0.906712	-1.912403	1.133694	-1.422967	4.404362	0.660769	-3.190817	4.857802	10.151680	-2.856045	-6.787574	-1.233524	1.330780	4.890834	2.755562	-1.021543	-8.075280	-0.886383	-2.648886	1.719867	-2.586040	-0.477304	1.016430	1.695114	7.170687	-2.402897	-1.572935	-9.163475	-1.147281	-3.035461	0.223181	-1.213245	22.000605	-0.974489	-2.597029	0.726178	-1.255079	6.782285	9.403839	-2.240675	-3.386219	-3.328673	0.451916	-7.588950	5.705307	-0.822344	-5.043547	
-4.427673	-4.480637	13.109347	-1.283094	-2.971864	-1.673702	36.640086	-1.426943	-7.854009	-7.964343	-10.624291	4.283863	-5.740318	-1.934564	-4.861938	-1.018401	-2.753625	6.801404	-1.113884	5.259518	-2.997970	6.484892	-7.393458	-3.431174	-1.791804	-2.314221	-5.892669	7.004179	-1.238643	9.756709	-0.620092	-5.990103	-4.226760	-3.151735	-1.010222	-1.152331	-3.299162	-3.289491	-4.429190	-1.602417	-17.693977	-1.807826	-2.652939	-1.615319	-2.632435	31.666871	-1.077576	-6.036156	-1.180710	-1.362993	-3.753101	10.877048	-1.376697	-3.363758	-2.397322	-2.683669	-15.216598	11.276914	-2.733333	-8.085768	
16.643660	0.861988	-33.003092	2.506345	3.050104	12.726695	28.971847	19.422887	25.997802	46.597470	66.409511	98.923197	36.077459	17.856713	5.705235	2.280971	7.878171	-10.026398	2.783712	4.268823	7.171924	99.771858	13.382177	19.584951	8.028800	5.268183	55.467527	13.136722	5.785738	-11.323630	3.290205	10.537098	3.873586	5.668742	1.056261	7.572827	6.686259	62.204383	13.036841	5.721028	87.908121	1.397025	22.679286	3.893302	13.163559	13.858491	-1.253233	30.833473	1.434075	4.681308	35.766073	7.415700	12.362233	8.967904	5.157843	4.386487	39.557457	13.567212	23.354886	45.268196	
-5.638891	4.479085	-36.570364	-11.521348	4.239923	-5.705352	-46.802053	-8.599712	7.936034	12.430171	-11.454911	-19.644263	-4.184587	-5.032425	7.811507	6.249113	10.573180	17.342673	8.804153	-23.476688	14.417884	-11.420437	11.522372	-18.240945	-4.682558	6.967364	12.588774	-40.975180	1.976920	9.581744	4.828784	2.468095	4.774974	-1.329834	6.064173	9.648840	14.458726	-11.095465	6.214355	-4.631065	-12.355693	3.406615	-4.934933	-2.836558	8.158985	-17.908957	2.971835	-6.352321	4.867513	-1.633153	-26.968194	-32.019573	1.794208	3.442235	-6.514377	-2.575365	9.293260	23.480449	-4.704947	-13.410723	
-6.752819	-2.685638	18.159222	-4.636244	-8.654639	-4.547421	40.303779	-8.491413	-21.984134	-16.835021	-8.617513	-35.901396	-16.489406	-6.527317	-7.413748	-1.804395	-7.183743	13.140872	-1.912951	9.646591	3.762521	-42.886908	-10.724829	12.036430	-4.927342	-6.329502	-23.126955	-3.461477	-3.800725	25.942928	-1.129532	-12.289711	-6.293543	-5.857418	-3.353789	-12.860405	-10.084101	-23.035102	-8.174310	1.736421	-16.124967	-3.189178	-5.223920	-1.134171	-6.346616	31.947360	-1.528765	-13.258879	-1.928351	-3.744671	-16.017546	16.434000	-21.739281	-6.200531	-3.007797	-6.608275	-22.264402	9.974474	-7.722930	-15.435023	
-2.641372	0.589733	-18.895299	0.713291	-1.516237	-6.073179	-37.391856	-3.874478	-5.770665	-7.904574	-5.923116	-22.137423	-6.687086	-3.693653	-1.592270	1.108923	1.818268	7.958218	-0.686423	-7.624593	-3.766182	-49.652355	1.955455	4.758221	-2.266373	0.970189	-14.606878	-4.963941	-1.101433	12.012146	1.562520	-2.378721	2.089312	-1.474345	1.073933	-0.848984	1.747112	-26.694566	-2.564889	0.835337	-6.250292	-0.588941	-2.146167	-0.872202	-3.826652	-29.131301	0.879849	-4.981985	0.328585	-1.548467	-3.780799	-5.704060	-1.641914	-1.687490	-0.722898	1.371754	-5.988824	7.230867	-3.110738	-17.455959	
5.878741	-1.187046	-15.052286	1.223077	1.878011	5.815666	-49.478062	8.863480	7.780898	20.902113	46.319590	50.510571	15.267944	9.877990	3.730563	2.270051	2.663293	-11.714966	0.985491	-6.810359	-2.152926	59.863129	6.765830	-6.288184	3.177062	1.356635	28.524916	-10.235564	2.661029	-18.646536	1.690841	4.186479	2.388061	2.376653	0.798637	1.283184	2.093350	38.000862	5.657551	2.778982	53.596943	-0.985734	11.428306	0.843231	6.148259	-41.377594	1.759057	20.862295	1.233344	2.410954	16.759661	12.150878	8.942934	2.811275	1.546617	2.519445	22.687366	-11.003160	12.602422	31.022517	
-3.911113	-1.434773	7.358819	2.172204	1.054909	-1.985165	23.216518	-11.727884	7.249474	-7.485467	-4.732891	-5.250635	-4.522430	-1.879289	3.438353	-1.521683	3.697763	7.347190	3.281341	7.158425	8.956483	-3.129155	2.696206	3.961468	-1.619174	4.010390	3.730991	-7.180389	1.605016	19.808678	0.732465	3.008639	2.685140	-1.356202	1.402847	4.012951	4.816052	-3.890568	1.918044	2.212076	-8.227489	0.797465	-4.420252	2.034569	2.179869	21.467254	-1.667755	2.442987	1.532124	-0.802620	-4.842260	-9.628829	2.738459	3.118499	-3.608720	-1.961083	7.217300	17.462284	1.691609	-5.612210	
-2.662292	2.275206	24.464745	4.395966	1.490054	-1.828380	26.802706	-3.187213	-7.475939	-9.940359	-2.841810	-7.382211	-7.685542	2.229263	3.788849	4.247920	-6.763397	9.606045	2.286313	4.915005	9.896642	9.706801	-2.728882	18.633478	1.686158	-2.435915	-4.760406	9.789152	-0.856536	31.324465	2.363846	-1.963614	1.608457	-2.994384	3.247518	4.973763	2.603100	12.075897	-1.590781	-1.616911	-15.050723	-0.904157	-2.617738	2.244097	-3.370633	41.018188	3.368635	-2.021526	1.946784	1.096632	-5.412452	24.984563	0.677547	-4.613633	-6.073212	2.359899	13.453251	13.541615	-3.892374	8.827079	
-2.213040	-1.376321	8.162952	4.709633	1.167843	3.403019	7.235537	3.356594	-2.780764	-12.705200	-7.932342	-6.805138	-3.361429	1.249319	1.906034	-1.672759	-1.567077	5.337300	-0.706934	8.885257	-1.804748	-9.950338	-3.644036	3.798166	2.547566	0.878184	-3.583998	3.608892	0.931434	6.305306	0.603959	-3.537449	0.942820	3.190148	-1.090988	1.399830	-0.734541	4.038302	-3.235791	-1.949959	-9.897992	1.284220	-2.404143	-1.258797	2.546849	3.929891	1.178861	2.645624	-0.689150	-1.124758	3.362193	1.932774	-4.004777	-2.189156	0.867958	2.498464	-2.255433	-7.427403	-2.081857	4.677222	
-5.295615	1.749965	35.923142	6.290633	3.337320	-2.808149	97.334216	3.923675	16.292813	-14.623591	-16.029913	-16.821016	-19.967516	2.026467	6.254200	-2.356372	4.694572	11.905809	5.490231	20.764879	7.527248	-46.510894	10.749442	25.319508	-3.298381	8.802613	-6.244099	12.999983	2.212981	46.377761	-3.569048	6.223861	5.629124	3.978196	-1.895438	6.873371	8.737394	3.697248	-4.112839	3.310940	25.756250	3.561497	-6.210241	1.984171	-4.799473	67.861939	1.248348	-4.536571	1.025968	-5.488687	-5.582481	42.301375	-2.716503	3.971650	4.391719	4.524638	24.492637	10.982492	-5.200042	12.262740	
7.158773	3.762996	-21.859958	2.488222	6.555770	-8.777282	-65.051203	-13.344277	28.999126	17.146509	16.487692	-63.211076	13.331545	-7.763657	9.500557	-2.240655	9.623682	-14.195165	5.478239	17.788671	-12.412021	-32.468105	15.649260	-26.521017	4.546344	9.381939	-9.962772	-52.768760	3.446251	-15.786098	1.482795	13.484749	7.886830	8.384976	1.077361	10.454620	18.130754	-27.400609	12.223349	-7.631367	-14.808106	3.227041	8.207613	3.524710	-9.812451	-158.841370	-1.041458	-13.466530	0.923318	-3.103488	5.934710	-24.758376	-2.320831	7.053742	3.936942	1.463964	-8.681351	-27.054630	-9.316224	-14.415982	
2.574345	-1.915274	-6.359920	6.478322	4.060777	1.810702	5.080758	-1.154379	9.103084	-4.637919	-13.009392	-3.953855	-10.099818	1.515193	4.665126	1.694656	2.181017	-5.410719	2.759889	-1.276218	-4.235112	-16.301327	2.584614	1.474031	2.335931	4.531791	-8.191948	7.227676	-1.390070	-2.873970	-0.409643	2.991476	4.177378	1.692254	3.026395	9.018423	6.301286	-10.063792	2.225335	1.361322	-17.574078	2.530542	2.599303	1.330021	-3.699228	-4.919711	2.421395	-5.644405	2.114041	-1.399895	-6.571714	7.648279	-1.523010	-1.398765	1.391015	4.356833	-0.901164	-3.128518	-3.965782	1.941834	
3.293013	1.362021	-11.954157	8.435841	7.892967	-4.415284	-20.017771	-7.132261	13.723895	-4.048854	1.943268	-11.012445	-6.501421	-9.798934	8.153078	4.868382	9.034472	6.371370	3.507106	-4.942716	1.869239	4.837871	11.399159	-7.245215	3.834289	7.348843	-11.443081	-7.958194	-1.639848	10.517641	2.145573	7.021589	8.527964	2.313175	3.965427	12.515724	11.533460	-6.552850	4.497760	-1.820251	-21.332797	4.025177	-4.747948	1.439348	-2.514812	-24.487380	3.499279	-1.747155	2.386212	-2.261403	-5.475702	8.837281	-0.894428	6.254420	1.930144	6.267205	-11.322569	-12.026996	-6.829824	-13.365474	
-2.306337	-0.528690	11.233181	-1.375889	-2.943420	-2.349035	18.051562	-3.138339	-5.010356	-6.418214	-3.690848	-7.253605	-4.366729	-1.849825	-4.671811	0.755409	-1.508446	3.823490	-1.313004	4.850362	4.482888	-17.883168	-4.483335	-4.606372	-0.544387	-1.399433	-5.449843	4.344528	-1.739580	7.933424	-0.467015	-3.748872	-1.991382	-2.215993	-0.698773	-3.620571	-3.530540	-8.673509	-2.225963	-0.936130	-10.814472	-1.151240	-2.564434	0.801625	-2.094557	19.768357	-0.989575	-3.256392	0.461919	-0.908096	-8.503329	13.424999	-1.394393	-2.684148	-2.244949	-3.534168	-3.504612	4.831662	-1.940684	-8.161675	
-6.012662	1.595622	22.010367	2.355147	-1.322079	-1.160173	33.324810	-1.292402	-11.866438	-13.870637	-32.342363	12.171440	-8.624523	1.528604	-2.002502	-3.272287	-3.500303	-4.002785	-2.112624	7.275757	5.827333	-10.816945	-4.709038	8.490368	-2.049191	-1.974351	-3.247888	11.706815	-1.499383	11.793869	-2.565168	-4.339176	-3.455638	-3.167349	-0.650744	-4.695671	-2.666026	7.860506	-7.122378	-1.896645	-15.473073	-0.585317	-6.785580	1.829470	-1.993332	30.004348	-1.411012	-2.700311	-1.152799	-1.840776	3.803255	12.707872	32.004310	-3.274999	-3.684305	-1.415134	-5.421959	8.812447	-1.411893	8.566969	
-2.363238	-1.112453	-19.892788	2.064912	4.121397	-2.130178	-41.779771	2.887976	2.708463	-6.010247	-10.642631	-2.636188	-4.657262	-2.825639	3.294816	2.330564	-6.176946	-15.334591	1.061781	-8.709672	-5.392959	-20.699918	1.477406	-10.963880	-1.178410	0.905964	-12.538963	-13.218943	-1.640194	-22.995455	1.454013	2.625267	0.945844	3.385687	2.197719	4.338046	1.545461	-10.716298	-2.467463	-2.356436	-7.904075	-0.797440	-2.864893	0.863137	-4.254169	-44.505033	2.564314	-6.607474	-0.942613	-1.314879	-13.815653	-20.498361	2.422286	2.873106	-0.800782	4.129393	-5.219450	-5.101684	-4.086566	-8.991249	
6.470232	-0.670004	7.654875	3.861614	1.664628	5.900000	32.849027	9.145428	17.034523	19.949960	31.387866	37.930010	13.488230	7.828397	3.919602	1.465517	2.780412	-19.391819	2.195775	3.378830	-2.513499	42.864480	7.143875	10.087155	3.563873	4.083494	28.774763	5.840216	2.161098	14.574347	1.231244	5.460075	1.928965	3.122263	1.485463	6.689120	5.238292	28.819761	5.292671	1.944687	47.319107	1.096136	12.058960	-1.682964	5.984638	25.575553	1.631816	16.704277	1.037605	2.327176	14.327831	14.621673	6.687423	3.480701	2.060622	2.064441	20.227943	7.843791	9.157310	19.335135	
5.201605	-1.693598	-52.400292	-4.176000	0.920157	8.603940	-119.212544	9.384228	-5.970526	-8.806546	-5.371719	-16.078460	-6.050765	3.775549	5.783907	2.223398	-3.837984	-19.527163	-7.318220	6.009528	-14.892773	18.776276	-7.838783	-19.386924	-2.663552	-2.316064	10.031825	-30.812839	2.556256	-53.444388	3.838715	5.671921	3.933625	9.289229	2.149714	-6.895501	-5.514667	17.661670	4.682009	-3.181534	26.290765	1.552212	-2.333737	-1.482644	4.780785	-90.852226	2.658308	6.618422	4.936086	-2.514681	15.627344	-20.450982	-2.723252	4.319970	4.144832	3.969827	-12.837290	-20.796928	3.528511	10.959073	
5.212294	-1.251976	12.275804	3.569543	2.141609	2.389645	30.259707	-2.654371	18.722146	18.260696	-18.206236	-21.659924	16.355051	-5.083522	4.142766	-1.419611	7.635957	-5.315459	-1.771571	-26.531862	-10.640096	-24.657913	9.391908	-6.337466	3.050999	5.337548	-8.825665	13.324001	2.384807	-13.975788	-0.856004	6.292491	3.685459	2.296794	-2.222838	6.883651	6.809961	-10.767930	7.646286	1.387677	16.977819	1.495514	8.876185	-1.661111	-1.907213	43.620331	-1.682074	6.036855	-1.063849	1.480618	-4.322465	19.151975	20.514720	5.152827	3.699368	1.881117	-3.569880	7.731640	3.039583	-6.281963	
13.598491	1.798766	-10.342737	-1.790557	2.168355	9.604854	12.205286	11.535581	18.673536	40.595900	43.574893	54.747847	30.275646	8.719938	3.263699	1.338544	6.311667	-3.275487	1.458151	-8.173765	-11.902965	62.426025	12.690621	-10.774147	6.217615	3.962824	31.550351	-3.470168	4.293945	-14.826028	1.423643	9.377060	1.988184	5.722213	0.669286	2.830462	4.261430	28.573557	11.207046	3.420309	70.836478	1.367951	19.441517	-1.063436	8.457813	-15.408341	-0.931978	19.229911	0.706571	5.025686	20.350944	-7.713384	13.977780	6.760850	5.673017	0.842259	22.748760	6.446158	14.709481	26.821798	
1.973914	1.746990	-24.492734	2.494334	4.027545	-4.101664	-28.405952	-4.280558	14.160439	4.932792	5.985130	-15.561950	-2.767603	-2.642014	5.229357	-1.777364	5.372831	-8.105495	3.342871	-3.570627	3.548978	-30.472518	8.439592	-7.575158	1.783661	5.301407	-14.837952	-4.857879	2.151200	11.144634	-1.059966	5.552205	5.807694	3.799850	-0.912371	5.893383	7.139205	-14.825650	4.190813	-4.335216	-8.923670	1.338179	-4.488402	2.939513	-5.118003	-29.778942	-1.797617	-7.197436	1.264741	1.636200	-5.470752	-15.861489	-3.952386	4.658198	2.137948	3.263671	-6.949783	-13.316302	-1.580615	-10.871030	
-0.922773	-0.875108	19.718702	2.519831	-2.871586	1.044988	32.300891	1.090866	3.328075	-3.493473	-7.015521	-19.725326	-2.890056	-1.987259	-2.441006	-1.834038	-1.815864	7.088929	0.436389	8.495991	-5.170736	-17.943238	-7.219316	6.638431	-1.354008	-1.499399	-4.886036	7.195472	1.137511	13.817273	0.625439	-2.742150	-1.559078	1.166250	1.324928	-1.039810	-1.034269	-6.073796	-0.652614	-1.565863	-3.667421	-2.225082	2.242523	1.274191	0.972402	32.034625	-1.183303	-4.282388	1.295105	-0.711604	6.060346	15.390304	1.245674	-3.694993	-1.567916	-1.791937	-3.819373	5.741524	-2.121421	-8.653843	
17.182450	1.779350	-23.191017	7.836011	6.927220	7.749982	-27.159510	11.887975	37.658389	53.679777	68.867585	88.121554	38.721125	12.733864	9.796837	2.825750	13.023576	-7.696277	3.281443	5.163899	-8.953810	93.089992	22.287537	-36.139686	7.894911	8.891562	43.978480	-7.323953	6.300520	-15.719797	2.995239	17.226096	9.373416	8.989424	1.812375	12.723789	14.102747	47.846987	17.099913	7.225807	60.601857	4.044168	24.944477	0.913318	9.583551	-37.759222	2.855764	24.753656	1.221604	4.333738	26.983025	-18.173728	12.557894	12.466169	6.633057	6.685694	24.294494	-6.349942	16.998523	38.443414	
-2.248778	-0.976698	-19.857158	-0.597824	-1.153080	-2.562053	-34.379204	-3.152427	-7.343462	-8.985848	-3.303075	-19.374219	-7.697107	-4.154945	-2.545222	1.574010	-1.881690	3.635364	1.163358	-3.143167	3.116220	-23.070168	-2.078950	-1.472284	-4.461329	-1.746755	-8.348122	-2.211371	-1.081141	-16.503500	1.418458	-3.599521	1.033132	-2.501767	1.890566	1.309703	-0.982689	-11.326028	-2.217673	0.714117	-13.785980	-0.781537	-4.124669	-0.756152	-2.999465	-38.086686	0.937770	-4.210114	1.073112	-0.945071	-4.715812	-9.819569	-1.681364	-2.753247	-1.415836	2.783152	-7.636458	-5.130674	-5.335490	-11.800053	
-3.456204	-2.078513	-8.479956	-2.204777	1.055131	-3.914766	-25.102085	-3.428792	-7.686937	-12.932755	-9.006749	-38.657565	-14.986788	-7.217798	1.212942	3.720038	-3.370764	7.232310	-1.061003	3.402919	4.286605	-51.366759	-5.442910	14.632305	-3.866207	-6.985367	-25.837458	9.764232	1.495474	13.957128	2.621612	-4.131469	-1.637553	-1.590885	3.393427	4.341139	-3.779350	-19.700153	-5.423809	-2.524802	-4.211283	-1.764178	-7.292029	-2.868537	-5.108618	-41.949785	1.240882	-13.175733	1.897957	-4.503133	-6.058385	-18.195330	-1.817352	-2.838112	2.447361	4.155900	-11.087106	12.745651	-6.518605	-14.961356	
-3.038530	-1.188164	-24.690835	0.927868	2.454874	-2.648064	-50.606325	-4.623685	-2.907985	-6.190894	-3.004894	-8.905286	-5.890933	-2.138417	1.589587	1.357866	1.945345	4.693262	0.637578	-6.127099	5.443207	-2.828474	2.110710	-9.765537	-1.235771	0.541907	-10.763295	-10.750280	0.669594	-19.301108	1.349391	-2.160907	1.913770	-2.547858	1.521960	2.883076	1.906328	-2.640350	-2.606848	-2.544675	3.075262	1.731808	-4.078425	-0.995171	-1.999680	-47.681004	1.412266	1.282456	0.346558	-1.557387	-3.619003	-19.880484	-1.960363	2.304441	1.386792	2.057978	-4.896806	-4.294894	-3.010066	2.701986	
22.084328	5.182260	11.493838	14.705674	11.806726	7.463646	31.659898	5.927654	49.546475	60.193397	62.995511	-23.960802	55.456668	-4.874078	17.511767	1.668888	19.197226	7.330835	10.649565	-11.364585	-9.729807	29.878856	42.368143	-7.994240	17.210366	20.974663	24.905280	-16.318825	11.534658	23.932147	-1.740123	29.177400	15.880192	14.216825	2.904127	21.980087	26.745474	-35.753583	23.964463	1.293360	64.722116	7.841345	23.239994	6.076199	5.998019	37.588854	4.971438	11.845419	1.496847	8.848026	21.081607	-17.806627	8.488689	19.122375	11.780337	6.429459	11.731950	-7.114519	9.145756	-17.093898	
-3.482048	-1.791570	-3.108623	0.854976	-1.365801	-2.107676	-4.476478	-2.872911	-10.283649	-11.048618	-7.509307	-11.963468	-7.304428	-3.723780	-1.772475	1.107732	-2.474517	9.206767	0.365581	2.736347	-4.386288	-12.733652	-4.851378	-3.533362	-3.402873	-3.441914	-7.338771	2.387391	-4.494234	8.130237	1.265537	-4.993714	-1.985391	-3.071500	0.768771	1.219333	-1.849262	4.340745	-5.576285	1.581609	-9.518719	-1.531968	-4.342931	-1.911371	-2.117086	-11.358504	0.877899	-2.422878	0.427310	-1.494836	-8.098750	7.241672	-2.211366	-1.867899	-2.558023	-0.382917	-6.871679	5.432381	-5.511672	-6.392247	
3.682855	-1.099889	8.832901	3.650657	4.851368	1.698376	-10.959449	3.287022	14.945738	17.625713	11.863045	-16.136825	13.607896	-4.801960	3.884233	-1.048936	3.605058	-15.339873	1.841735	-14.239477	-4.090934	-16.677364	7.701341	-11.750891	4.475970	4.422439	-6.907928	4.175401	1.885424	-48.551807	1.208278	6.006831	4.777971	2.098704	-0.976314	8.634410	6.114788	-15.840854	5.520646	2.298017	17.004535	2.694792	8.653826	1.360434	-2.000252	10.804430	1.568923	-8.301632	-1.396579	-1.486320	-9.163378	-14.403142	2.968471	3.295305	3.173550	4.098772	-14.419887	-9.076786	4.644412	-18.480679	
2.558835	-2.043323	22.477642	3.264391	2.270343	1.550051	48.978880	5.598150	6.123123	-15.432374	-15.046108	12.418069	-7.413443	4.197805	5.647467	-3.255673	-4.889127	7.776617	1.665450	-9.855565	3.562288	-4.761214	-2.807174	7.877547	-3.455087	2.858579	6.906877	-1.638164	-1.012385	14.640438	-7.604595	-2.094205	-5.543128	4.285036	2.793350	-1.472146	4.238735	7.602460	-5.477308	-2.004054	-20.502113	-1.823595	-3.201876	-1.270266	-4.246580	34.198225	1.333261	9.312684	-1.605735	1.447150	2.941567	13.451417	25.882805	-3.908524	1.349840	-1.992076	-2.528809	-7.492930	-0.744475	6.799037	
-5.676656	-0.623535	24.058439	-1.145307	-2.858642	-3.333911	53.820806	-3.178183	-11.039045	-17.364094	-8.023620	-5.420960	-15.984929	-3.531658	-4.359772	-0.417596	-3.627338	8.666515	-1.935285	8.266883	6.731376	-22.009881	-7.004020	14.870306	-2.210896	-4.072083	-16.601068	12.503571	-0.950443	24.953628	0.562835	-7.537488	-3.099702	-3.271248	-1.356697	-3.656052	-4.281932	-16.739833	-5.756220	-2.670430	-22.474399	-1.690532	-6.072737	-0.598266	-3.182651	36.856155	-0.417188	-10.248172	-1.000122	-2.568309	-9.801214	18.788489	-2.371959	-3.027940	-1.882842	-1.369389	-13.000164	10.759214	-3.751259	-11.823538	
-1.156792	-1.908474	49.138415	3.170942	1.591530	4.056108	92.209601	3.601779	6.405158	-4.546320	-8.050852	-28.605165	4.587600	-2.850479	1.121030	2.134222	-5.350509	-8.263470	-1.015771	13.584134	-5.956412	-28.531992	-1.630847	11.451270	1.986899	2.982232	-7.908247	15.304364	1.156468	37.708317	2.912523	3.489993	-5.515035	3.121625	3.248376	2.940424	2.391523	-11.261924	-2.087130	2.294514	-9.239223	1.143485	3.950803	1.363332	-2.645717	68.939073	-1.511966	-4.574564	2.456884	2.983284	-12.740505	33.017408	-1.508264	1.497277	-2.283470	-0.610161	-8.118296	10.917396	-5.242074	-9.694350	
-2.695205	-1.520116	16.653646	-0.860473	-2.182911	-1.637572	37.273745	1.323229	-8.235938	-6.719949	-3.597452	-1.716080	-6.953825	-2.516339	-4.271123	-0.705675	-3.942213	7.472197	-1.755485	7.894307	3.513962	13.486433	-8.090112	5.837172	-1.873628	-5.669823	-5.183307	7.400848	-2.809945	14.152814	-0.713590	-6.269992	-3.310811	-4.980916	-1.370797	-1.431836	-3.277575	4.693943	-3.686831	-0.938370	-18.182212	-1.411452	-1.662558	-0.864128	-0.887248	27.190224	0.375990	-3.325620	-1.405090	-2.833165	-4.607305	19.078735	-2.313559	-5.512057	-0.839058	-0.612357	-7.120489	7.681136	-3.071771	-10.174979	
-4.932048	1.430755	-52.143378	-7.895236	-3.133618	-5.890186	-116.662924	-5.281956	-16.704502	-6.257046	-3.174518	-9.977757	-7.529042	-1.922479	-3.785221	-1.074557	-2.035774	-15.770739	-4.212938	-15.407135	-5.777756	-17.723337	-5.884435	-17.181169	-2.575350	-5.473008	-12.678430	-11.746161	-2.959919	-45.828270	-2.519628	-5.032363	-6.016553	-5.041277	-5.022851	-10.148552	-8.502631	-6.166887	-4.396013	-1.555445	-32.076876	-3.178057	-7.833326	-3.104812	-4.518465	-82.678484	-3.585395	-10.876664	-1.894525	-3.660245	-12.229458	-32.549526	-49.627524	-3.091945	-3.937102	-2.994585	-17.038972	-8.640377	-4.908997	-5.800012	
-2.590058	1.641569	-13.780415	-7.720569	-5.376752	1.473712	-45.285095	-6.669496	-10.371928	2.185593	-2.510842	-11.609616	-3.443966	-1.390359	-3.612146	-2.386162	-3.474706	-11.377110	-1.742959	7.576114	7.335828	14.589817	-5.623414	6.426276	-2.429200	-4.013062	-6.039100	-8.976672	-1.129275	-6.001512	-2.166115	-3.641505	-3.818755	4.032020	-0.450020	-10.266083	-8.642218	3.395318	-1.514508	2.493574	4.753926	-3.125894	-3.247868	-0.850227	1.833490	-36.065406	-2.509141	5.559752	1.166728	1.625192	3.694406	6.835156	2.985027	-4.880352	-11.896560	-4.045278	-9.444307	-13.419545	1.824877	5.415431	
-5.266641	-1.953925	18.676890	-5.119702	-1.353560	-3.991134	17.022378	-8.298918	2.289291	-4.482106	-15.492144	-12.922088	-4.981300	-3.173491	-2.049289	1.846315	-2.256552	8.459885	-2.625949	-3.995906	8.652927	-34.597366	-5.287504	7.229612	-2.092029	3.472194	-12.031957	-9.145083	-1.544306	-17.178278	-0.882322	-5.035477	1.600288	-3.153506	1.425335	-1.788867	-6.960121	-14.852606	-4.371858	-4.515506	-29.874215	-1.920341	-1.212060	-1.494528	-6.671155	24.574665	2.695704	-8.030796	-0.751497	1.572499	-11.968216	-11.182799	1.553357	-2.724020	-5.444086	-5.066409	-14.298864	8.603440	-6.096654	-10.519237	
1.331311	0.440503	-28.746127	0.805410	-3.598588	-3.535649	-74.100764	-4.729640	12.211403	9.586706	-8.315231	1.941674	5.173235	2.008322	-1.801086	-1.250229	4.253604	-8.823651	-1.679998	-6.328228	3.658170	26.491675	6.055952	-9.956017	3.560110	2.598536	-8.966411	-17.096197	2.176422	-21.860403	1.090700	6.742516	2.757655	3.556409	-2.120421	-3.186700	-1.489206	-10.992138	5.617839	-1.754026	-11.792147	1.572351	1.770557	-1.329930	-2.286533	-55.736620	0.439393	-6.355268	-1.731387	-1.892494	-1.529616	-28.639872	-4.272372	4.120736	3.542391	-2.379454	-5.219296	-13.819129	-3.075870	3.378987	
-4.123133	0.766582	29.904238	0.625934	0.928088	-0.810084	81.502720	-2.550147	-4.077739	-10.678584	-10.014325	12.400980	-8.360946	-2.964723	-2.686935	-0.441279	-3.332511	5.788485	-0.583654	5.299803	2.818916	13.714557	-5.589923	7.490966	-2.927896	-1.061990	-3.499925	14.513449	-1.314722	22.007237	-1.235906	-3.610964	-4.033054	-1.567727	0.919138	2.491721	-1.028552	6.398638	-5.489003	-1.834430	-26.684537	0.740026	-3.479382	-0.967959	1.841420	56.454580	0.474143	-1.530363	-1.590074	-1.083172	-5.157008	18.768024	-1.138386	-4.079126	0.815766	-1.900720	-5.378655	14.762257	-2.809891	-8.032462	
-6.559551	2.643524	35.098576	-1.288989	1.086857	-1.521882	47.041103	-2.735027	-11.322202	-10.825512	7.655080	-18.135486	-10.112372	-2.700211	-2.164336	0.669941	-3.306284	6.003252	-1.472986	9.117423	-8.636684	5.931772	4.312619	8.938690	-2.883739	-2.039047	3.754456	8.878618	-1.896102	24.712421	1.216720	-2.925737	-1.646082	-1.457263	-1.291361	-1.572413	-1.770676	-8.004464	-5.232532	-8.763061	10.760534	1.030869	-6.273482	-0.780951	-1.727009	45.999464	-0.429319	-3.383517	-1.357401	-2.009547	3.223380	19.545767	-1.474332	1.474398	-2.505484	0.816465	1.533646	-4.839463	-1.719106	-4.570402	
11.495240	3.851861	14.830533	10.667633	10.238550	-1.343434	33.501146	7.755523	31.951202	25.082904	21.714556	39.970732	23.669298	5.858265	15.222290	4.711399	12.076797	7.495264	5.964318	13.836923	-9.004611	36.942781	27.883708	9.541466	8.795489	13.654929	26.822397	-7.016140	2.934086	43.921969	3.620112	19.334266	11.224870	8.375183	1.935897	16.514944	20.001655	-7.499447	14.045689	-6.375331	23.179646	7.988495	10.167773	2.945112	4.878350	35.648096	3.992406	8.466192	-2.943115	6.280139	18.170983	-11.973359	-4.647969	12.673569	2.970128	7.885137	18.334423	19.799022	10.396625	14.675863	
0.913614	-1.395485	18.839093	-0.418721	-1.859714	-1.086192	31.898512	-4.302963	3.544884	2.348431	-9.450885	-18.413028	-2.064811	-3.284904	-1.144049	2.688607	2.005041	7.432625	2.442011	2.447747	3.915224	-27.405986	2.418444	7.685513	1.094913	2.477231	-9.026534	-4.053124	0.959772	23.091805	1.779296	0.900201	2.198228	-1.223289	3.230641	-1.927799	2.979571	-7.144451	1.747962	-1.883503	-12.011850	-3.589965	0.855860	-1.056519	-2.044186	25.209430	1.293333	-2.745665	2.500868	-1.108307	-6.115637	-11.557255	1.730557	-1.648980	-2.145066	-1.105717	1.890376	-3.757336	-4.741722	-6.929358	
2.138221	1.335950	-26.142368	-3.707448	1.704275	-5.801577	-54.019151	3.803087	-8.517168	-3.073580	-6.489067	-10.682571	-5.998186	-6.199723	-1.766105	-0.871923	3.510400	-21.387606	-2.165600	-6.830314	4.700063	-31.686505	-4.664805	-17.820513	-4.773230	-6.512334	-13.796854	-8.041216	-1.587831	-29.522968	1.400945	-3.920582	0.883622	-4.521444	-1.305403	0.670188	-2.283296	-20.049819	-4.091781	1.915563	25.770595	-1.048214	-10.150474	-2.805353	3.489494	-37.687891	2.245530	-7.834038	-2.450791	-3.522490	-6.057926	-23.721690	-5.691479	-3.366233	3.677917	-1.508107	7.954285	-21.802302	2.090079	-2.866368	
-3.499284	0.785451	-7.695141	1.319631	1.684919	-2.314325	10.159440	-3.329970	-4.975732	-8.689393	-10.436320	-7.558096	-7.569729	-4.191550	-1.722247	2.550983	-2.567452	6.867555	0.815315	5.572458	3.763038	-13.130760	-2.461012	5.875770	-2.773295	0.784075	-11.986687	7.755479	0.506434	-10.446494	1.920504	-2.540175	1.493651	-2.468514	1.997578	1.754170	-0.972807	-8.636223	-2.311877	-1.327701	-18.947634	0.963883	-4.161926	-4.722202	-2.810891	-14.294232	-0.614897	-7.928997	1.544485	-1.537674	-16.598808	5.582967	-1.207070	-1.982437	-1.490431	3.248041	-15.051897	-5.632471	-4.741867	-11.219575	
-5.415332	-1.104588	-14.621942	1.673325	3.331931	-4.573093	-41.089998	-4.394589	5.830261	-7.716076	-6.179931	-20.534304	-8.956100	-2.784649	2.832525	0.982460	-1.529392	6.656831	2.796940	-6.250454	-8.814304	-8.398453	5.549209	-8.049190	-3.592821	4.154146	-12.802442	-3.488486	-2.367478	19.805783	-1.052435	2.590002	3.445965	-3.547280	1.011785	5.595517	6.947541	-6.961957	-4.300924	-3.318357	-9.825457	-1.440481	-4.276750	0.668016	-7.948206	-26.936204	1.792325	-9.078223	-0.883891	-1.682386	-11.421431	-9.109905	-1.637490	-1.034915	-1.321613	3.094523	-12.977961	-9.534082	-4.978608	-10.316189	
14.194678	-2.082126	-37.814528	-2.331416	-1.462226	11.409148	-80.228601	17.441637	16.021386	36.734123	81.695322	97.494741	32.691691	17.458224	-2.293226	-2.147731	3.794037	-16.586580	-1.718676	-6.123517	9.481002	105.175720	7.811526	-11.723687	6.161662	-2.464902	64.502695	-9.553488	3.610470	-43.533208	1.778101	7.114210	-1.661833	2.251995	-3.002386	-1.630163	-5.193677	64.568245	10.171087	4.601068	124.593721	-1.476059	24.748771	-2.169786	13.559541	-96.657921	-1.881991	39.836130	-3.501511	4.233428	47.922229	-26.173829	19.392000	7.529834	7.024667	-1.805601	58.820074	-21.417633	19.909781	50.309112	
4.969499	2.706428	-21.108692	-2.887927	4.646763	5.066190	-72.805100	-6.845287	-5.378672	10.202158	4.369037	-29.618598	10.627376	-4.424092	-5.410962	-0.892960	3.710690	7.777904	0.647821	-6.200162	-5.351268	-46.454540	-3.649920	-9.764302	3.979770	-1.208737	17.595810	5.351039	2.526215	-33.493037	3.026201	7.642322	-2.876277	6.415807	2.179024	-3.529877	-4.724983	-17.623796	2.770117	-3.840541	16.850651	-1.675191	-2.585730	1.880986	7.427188	-46.782794	-6.135926	-8.095494	2.801368	5.075249	9.402663	-37.346316	-2.832704	2.744581	2.929056	-2.577391	-14.935562	-14.053693	8.429421	-12.657763	
-1.593702	0.664970	-31.526300	-0.689410	-1.203471	-3.063809	-52.339432	-3.119846	1.233881	4.714461	7.073608	7.969205	-5.653722	1.029147	-1.510174	0.366711	3.405581	4.461215	0.677419	-1.950873	-4.608911	22.275371	1.765501	-11.529178	-1.622542	-0.825416	9.359649	-10.656312	-1.487347	-23.330636	1.828244	-0.545934	-1.359512	-2.187853	0.409720	1.787745	1.785948	-6.239271	2.246110	1.909942	15.041836	0.788666	-2.730094	-0.886221	-1.441406	-25.191977	-0.994827	-6.311594	-1.204825	-1.547600	6.604238	-16.704488	-2.772780	1.836477	0.919793	-1.254707	6.700966	6.899979	2.958830	-4.561707	
-4.512537	2.560923	8.968584	-2.206277	-2.352535	-3.497230	31.008389	-2.784678	-8.706767	-15.483091	-12.701937	10.009545	-11.079295	-3.085760	-4.432854	-1.222006	-2.889124	-8.558380	-4.490204	4.847858	3.570845	-33.685861	-3.851824	-4.333643	-2.619270	-2.504852	-12.318255	10.931898	-2.092992	12.053858	1.440325	-5.234840	-4.630554	-1.859010	-2.076273	-2.811295	-3.655389	-8.942385	-5.898739	-2.712970	-14.557959	0.798920	-5.074072	-1.814443	1.259016	34.480230	-1.828249	-6.853790	-4.313245	1.817706	-7.382158	9.625204	-4.806615	-1.485602	1.260903	-4.196133	4.205791	-5.886040	3.038071	-2.365941	
-3.261380	-1.017377	-21.701935	1.382422	2.160533	-0.630944	-46.131216	-2.168750	-3.302079	-5.905024	-6.573675	-7.448096	-4.649288	-3.669451	1.606004	1.112211	-1.849448	-8.198189	0.723899	-5.231196	-5.651065	-31.347782	-2.953589	12.686708	-0.618462	1.886651	-10.766689	4.389655	-0.753975	-24.314463	0.998909	-2.637127	1.220314	-1.536295	0.657747	2.387733	1.540333	-13.936656	-2.817088	-1.890357	-4.783353	1.089890	-3.006734	-1.576734	-3.741462	-34.691559	0.965339	-8.800234	0.859770	-5.846073	-9.994412	-10.386999	-3.228529	-1.868276	-1.552139	3.449339	-8.705629	-10.864918	-1.419988	-7.068176	
1.926540	1.326185	-13.738970	6.559640	7.796069	-2.427936	-17.534614	2.717302	18.065370	9.565208	-3.023499	6.650821	6.751676	1.396231	9.780097	1.506739	7.045866	7.948819	4.652769	-5.379506	5.088091	12.089958	14.631389	10.036414	3.657551	8.594658	2.620137	-7.899085	2.634998	15.047503	-0.479230	7.395778	7.714339	3.174035	2.191035	12.140472	12.780323	6.274902	5.507199	-2.894417	-13.580422	3.743639	2.383959	2.972903	-3.196550	-10.413106	2.990897	-2.681302	0.832110	-2.013559	-8.094512	18.188316	-1.141870	4.900974	2.533042	4.655469	-6.465328	-6.302678	-2.864050	7.825638	
15.687617	2.664939	-13.297253	7.062284	8.228769	10.565370	-40.682255	11.356244	34.116946	43.750241	68.304526	51.428185	34.969866	10.323580	10.074764	1.638121	9.525133	-10.340425	3.828359	-10.925749	-5.689726	72.452197	19.730532	-6.788974	8.418267	10.582358	42.102624	-5.352845	5.728543	-21.730529	0.978973	17.742964	9.536728	11.349882	3.930597	11.283894	14.695963	32.886976	17.313063	4.434689	56.580850	5.401593	25.311954	4.186578	11.217172	-35.925761	4.101462	21.710957	2.518021	4.979883	25.261521	-29.029950	12.973935	11.061413	5.583066	8.478192	18.748432	-6.222011	17.300817	20.376926	
-5.073285	-2.045051	50.634835	15.685238	9.053186	6.227545	97.997178	9.881289	5.522379	-12.819461	5.461316	2.907394	-4.707483	6.202459	9.764834	1.840215	13.237329	14.113653	2.547702	10.944123	-8.313006	33.840101	8.103306	19.930809	-1.413612	9.444945	19.875758	12.669814	1.444672	23.448340	1.741626	5.238293	9.740121	4.272987	1.524117	12.395075	12.849056	10.779003	-3.479998	4.574181	7.651895	6.920238	6.016336	1.537421	4.995191	82.332298	3.665869	4.999808	2.937714	2.290284	17.102366	33.167357	-4.421709	6.698451	6.097020	7.932361	11.664469	-9.876996	6.045199	15.136159	
-1.874698	-1.194719	26.752407	1.156982	-1.841038	-1.475576	58.049259	-5.370503	-8.070531	-7.460573	-12.639206	-6.227272	-4.908910	-4.114673	-4.374561	1.037311	-2.602468	7.253580	0.651441	7.522367	6.454293	-36.245911	-4.284711	7.595783	-2.783210	-3.453507	-9.437768	16.031270	-1.118303	20.055612	-1.089538	-6.313430	-2.790049	-3.400730	0.683158	-2.380559	-2.653195	-11.932737	-4.275589	-1.777245	-14.658445	-1.686819	-4.084513	-0.516698	-3.467481	46.805463	-1.491136	-2.581521	0.684968	-1.857642	-8.925071	9.628183	4.780519	-7.128490	-3.480210	-2.384656	-3.789417	5.638093	-4.239516	-10.596294	
14.510170	-3.498173	-63.834464	23.457136	19.339495	-5.081310	-148.358291	8.116895	25.282204	43.824897	-9.324823	-11.305089	36.961092	-4.411232	24.064049	11.225753	13.428926	-34.618655	10.470227	-29.533787	-16.399849	28.480641	29.079993	-43.486094	7.354940	11.579817	26.185955	-10.122558	-4.699654	-55.640044	6.618062	13.816588	19.072599	-1.523444	7.697670	28.699005	27.042080	-9.225237	14.647534	4.247081	24.933800	3.629844	8.108555	4.119057	-2.892694	-105.148653	10.722044	22.317990	8.833187	3.265860	21.094418	-56.230576	-1.289467	15.641602	-17.032715	18.648493	-11.312905	-38.572230	-2.800336	17.026548	
-3.504959	-0.808646	36.020981	-2.062265	-5.067616	-5.851251	77.720618	-3.932981	-3.550085	-12.057401	-16.182915	-4.722476	-8.701049	-1.477453	-6.213544	-1.577127	-4.265997	10.520178	-0.626702	11.056977	3.158784	-23.595847	-6.019258	7.677609	-3.012657	-3.521121	-9.079112	11.329287	-2.256319	37.696106	-1.107696	-6.267368	-4.894658	-3.574659	-0.790584	-9.492071	-4.243297	-13.665074	-3.522275	3.466617	-29.371263	-2.112329	-5.496299	-0.880257	-1.799046	59.822612	-2.298634	-7.253019	-1.498981	-2.021262	-5.873938	21.524802	4.629043	-2.401837	-4.432728	-7.719549	-6.036968	12.927196	-5.723669	-8.364925	
17.880819	3.400719	-42.233253	12.527501	8.033006	5.373436	-64.416995	-7.631147	35.945282	48.443335	11.812956	-72.512037	40.518115	-5.583949	11.423619	-1.082592	13.649343	-15.524480	6.606201	14.061031	5.579263	-74.617412	28.381592	-25.003767	12.889789	13.152589	-28.318099	-32.313804	7.209714	-50.582742	-2.629536	18.820485	7.310263	10.878217	2.239149	14.562638	15.969716	-28.951199	15.104901	-2.145396	-43.144081	4.251557	19.245875	7.363568	-3.861232	-47.554590	6.586665	-8.276817	-2.522613	2.913195	-20.583460	-31.571127	3.837218	20.291564	11.602666	9.364545	-29.805179	-24.886548	6.728360	-20.320092	
7.362417	1.110747	21.369368	0.988515	-0.540312	0.811997	38.745346	-5.518463	22.022266	21.771679	14.657527	-30.394434	17.536274	-5.527786	1.900798	1.853813	6.293551	7.248983	-3.286339	-11.971860	-7.878463	11.491517	10.276948	-11.616892	4.306239	2.566910	-17.142369	-6.451941	3.084566	-16.712274	2.292559	8.980194	2.577158	4.387765	-1.550010	1.453144	3.349987	-20.377446	8.913047	-3.506403	9.893786	1.038864	7.836152	-1.602313	1.903959	20.345627	1.801853	-8.505783	0.554787	1.722280	-8.711591	-6.224263	5.760447	6.599531	2.232289	1.054620	-6.634819	-23.142786	1.891310	-11.238817	
-1.926748	-1.195046	18.034127	3.931752	3.036260	-0.637895	37.434787	-2.259893	2.998602	-6.555032	-16.290246	-20.084558	-6.347279	-1.756962	2.269860	-1.084067	1.311072	4.797362	3.315201	13.040761	1.142531	-28.842210	-1.537405	7.445715	-1.714330	2.146726	-3.575632	10.821143	-1.225737	11.838456	-1.072626	-2.247445	0.618087	-4.138376	-1.062071	8.206681	4.954199	-11.395834	-3.473546	2.319519	-12.232645	0.720811	-2.657957	1.375897	1.108042	32.272321	-1.469227	-4.173130	-1.053908	-1.330699	-7.767632	14.964401	1.350690	-1.826429	-2.113542	-0.878204	-4.653871	5.594012	-4.502665	-8.428471	
0.846444	0.816451	-13.587190	5.245693	3.481452	-2.470228	-9.199686	-2.364456	9.010103	1.815300	-5.064836	-4.101441	3.699001	0.993848	3.539979	0.669080	2.581869	-7.427727	2.028902	-8.724487	-1.673883	17.429471	5.425201	-7.447705	-1.323237	3.437755	-6.193071	-3.588118	-0.851006	11.487927	1.233242	3.276461	3.073350	-1.743332	0.648490	10.200799	7.070864	6.479229	1.482785	1.384942	-12.086343	1.620468	-2.588063	-1.436562	-2.141733	6.249197	1.866591	-1.326288	-1.079749	0.939802	5.601257	5.483424	-3.224881	2.556666	-0.685599	4.426821	4.941767	-4.485085	-3.568835	-4.343951	
