-4.691208	-7.339545	-14.515008	10.255218	-7.779306	-3.829553	-3.104960	-4.866482	23.291758	14.722110	-10.489614	6.766029	6.855773	-14.276538	-26.715898	21.714477	-7.226530	9.376234	7.896451	-4.615879	34.846194	17.323915	32.026034	-17.087723	14.015535	9.017395	-11.012836	-4.080367	-12.842826	-2.190857	23.415319	-8.468629	6.802872	14.634019	10.269954	3.959981	-4.300428	20.226683	13.270723	14.638193	5.713255	-6.601909	-12.052391	-4.872250	-8.879924	-5.329427	-2.283038	8.986946	7.317268	-16.404907	
0.905449	-18.880857	-3.256299	-5.261608	2.293760	-2.445508	-2.034407	-5.605671	4.105210	5.523089	-4.515827	-5.212181	-2.702858	11.190742	-7.356852	-3.371377	-7.066441	5.022189	2.180611	3.351027	9.287579	-4.305385	5.543314	4.059347	-7.514197	-6.160660	-2.998281	-3.188525	14.488551	-3.358704	-17.717801	-7.880844	-6.384347	-3.770629	-2.571092	2.638877	-1.775528	4.995159	4.518754	5.529727	-3.679045	-3.053465	-4.170208	5.224178	-7.346003	-3.229331	1.112385	9.568484	-10.385470	6.878372	
1.537084	11.032555	-15.267528	8.081307	-6.116630	3.570605	3.735050	-6.651860	22.812208	22.952879	20.153572	-4.784493	14.173687	15.454497	-7.535541	18.333616	-10.499906	16.211809	7.433702	4.789104	35.367743	19.455456	36.095157	-16.437790	17.864421	10.696131	2.964934	6.726159	-16.023400	-4.068340	17.225233	19.344904	-13.664343	9.761237	11.438512	3.790497	3.428230	21.340135	14.981751	15.875247	12.422405	4.183430	-8.993862	-10.859675	5.573319	-4.694242	0.972757	8.938535	-12.036671	-8.300933	
1.659582	-6.249620	-6.017164	-19.254567	2.417576	-3.112009	-3.206815	-1.205901	3.925307	2.786567	3.903795	-5.418860	-6.943756	-7.411656	-8.392671	-1.616681	-18.943883	-9.254884	-5.542914	4.283442	7.767094	-2.802887	-5.246446	4.965965	-8.653612	5.420702	-8.541873	-4.963530	-16.975348	-1.771164	-8.746424	-10.933325	2.982977	-2.762356	1.040498	-4.500737	-1.664713	3.173870	3.081098	3.573498	-11.636092	-2.976986	-5.759677	-6.904091	-7.725841	1.961692	-2.678740	-12.100691	4.237905	-4.927616	
1.765594	9.871967	4.306641	-6.782494	-16.505527	2.997945	-2.619990	-3.169769	5.332553	8.075336	-12.338593	-2.981338	10.151996	10.623121	-3.596215	14.691410	-9.982069	14.781490	6.131476	-2.729666	5.967788	10.133408	22.561469	-11.190977	12.354026	5.263110	3.347175	10.294867	-16.301415	1.601196	8.952927	9.057017	5.596821	10.311221	4.659304	2.560726	3.038430	9.293138	-2.105938	1.882103	13.895201	-3.827980	7.773807	7.162166	11.488379	6.807101	3.011535	-8.625309	14.933202	-9.733934	
-1.830760	5.235344	4.149684	-8.727137	4.914250	-7.720332	2.938579	2.632123	6.860335	9.665863	11.484118	4.336831	-4.759851	-8.811951	-5.332771	-2.412862	8.916774	-11.466415	-2.128188	3.262428	12.978972	-2.783250	7.315093	8.578496	5.253637	5.025930	4.250857	2.557124	-8.708124	3.410159	11.378971	-22.559221	-4.338373	2.983878	2.492552	-3.519041	-1.535184	8.058190	6.104812	6.276057	-5.172564	-3.105404	-5.369838	-6.200302	-9.239655	3.280950	1.509980	9.978891	-7.621488	10.900467	
-0.659085	-6.068700	1.077001	2.236992	3.418005	-2.058105	-6.813510	1.651804	5.047979	4.578868	6.172808	-3.017796	-3.970493	6.385522	7.262294	3.564589	-6.572613	-7.633156	-2.693499	1.880712	8.317772	-2.127202	-6.966669	4.501806	-7.732631	-4.211064	-2.138505	-5.876542	5.338636	-1.318168	6.431207	7.622048	-3.371666	3.136509	1.561900	1.564591	-1.269108	3.681043	3.749738	3.649086	-5.639124	1.552861	5.132979	-9.495434	-2.811243	-2.841711	-0.824129	5.583417	-4.346954	3.164770	
-0.615234	-6.019733	3.727321	-5.163314	-4.198727	-4.875137	-3.545347	-11.936806	4.719126	5.356729	-8.451209	-4.744476	-4.163109	-4.942033	5.272806	-3.616802	-7.287794	-5.601066	-4.168150	1.535518	8.650941	-4.879678	-2.342222	4.134781	-5.149547	-5.290958	4.491646	-6.843989	6.253069	-3.297242	-9.846612	-6.726314	-9.117135	-2.357857	-2.819221	2.064698	-1.917124	2.643032	3.987053	2.943730	-5.876049	-2.296526	-4.316914	-7.435818	-6.400264	2.772146	-1.538609	12.115516	-7.428901	-1.774850	
-1.229551	7.402050	6.960202	-5.893139	5.393975	-3.688592	5.439147	2.473464	-8.094580	-3.921755	5.392766	-6.684412	2.281706	-7.922648	15.197834	3.708220	-6.855749	6.506518	5.112799	-4.010811	-6.068368	5.946883	11.392640	12.393634	11.253187	-8.308301	-3.825405	5.185951	13.652278	3.234813	-22.563831	-7.632477	9.559915	3.647337	2.119718	-3.340578	3.779643	-5.332213	-5.510047	-4.461761	7.595494	3.623332	-5.876235	5.723425	-7.327489	6.113944	1.797356	5.785944	-7.341853	10.370968	
-1.321975	-7.483904	-4.312374	-4.230741	3.842922	-3.588455	-2.081768	2.539861	-10.365930	-12.416646	-11.107326	-8.212987	-2.683455	11.756792	-10.714321	-7.052062	10.339179	-5.657242	-5.069217	-3.378136	-15.352341	-6.772397	-23.889123	-8.883932	6.887767	6.097341	-7.562940	-5.795657	10.505864	1.800227	-8.933905	-4.196500	-5.139431	-4.839184	-4.438219	-4.193611	-2.040608	-13.957889	-7.374539	-5.929634	-4.262586	-1.386278	-8.164377	-2.471896	5.785600	-4.281551	-1.636620	14.617703	6.153467	-3.348221	
1.927795	-9.309692	-5.670514	4.403640	3.253149	3.513118	4.781867	8.939242	13.898432	12.005852	-43.055341	10.129963	19.604069	-19.915330	12.464896	21.499015	17.485329	34.281035	15.530378	-6.935424	9.894129	22.216696	56.018016	-11.468301	16.059421	6.724284	-5.508271	13.942791	27.762686	-2.728485	30.019419	-13.760569	6.223090	17.725880	12.276612	6.375952	-1.561441	22.007690	4.320144	3.064466	24.935230	-3.935103	8.967275	9.229522	15.947902	-3.973834	3.213359	13.211208	-5.382032	-9.580823	
2.636419	4.728569	4.568085	-3.692537	-7.221103	1.377068	3.983724	3.957116	14.866613	16.618430	-22.819302	-18.197347	13.093276	-10.199218	5.996518	13.666637	16.128192	19.490805	9.177888	4.846687	21.530927	12.697553	34.468185	-12.041330	-9.707600	-7.593560	8.585441	10.246309	17.552591	-2.597485	-18.031503	11.341104	11.307869	8.472871	8.304242	5.340633	1.457553	18.586977	7.624879	9.856189	10.348770	3.797761	11.393627	11.404454	9.403915	3.999913	2.479817	-12.310016	3.107397	6.657817	
1.194075	7.467356	-2.330775	6.406153	-2.313254	2.085350	5.308787	-2.418111	-3.804526	-2.752257	6.349213	-7.332279	-10.301632	-9.195303	-10.772003	-9.485823	7.421191	-6.318397	-3.159754	4.016996	3.282333	-7.358284	-18.322773	9.089853	14.193465	-6.327646	5.718997	-4.032884	12.031259	2.900144	-8.104440	-10.467625	-4.496063	-7.442156	-4.574566	2.620197	1.418640	-7.336499	-1.771493	-1.254980	-9.853186	1.745082	-8.211951	6.183256	6.797127	2.466179	0.646587	7.336779	14.614447	-4.535587	
2.642929	-6.545136	5.497086	-4.493998	11.485899	3.989845	3.944600	-5.907078	26.877892	27.459620	-25.935785	6.710429	12.022343	-66.149501	-18.697479	23.277491	20.186904	16.538125	8.887783	-7.422876	46.463421	22.675872	63.679948	8.994241	10.992987	5.532512	9.962835	-9.897705	-10.740910	-3.760743	-28.520701	-20.482093	-8.194579	17.187244	18.351433	-8.334672	6.213786	33.812523	17.645397	17.924559	14.613465	4.151481	9.160463	8.196652	-13.750622	10.338178	-1.280606	25.785080	-11.885665	-9.075208	
1.342656	5.337501	-5.298013	10.200530	4.880157	5.561836	2.154072	7.075054	2.337286	3.996032	4.629938	-5.181311	3.872323	-8.686825	-37.390643	4.620530	4.068639	5.509398	-3.069746	4.075583	7.759656	4.884112	5.969131	5.655139	-5.464257	10.411103	-3.829320	3.221967	-13.254023	-3.599900	17.546885	-14.796903	9.744178	-2.427381	4.572918	3.655630	-2.793547	-3.516260	2.710606	4.914349	5.292823	3.969171	-7.898551	4.451013	6.362381	-2.424742	-1.712033	-8.442993	5.951689	4.509431	
1.068529	7.666478	-4.092844	-9.776602	-7.135697	1.420217	1.574693	-4.797918	-11.076547	-10.779875	-7.256355	-5.430173	-7.660800	-7.287954	-4.516865	-13.781219	10.136977	-10.395527	-5.426747	-3.404349	-18.381167	-11.450012	-19.599063	7.354079	-11.965061	6.438636	-4.041544	6.479603	-13.469349	3.547368	-13.402699	-12.428833	-4.288598	-8.514429	-5.704932	-3.646355	1.775623	-11.234811	-6.533535	-6.994846	-8.695207	-3.158092	-5.772105	2.447582	5.515952	-2.566087	-0.817978	6.290983	5.128969	-5.635913	
-0.883796	-6.751581	-3.627956	8.832895	3.431576	-3.032529	-3.929146	-5.516311	4.544308	5.243140	-8.477081	-9.699603	4.379616	-10.913285	-9.844921	-5.736230	-36.271729	-7.909020	-1.521703	3.065688	-4.753110	-7.305876	-14.172163	8.224912	-12.145786	-12.703570	7.272600	2.625286	-12.626248	-1.758379	9.217643	5.158056	9.119510	-8.366233	-2.926729	-5.613090	-2.712811	-4.724854	3.453327	-3.303604	-8.302919	3.248683	16.567016	-11.598965	-6.173322	4.791058	1.464400	8.239868	-11.211915	3.414118	
1.589547	-7.087865	-6.485195	-6.502499	-3.612857	-1.271991	1.287689	-4.717594	-4.313488	-4.214729	-9.319125	9.488780	-7.494760	-9.183790	-6.583614	-5.390260	-9.058218	-16.426887	-6.218721	-2.159523	-5.173720	-5.834120	-14.928946	-10.515318	-6.881733	-2.504546	5.238903	-3.527049	8.644761	1.685230	-12.019407	-10.565841	5.545337	-4.459443	-5.493948	-2.713883	0.683171	-6.231550	3.151883	2.318337	-7.746101	-3.105086	-3.253883	5.875151	-6.685325	-2.915477	1.637477	-10.869503	9.560995	6.180225	
0.908853	-3.951080	2.277831	-3.484659	7.541548	-2.795386	-3.246625	4.397062	-6.797547	-7.528172	10.084264	3.052492	-8.979437	8.628221	5.639812	-10.956830	-5.941473	-11.131356	-6.000648	2.761400	-8.815826	-9.279490	-18.743125	3.619132	3.623215	4.518057	-4.764241	-3.404291	8.217913	5.235292	11.614697	-7.514040	10.692443	-7.242065	-6.063562	3.286368	-1.509789	-10.603840	-3.712286	-3.450156	-5.747308	-2.569654	5.415958	8.619611	-4.106057	-2.867078	1.369282	-13.658982	4.467388	7.435560	
0.527536	-2.740097	4.648971	-7.381136	-2.009565	3.193178	1.898535	2.277345	8.063106	8.527630	-5.934053	3.266634	4.662098	-4.399007	10.400561	8.988284	-5.562261	7.115575	4.207585	-11.967041	4.990817	8.114588	18.346952	-8.199112	13.027511	-9.324728	5.761715	2.416323	8.209887	-3.744122	10.046829	16.938730	7.902470	6.351351	2.763608	3.891312	3.985077	6.996454	-2.144055	-1.683618	6.187865	2.325614	3.834802	4.794796	-4.805383	3.650173	0.977377	-17.437455	3.225093	-3.678938	
-0.900650	6.870803	-3.553200	-3.909766	5.990701	-4.219390	-3.624833	6.313054	-2.538001	-5.103388	12.307159	-6.657300	-4.621953	11.895381	12.459161	-5.200954	13.034518	-7.641591	-5.640710	3.557522	-12.738222	-5.621490	-6.100797	-3.530395	6.525426	7.891281	-4.701426	-1.574889	-7.632400	3.532076	12.813859	-8.146670	9.267149	-3.413637	-4.746588	4.438088	1.750175	-6.980677	-3.653419	-5.177361	-7.844397	2.340074	-6.782497	-6.003340	6.992780	-4.698505	-1.698401	6.496598	-4.090988	5.902091	
-0.731665	-7.502328	-4.083499	3.523367	4.988426	1.770007	-6.124971	4.981769	-7.820694	-9.182208	9.392183	3.409333	-6.262187	-7.066815	12.038713	-10.001681	-5.026692	-7.000200	-3.322968	-2.304632	-15.935047	-10.403237	-22.449805	3.854533	7.844273	3.128074	-7.743636	-1.545869	5.248172	3.772548	13.496791	11.615975	11.611942	-7.196244	-4.447500	3.158027	1.614803	-10.186460	-3.692911	-3.506433	-8.024205	0.807751	-5.141297	3.887127	-5.110135	1.400826	-1.071947	-6.432302	4.427087	3.267491	
-1.144941	-9.199408	-10.849685	11.225726	3.833234	1.548181	-2.742653	-4.005703	-11.471236	-11.238942	-10.266252	-6.508808	5.985037	-14.929552	-14.026193	-5.181310	-8.261610	-5.645709	3.793506	2.469512	-17.897476	4.094026	-27.528849	-17.102693	-13.107274	4.852826	-6.906122	11.902456	-22.362811	4.526415	-14.260434	-23.087791	9.048659	2.808166	-2.931333	-3.027911	-3.787210	-7.519858	-6.546299	-6.570953	-5.227382	4.734131	-15.873257	-4.143408	-13.613041	2.589630	1.874844	-10.063062	12.223715	-4.275905	
-0.739360	-4.579913	1.813325	2.122834	1.340482	-0.902193	1.455937	-4.080903	2.108686	3.933932	-5.424691	-3.402695	3.428322	-2.942780	-4.192286	6.748897	-3.899491	8.449001	3.269541	-4.448310	-2.460294	6.474722	19.565363	-25.013037	-5.525690	-8.136434	3.758263	-2.520608	10.521872	-5.470234	13.608886	-15.288290	-5.672119	4.477703	2.946163	1.471854	-1.144735	5.288247	-2.779193	-3.456643	6.848302	-1.229756	-1.927447	-5.178519	5.175035	-4.436632	-1.269751	-6.752319	5.200927	3.338114	
1.205986	5.383702	-4.669577	2.906072	3.504495	2.311664	4.830491	5.870345	4.817628	6.111299	-4.301457	-5.624261	15.209604	13.189260	-4.758811	11.720860	17.717809	25.122696	11.355664	2.909670	8.174372	12.991153	20.990005	-6.222061	-27.246662	-6.810143	-4.137542	3.978163	8.627397	2.250456	9.799196	14.727361	-4.715172	6.846485	4.896081	5.471354	-2.259318	9.593372	3.747484	4.338545	19.817296	-3.523880	-6.242249	5.957513	-4.339697	-4.896146	1.474341	-22.181188	-2.782677	-10.031603	
0.681959	5.985282	6.146280	3.435117	4.575948	-1.817032	5.771764	3.709701	9.738787	11.510926	-6.272969	-4.951266	13.948180	-6.895727	-6.498428	10.957893	8.476976	19.187606	8.355445	2.650965	14.863714	12.166456	24.109429	8.672252	-8.317081	-22.814132	7.695849	3.225572	13.934733	2.252283	13.110476	11.376924	3.303673	7.325681	7.018239	5.635479	-1.065164	10.749370	6.510385	6.127162	14.551020	-4.691121	3.711227	5.842648	5.254295	2.073085	1.106622	-7.305295	4.805729	5.302710	
0.611918	-4.297103	2.071453	6.150888	-3.355865	2.443278	1.442586	-2.612947	-4.711189	-5.993223	12.576666	-5.481699	-4.441168	7.271775	-9.543951	-5.695132	-12.532489	-9.803809	-5.303980	-3.131485	-3.480384	-7.595048	-20.955800	-5.183828	-9.604262	-2.959576	-17.242881	-4.050392	11.320016	1.875691	-6.510171	8.541765	5.881760	-4.133739	-3.749151	-3.515212	-1.719498	-8.635428	-1.697259	0.843616	-7.612676	1.305947	4.986957	-2.121182	4.684892	3.882240	-1.532853	7.282830	-5.031261	-5.121259	
1.751904	6.508038	5.970836	8.277059	-3.046965	-2.741153	-2.340584	-3.620442	3.545784	5.298482	21.496435	-6.961439	-7.030786	-6.809084	-7.699548	-3.849624	-10.460473	-6.638925	-3.564796	1.323530	9.980440	-6.997638	-14.507866	6.835298	11.928366	-6.692744	-2.057541	-17.148466	10.190755	-4.952523	10.010073	10.779916	-11.726537	-5.452824	2.422414	-4.836171	3.475741	3.443802	5.692217	7.517519	-6.419085	-3.221119	-12.145316	2.891284	7.985593	4.205631	-0.354675	10.215582	-12.489757	-6.151407	
2.965040	-7.608854	-8.145036	8.974417	4.445815	-3.699730	1.741958	-4.206035	1.488971	5.029381	11.648037	3.962529	-6.498479	9.428224	5.389592	-2.741137	-6.330147	-7.573236	-2.388147	-1.576034	4.762425	3.036486	-9.343985	-5.513390	9.392397	5.271658	-7.402007	-3.815320	-41.566059	2.158390	11.149995	14.765184	-12.195557	1.352356	-1.602644	-1.897345	2.626706	1.553013	4.445932	4.023112	-3.610323	-2.330768	2.579633	3.663293	-5.838951	3.795281	1.172121	9.815968	-4.482763	7.283004	
-1.245018	4.440221	2.968256	6.160807	-4.270830	-2.134187	2.786143	4.268552	5.135385	4.159845	-14.393964	-7.451577	6.443547	-9.839935	-6.050128	9.793522	-5.899010	8.165504	7.776888	2.323316	3.924567	8.402226	25.214346	-6.662966	5.497483	-4.223216	-3.158332	-5.800867	6.974800	-11.324992	14.011071	-7.089630	-8.389188	5.749687	4.494975	3.182999	1.187334	9.821555	-1.069979	1.848586	10.955539	-1.777632	-5.530252	-5.436049	2.250279	-3.221768	1.271697	-14.969418	5.148704	-8.194356	
2.010201	5.499463	3.972382	-7.564953	2.293292	-2.180242	-3.573666	-2.938267	9.009154	9.707392	-9.500923	-3.894857	3.998176	-11.698223	-8.424097	4.191636	11.871834	-6.665106	-2.502642	-4.981507	18.161495	5.578643	12.460045	-6.867917	-8.398881	2.878930	2.522744	5.226853	-8.784776	-2.203234	-41.110421	-15.571644	-5.042875	7.649447	3.217405	-5.569620	-3.110529	8.886048	8.978824	7.964614	3.584913	3.479131	-9.757907	-5.761595	-7.102895	-5.149967	0.946025	-6.639929	-5.481027	5.237589	
3.116918	-6.084009	-4.095378	-7.664440	3.343604	2.160347	1.717694	-2.976610	6.520358	5.773964	-7.331970	4.525897	-3.210305	-12.862737	-8.814897	6.249534	-11.386968	-6.233012	1.914216	-4.485097	15.484565	6.787032	13.141746	5.876197	5.392833	7.261422	-4.490261	-4.849896	-8.911872	-3.222081	-15.484275	-39.890884	8.549780	4.849429	3.122992	-2.951616	-3.660380	11.077662	4.850571	5.220974	2.089670	-2.089489	-8.782889	-3.891090	11.793080	-8.858233	-2.420680	8.986893	5.076979	5.563514	
1.087183	-8.050045	9.518370	9.257598	-4.207876	-2.125483	-2.608327	-4.670387	7.941156	8.282476	9.441164	-4.864210	-6.733167	-10.008162	16.395935	-8.224831	8.679246	-3.250741	-3.802090	3.191404	13.299817	-8.736709	12.311228	11.372943	-9.343553	-10.965630	10.701023	6.131259	23.220031	-1.290489	-16.461419	-6.762594	-33.477215	-6.523180	-4.916265	-5.105633	-1.645825	-8.961095	4.681600	5.107138	-4.751583	3.859286	8.261389	5.399081	12.167175	4.166223	2.152961	20.550034	9.721233	-7.953770	
1.632197	-10.268790	-8.383912	-11.627024	6.460700	-3.445160	-3.803230	4.807311	-13.619925	-17.188732	-19.809861	-10.476748	-15.851006	-15.850698	8.305515	-17.113775	15.065578	-16.781963	-4.362529	2.144426	-25.146997	-13.709552	-31.252654	-10.148289	-23.045193	-9.683965	8.201185	4.788716	-14.994604	-3.374759	-7.461117	15.403904	-5.931035	-17.120127	-8.056521	1.729833	-3.837373	-17.431754	-9.746762	-11.529123	-14.559564	-2.001746	12.575733	-7.309188	-12.205952	-8.368337	-2.434825	-8.683028	15.519914	-12.072543	
0.940179	-3.018994	2.699417	5.668694	3.166691	-1.657018	-3.070749	-4.305470	-6.085672	-8.131984	-6.075811	-1.950519	-0.746851	-7.239227	10.423733	-8.162749	-6.811441	-5.980503	-3.159286	-3.667234	-14.307447	-5.596025	-10.218887	-5.392845	4.270370	-3.971614	-5.252091	4.702633	8.827384	2.464053	4.510874	7.842144	7.826076	-5.606078	-4.464270	3.224257	2.113427	-7.454270	-6.028369	-7.408547	-4.568451	2.416423	-3.266046	5.900828	-2.859633	-3.898258	-1.261697	-3.183721	5.560993	3.922703	
2.237748	3.831483	2.085478	7.438411	-4.741160	3.577148	1.851042	-3.938441	18.701838	17.159659	-13.428181	5.710852	16.496524	9.525871	14.497738	23.559982	6.009483	21.551196	11.625919	-5.185297	30.720107	19.859583	51.493051	-7.184894	9.085537	-4.529165	8.725247	-2.937890	11.871569	-5.637349	12.473111	15.029180	7.359380	16.268414	13.614377	-11.252269	0.907591	24.856156	13.665921	13.914646	18.662410	5.780290	6.980021	7.850266	2.132430	5.061589	-1.498180	-22.745680	5.888658	-10.103046	
1.120383	-7.025785	-10.994118	6.522351	2.416393	-2.434512	1.756753	-3.701545	4.708397	3.698146	10.095560	-1.692878	-2.578132	-9.771756	-13.068054	-4.730369	9.620140	-8.310609	-3.119592	3.587180	9.636929	-3.481188	-11.106437	5.750037	-9.679438	4.469695	-4.388492	-8.625938	-6.355344	-1.662866	-11.187809	-9.485744	-8.782867	-3.513486	-2.594833	4.422588	-7.622145	3.449615	4.073490	4.482958	-5.538568	-1.785050	-7.905836	-2.270622	-5.823840	-8.129573	1.387983	10.568762	-16.446945	-3.821200	
-0.679179	4.517151	-4.783062	-2.981283	-2.939853	-2.333508	-3.696061	-4.743395	-11.433753	-12.456951	14.341834	3.497677	-8.103484	11.977358	-6.134129	-13.631289	5.521013	-19.329818	-8.984673	3.159853	-20.080014	-14.802099	-30.100656	4.463615	8.282386	-7.263412	3.182037	4.921586	-14.784555	1.708476	-8.841723	9.013043	-9.037423	-8.648081	-8.407351	-2.343824	2.063638	-17.683979	-8.743505	-10.243980	-11.284823	-1.262217	7.237264	-7.728627	4.520727	2.823402	2.122632	11.448366	5.492997	7.076302	
1.183669	8.484421	4.802092	-4.477759	-4.795253	1.691548	-3.842656	4.015537	-6.101339	-6.470240	-5.784153	-2.126683	-8.268860	5.527436	-5.888036	-6.858631	-4.789086	-8.355089	-2.425258	-3.809822	-9.809140	4.106149	-13.925917	6.494547	-7.441519	2.477391	4.201155	-5.738641	-12.536589	2.751594	-10.381201	-11.030042	-9.237007	-3.760630	1.597898	-3.310808	-1.541460	-7.725031	-5.939646	-2.656868	-3.613645	3.311195	-5.931721	2.354120	4.732051	1.339986	-1.449490	4.708697	10.635485	-6.035472	
-1.548007	-6.703239	-5.933894	3.815534	-3.441314	-2.657617	-4.063769	4.541466	-4.354075	-4.890703	-6.398227	3.488142	-3.445009	4.542713	-4.857788	-5.408030	6.392504	-6.514813	-1.764036	1.145692	-13.318975	-1.994137	-8.593584	2.181478	6.023077	5.194963	3.187735	-3.687884	-6.489442	-1.714413	-4.958769	-9.238211	2.847118	-4.514074	-2.609550	-2.285632	-2.121215	-4.029565	-5.367546	-6.767866	-3.757106	1.195202	-3.028298	3.747806	6.430159	-1.225048	1.306865	5.904342	4.401544	-5.764204	
-0.659224	-4.156243	-4.372087	-7.058929	-3.607727	1.629137	-2.378004	-3.569312	-4.821254	-5.804100	10.546698	4.614381	-9.169976	9.854452	-10.973793	-10.154708	13.436844	-14.253097	-6.691947	3.097378	-7.302263	-9.949356	-26.125506	-7.926253	4.273725	-3.707661	5.407081	4.186724	-15.240822	-1.356556	9.633734	-4.649919	-7.059940	-7.577882	-5.957705	-1.223351	-2.011215	-12.130686	-3.113200	-2.375367	-15.904977	-2.407483	-6.730398	-6.188248	-8.723154	3.401887	-1.759143	-14.206021	11.135024	-2.834238	
1.746350	5.948661	9.524025	-4.030320	-6.502540	5.115035	3.515465	8.591426	20.805144	24.786452	-16.348825	10.991586	19.127932	5.731881	14.022206	29.869704	-26.248106	30.308532	12.540343	-4.494294	37.837175	26.876031	54.310618	6.324089	-22.111884	5.552588	7.971333	12.016088	13.877738	-4.856329	-13.110488	10.741541	9.955786	17.499880	15.255610	8.249910	4.300461	29.938237	15.058731	16.544238	24.462786	-19.152333	12.022993	10.515508	10.909380	3.550574	1.809086	-19.801799	-15.367921	-10.202315	
2.655103	5.959779	10.187072	-3.046494	-5.704270	-1.352416	-3.505367	-3.113312	10.785457	11.045734	-10.763384	-6.032649	5.509840	-27.137950	-12.500716	9.044043	-5.160823	12.016191	4.247805	-4.494194	17.287319	9.460148	32.504349	4.488004	-9.689282	3.688438	-6.506107	-11.275047	17.500956	3.595961	-14.218456	-18.758200	-9.861320	7.461807	6.573622	-7.503014	3.416712	14.064227	7.229622	9.608722	9.740973	-2.459767	-25.743814	7.540345	6.148916	3.791464	-1.910678	14.096042	-7.495130	2.624304	
-0.928206	3.666771	-2.689816	-2.060108	-1.842656	1.150686	-1.606007	1.969081	-8.708272	-8.359533	-4.051987	-5.933012	-8.720017	12.472715	4.705178	-8.740164	6.017935	-12.752180	-5.477096	2.702815	-14.203209	-12.211995	-25.508580	6.555650	8.883029	3.573801	-6.608900	4.254806	-10.853419	3.622301	8.831328	4.627565	-8.633535	-5.580851	-5.545007	-1.762882	1.362605	-12.738713	-5.882063	-5.506478	-10.494499	-1.696273	5.433078	-16.062453	5.275742	-2.064824	-1.412292	5.954102	6.590778	4.225172	
-1.214343	-10.390444	-2.393740	-7.026850	3.781442	-3.716041	-4.327225	-8.042234	2.910784	4.797354	7.644116	-8.783036	-11.996968	-11.310564	-5.366273	-13.014390	4.251856	-13.721947	-7.758625	-2.766811	9.129692	-12.142280	-25.492537	-5.908282	-6.310708	-5.357231	-3.414129	-8.158439	-11.239816	2.363901	-16.750762	13.006825	-8.130713	-6.321708	-4.082172	-4.444266	2.080334	-5.648708	6.333174	5.544776	-14.112324	-3.226712	-7.846264	-7.412774	-24.553328	-2.845772	-1.507878	12.877552	-12.352785	7.773679	
0.470417	5.437065	-2.942184	-6.995840	-3.377124	-2.136553	-2.275913	1.919145	1.722625	-0.992828	7.512747	-5.771285	-1.563573	4.707479	-7.229545	3.413378	-5.931408	-3.761596	-1.172140	3.369943	4.446117	-1.066573	-5.866826	4.777355	6.982544	5.615419	-6.556297	5.498087	-11.392698	2.087768	-4.378237	6.407382	-2.257418	1.051040	1.785095	-3.695967	-2.643059	1.235145	2.814780	1.524484	-4.088942	2.034769	-3.664253	-4.213918	5.262903	-11.687671	-1.863372	9.801880	-8.598204	-3.439040	
1.386675	5.660697	2.187046	4.401071	-5.347750	2.199018	1.376737	-2.814622	7.576150	10.969260	9.650071	-2.301925	4.226738	12.244879	7.729150	12.210033	5.219858	12.370540	5.199769	-3.765612	12.457946	9.840518	24.157306	4.678577	-4.702408	-6.062273	-2.838600	4.198202	-13.116736	-2.359303	7.830303	15.411087	-7.835981	7.007010	5.340077	-1.948449	0.870583	11.048371	2.797243	5.162976	6.473783	1.153766	4.161773	-3.182206	4.425228	2.298183	-4.034111	-3.859703	-3.826289	2.175318	
2.526249	9.400550	2.622527	3.355752	-5.411245	4.760360	2.895491	3.939898	10.106416	12.628356	-11.014481	8.960060	10.871365	-5.090529	12.075437	15.106694	-4.218567	18.967695	7.615161	-3.201908	17.614977	13.463298	35.982072	-8.071059	-9.479749	10.036317	-3.698457	-4.850548	6.026834	-2.249930	16.738944	10.500492	10.979781	11.146028	8.856992	-4.427634	3.213620	17.845115	8.805559	9.985673	20.601937	4.586675	6.426216	9.615275	5.293029	5.855139	-1.088431	-40.425253	11.237435	-5.091902	
-1.562075	-5.785210	-5.316674	10.292760	-5.771237	-4.720793	-5.183297	-3.094033	4.496015	7.850065	13.834193	8.559418	-6.474972	13.014868	13.029249	-3.682116	16.699237	-10.127679	-2.426736	-4.193784	10.711312	-5.126919	-7.529626	-6.373443	-18.400310	-14.952373	-8.693847	-6.985640	-16.627273	7.062761	-35.723829	16.326043	-28.494090	-2.580503	-2.534419	3.488104	-3.688865	4.592275	6.478713	7.973340	-5.014646	5.087754	-14.225772	-10.694789	10.806375	1.401088	-3.079501	12.369232	-37.035680	7.516538	
-0.829156	6.126270	-4.660613	6.505215	3.442462	1.311204	-1.353058	4.251108	4.984969	6.198961	-6.729392	3.860634	10.261199	-13.146930	-6.123900	9.948679	6.145608	16.428474	7.739955	-4.344430	-5.512298	10.873897	24.559911	-9.621762	9.387850	6.130912	8.064710	4.438515	4.661284	-2.618205	10.469314	11.221814	3.706770	7.616912	4.389204	3.886892	2.088422	9.731193	-2.470179	-2.160108	13.815571	4.528347	5.343475	-6.637368	5.117478	2.898195	1.109823	-5.558605	-3.619948	-18.750792	
