-7.045574	-0.988198	33.527293	-1.060265	1.345025	-3.763830	-9.442257	-1.774192	-4.527120	0.762226	-5.730397	5.026316	-4.258838	10.169592	-3.709817	1.354348	-1.326529	4.103774	-1.206986	-3.660863	10.116790	-1.375086	1.320406	-7.141350	-1.323017	1.571673	7.249950	2.314807	-3.697642	12.926070	-1.124427	-1.805028	2.710062	-1.953238	-1.833582	0.643072	1.332992	0.853066	-3.856443	-1.093916	-2.773015	-0.891401	-4.288664	-0.739409	-2.846756	20.544271	-2.276499	-2.193717	1.384929	-2.072909	7.750447	9.034870	-1.872636	-1.238163	-5.161129	0.708421	-8.763849	4.449737	-0.362259	-4.407192	
-3.052749	-5.914128	33.856266	-1.530684	-1.903790	-4.959598	11.776039	-2.193848	-5.483973	-1.481781	-11.037291	-2.929968	-7.846039	-19.590625	-7.595616	-0.879913	-2.477626	6.654216	-1.126113	3.755573	6.560882	0.835260	-2.303793	-4.307276	-1.456624	-2.512795	-7.885812	7.609524	-5.897698	11.772624	-1.021397	-4.552655	-3.816921	-2.998767	-2.129308	0.611989	-1.794682	1.386543	-6.449113	-1.366938	-4.780544	-1.446698	-3.974307	-2.269065	-5.882647	34.238960	-1.215711	-4.789847	-2.287147	-2.107720	-3.628254	13.792497	-1.223049	1.253717	-5.053719	-2.904787	-16.663772	6.131334	-1.296267	-8.160663	
6.357919	4.353812	-41.725296	-3.235993	2.253638	34.031564	8.396557	16.243378	7.411319	-2.225775	68.330639	37.058339	53.650580	155.306902	33.287163	2.758457	7.652137	-10.199656	2.026184	4.003184	9.956847	15.216626	2.210789	22.004974	5.795119	3.134507	79.809710	12.168949	19.479780	-13.531243	2.753773	7.746390	4.094257	2.580121	4.098434	4.293415	4.269341	5.836709	20.909544	23.426176	35.772671	0.898258	34.386670	5.958391	41.532586	18.045568	-2.029227	28.489237	2.967099	9.386698	41.914680	6.859926	13.351178	-2.574313	18.048131	5.895252	45.968164	11.761638	10.626270	44.800658	
2.512513	5.629024	-74.380064	-18.157153	-3.002868	-8.938024	-16.670749	-11.866107	-3.107350	4.179183	-8.204098	-7.012554	-4.418995	-41.179734	-15.991163	6.509716	10.433253	18.989631	8.611745	-17.455988	22.341039	-8.181662	2.940258	-29.204974	-4.575086	5.196625	18.301782	-39.513336	-6.353966	-18.913564	3.792772	3.108740	3.696603	-2.854129	2.435234	4.244461	10.494776	-3.094833	8.918796	-5.515881	-5.135376	3.025077	-5.810554	4.122536	9.816896	-29.682989	-2.614050	-5.901886	9.329852	-2.575857	-25.925300	-34.495199	3.583583	3.800682	-12.477570	-4.317274	-6.739218	13.366461	-5.226337	-13.925988	
-2.700122	-5.389532	44.724147	-2.515693	-6.668708	-11.661414	-3.966412	-10.611685	-17.127744	-1.699587	-31.816199	-16.716099	-23.400299	-56.369104	-15.114207	-1.451045	-6.856013	10.550223	-1.531398	8.030938	11.336020	-6.954716	-2.397206	16.362318	-4.134078	-7.178647	-32.374353	-4.841263	-14.054332	20.888275	-1.240927	-9.580729	-4.722664	-6.506057	-4.908179	-6.580530	-6.514923	1.551481	-11.815177	-6.203076	-5.272360	-1.867665	-8.056642	-2.056014	-17.133621	46.216840	-1.647253	-11.825930	-4.363083	-5.445123	-19.768239	22.680166	63.592228	-1.461235	-8.468053	-7.325630	-32.675892	-2.563976	-3.342588	-14.744553	
-0.773444	-0.931466	-43.267667	-0.620373	-1.483311	-10.645672	-13.036004	-3.766382	-3.850887	1.324974	-7.342677	-7.774725	-9.016721	-34.814012	-7.081853	1.251828	1.709121	8.217508	-1.146020	-4.811760	-4.807905	-5.926797	2.396429	5.301283	-2.295112	0.774600	-20.176987	-4.378084	-4.526845	-15.486127	1.277293	-2.027510	1.929744	0.982302	0.981241	-0.545818	1.167189	-2.142497	-3.658709	-1.278199	-2.862805	-0.717981	-3.342553	-1.389187	-9.592365	-35.581596	-0.982101	-4.631546	0.931547	-1.709611	-6.123628	-6.407787	2.243077	-1.354289	-1.547650	1.668379	-6.594541	2.338438	-1.715841	-16.991746	
2.766795	1.494536	-45.279462	-1.037314	-0.838123	16.425251	-18.546592	7.463583	1.057928	1.228154	41.246668	20.496466	22.976427	81.145367	13.306898	2.472004	2.444291	-12.564750	0.874977	4.462480	-8.920290	8.857401	0.900797	-8.823703	1.599378	2.053707	41.174967	-10.160391	6.613955	-24.064328	1.426327	3.429424	2.291504	1.817767	0.893542	0.756792	1.272827	3.052418	9.086022	11.086255	18.984141	-1.567191	16.890946	1.260767	21.578145	-48.410245	2.150515	18.559041	2.186532	4.440565	19.516591	13.376749	9.879384	-1.433067	5.846953	3.121350	24.549228	-4.484910	6.198864	30.319981	
-2.661263	-1.450948	18.736185	-1.596710	-0.971228	-1.881242	8.893980	-11.142325	-3.190979	2.715467	-7.987156	-3.087064	-5.484015	-15.561518	-3.515952	-1.428057	3.744766	7.049370	2.790280	5.439139	17.964102	-1.149882	-1.433105	6.156016	-1.849540	2.759253	4.963932	-7.834309	4.484021	26.331884	0.762357	2.420817	3.126201	-1.079873	1.434127	2.043431	2.978174	-0.986062	2.666150	0.867476	1.239867	-0.997227	-6.584871	2.486152	3.784076	24.411992	-1.786641	2.147667	1.936961	-1.387287	-4.278929	-12.198783	-4.374362	2.209287	-6.945101	-2.570341	8.359135	12.350229	-1.094920	-5.130466	
2.703660	2.457241	56.264756	-2.169387	1.723099	-5.828339	-12.248889	-2.487878	-5.734235	2.138802	-6.279355	1.663757	-10.730110	8.288514	-6.773290	4.415630	-6.917892	9.987931	2.248958	3.311731	19.175999	-1.719653	-2.693155	25.194307	3.205560	-3.650634	-6.953707	9.426403	-3.359984	42.602289	2.199692	-1.908043	2.134930	-4.025333	1.538200	3.290250	1.908570	-2.487523	-1.888527	-2.232207	-3.681048	-0.732859	-4.532876	2.143503	-7.642351	46.058766	3.029062	-3.301920	3.870552	-1.477517	-3.752754	26.952529	1.560870	-2.356477	-12.645355	2.810789	10.919721	9.852092	-1.889177	8.199134	
-2.646074	-2.040053	17.200507	3.938874	1.777982	5.097879	2.280643	4.905409	5.196864	-5.660333	-9.119108	-3.817317	-3.818266	13.555181	-3.903072	-1.390360	-1.453414	5.124566	-1.202715	6.860909	5.010826	2.054133	-2.316473	6.894289	3.879970	1.534928	-4.836659	2.661529	4.087124	6.385947	0.579846	-3.311811	1.161771	2.733139	-2.591869	-0.599619	-0.887176	1.071349	-4.474230	-2.538491	-1.673563	1.418383	-3.545963	-1.584462	3.406178	5.372972	-1.496369	2.153461	3.337843	-1.063864	-3.776929	3.210475	-5.062283	1.015044	0.695024	2.649723	-2.233653	3.281013	1.883347	4.359338	
1.910399	1.147105	110.069931	3.518037	2.881867	-7.106150	23.505499	4.418932	8.908273	2.822033	-34.342596	-19.829508	-28.958194	8.816024	-10.526520	-2.042988	4.465636	13.330347	5.082068	15.894707	23.004201	-9.226222	5.258790	32.368950	1.245700	7.625134	-7.971918	16.290219	-6.914921	52.896795	-3.505666	5.340030	4.852722	5.917970	-2.188356	3.420680	5.572076	-1.994377	-5.797505	3.654050	-14.538279	2.816151	-8.780563	1.696040	-9.966728	82.318670	-3.387159	-3.841218	0.598617	-7.802037	-7.343072	53.683311	-6.613369	2.254916	-18.429056	4.928212	41.472520	2.833812	-1.785215	9.696770	
3.475246	7.167174	-50.871710	-8.282312	-1.149522	-18.877429	-33.025515	-15.224273	11.658037	4.610223	-9.296882	-27.543035	19.818156	-79.951969	10.443895	-2.232428	9.214211	-14.581976	2.052186	15.852825	-17.763047	-7.562462	4.144100	-32.708279	-3.948157	7.680741	-12.945353	-63.402138	12.673308	-49.921999	1.254238	11.712769	7.688330	10.618968	8.303942	3.037060	11.013814	-4.184690	17.288647	-5.714310	-5.689926	1.647296	12.011576	5.428688	-17.306905	-114.265587	4.107692	-13.853376	-1.132662	-4.710139	-7.511225	-25.136804	9.560763	-2.094721	6.132363	1.935404	-14.239973	-26.742568	-5.840924	-15.080183	
1.405745	-2.360888	-8.232869	2.460062	2.132748	3.536580	6.209526	1.026902	4.266442	-1.441474	-11.166357	-2.350836	-12.969736	-11.190906	5.247974	1.751491	2.069605	-5.752377	1.881357	-1.636152	-7.472715	-3.180659	-1.176963	-2.317687	2.324746	4.305682	-11.548948	6.765759	-3.329882	-4.376458	-0.563429	1.383323	4.385658	-1.892980	-1.785513	4.531873	4.045069	0.998641	-2.707445	-1.563047	-6.908795	1.975288	3.506829	2.076948	-8.525075	8.081052	1.284026	-4.934572	5.995574	1.454585	-7.058016	9.752155	-2.163619	-0.801960	2.814007	4.858535	-2.000452	-2.546852	-1.488913	2.300382	
3.234344	2.876634	-32.166233	-2.665295	3.800272	-9.038879	10.714151	-6.240088	5.661404	1.453896	-1.414356	-5.958973	7.041400	-36.948426	5.826359	5.302242	8.740708	5.664003	-1.931220	-4.439723	-7.394751	-1.151474	3.101457	-12.570046	2.373742	6.833398	-16.474701	-7.988661	6.833389	10.316487	1.886647	5.333371	8.037729	3.499878	1.959640	6.181908	7.420616	-0.940851	7.818605	-3.422014	-11.282814	2.896402	-6.806687	2.355614	-7.801275	-23.434784	3.745169	-1.865966	7.577516	-3.174299	-8.711310	12.457343	1.664846	2.372366	2.960778	7.326755	-11.504225	-11.266680	-3.056085	-13.380540	
-1.877496	-1.187720	24.924361	-0.603314	-2.264391	-4.474215	5.063633	-3.357441	-5.637972	-0.944458	-5.372085	-4.243808	-5.958882	-8.867846	-7.034963	0.867542	-1.317982	3.031984	-1.398654	3.147153	7.543541	-2.754011	-2.093314	-5.871071	-0.811722	-2.374353	-7.793049	3.308608	-5.471635	9.985187	-0.617603	-2.447510	-1.923638	-1.493160	-2.108872	-1.965219	-2.553825	-1.699214	-3.538130	-2.588901	-4.602607	-0.605297	-3.681345	0.918457	-4.536850	20.626570	-1.222720	-3.485527	-0.674806	-1.162808	-9.318416	15.275528	-1.921880	0.553454	-4.257033	-3.812150	-5.190530	-2.547013	-1.051183	-7.408862	
-3.872853	-2.577739	48.148292	2.383323	-0.577753	-2.717901	11.535034	1.514643	-5.870443	-1.864313	-21.628876	1.998830	-10.671863	23.214515	-9.307950	-3.137503	-3.380618	-4.279833	-2.520060	5.400494	10.127684	-2.717647	2.460550	8.322352	-1.348606	-2.185556	-4.466210	6.560909	-6.158591	18.279579	-2.965355	-2.956061	-3.373348	-1.932749	-2.990440	-2.316734	-1.288943	2.452778	-11.781174	-3.054974	-5.563622	-0.585984	-9.782899	-2.239161	-3.875968	33.822361	-2.032058	-2.926103	-1.204601	-2.752859	3.273024	13.193071	-69.768641	-1.871012	-7.489120	-2.181612	-4.772747	5.249151	-1.133834	8.214121	
-2.452456	-1.682304	-60.352495	0.810242	3.178283	-4.578665	-4.572842	2.606821	8.048705	-1.826096	-6.835328	-3.019210	-6.383913	-25.997093	-4.827105	1.907669	-6.247999	-15.789290	0.862130	-6.640004	-11.122539	-4.994950	-1.346686	-14.907393	2.293664	1.248085	-17.722039	-12.832283	-4.375417	-30.196416	1.874115	-0.985868	-0.878949	2.685307	-0.955784	2.340311	1.275260	-1.531404	-4.641076	-5.973596	-6.527311	-1.097500	-4.321584	-1.039479	-11.163358	-51.421194	1.936810	-5.923267	3.333670	-2.283689	-13.447886	-22.358801	3.658858	0.952758	-1.434021	4.080595	-4.479120	2.472654	-2.393051	-9.124857	
2.615366	1.853230	26.160906	0.392833	0.754927	16.367227	7.591180	7.652328	4.840395	-0.807868	31.607377	14.500523	20.477342	72.931062	13.305511	1.841920	2.656038	-20.294319	1.409128	-2.180980	4.735643	5.868726	-2.068400	11.804459	2.790061	2.646945	41.516190	5.301161	7.251813	15.988357	0.751325	4.446128	2.423995	2.326991	1.438705	3.464433	3.277985	3.627992	7.679189	9.304787	15.379322	0.897964	17.946812	1.991256	20.857102	31.960353	1.211943	15.191194	2.462335	4.300448	17.406519	18.752447	7.575662	-0.940689	7.485405	2.367792	24.357208	3.623342	3.876753	18.711984	
2.704457	-2.396013	-141.460410	4.354774	1.247324	16.195114	-21.644751	9.981840	10.942136	1.239029	-9.395454	6.483742	-7.643092	22.382500	14.415983	2.471993	-3.681070	-17.690858	-11.327578	5.614874	-29.344700	6.026213	-4.297403	-21.890391	4.158306	2.004143	14.223917	-24.283008	13.448706	-57.150312	5.818353	-2.814756	3.650636	7.605572	-3.309309	-5.068520	-4.432853	2.787475	7.907602	3.543588	13.253182	0.978296	-4.027641	-2.160608	9.049218	-116.567649	3.101935	8.139603	10.445197	-4.109868	18.967547	-33.978223	-3.253446	3.331561	5.576696	4.242818	-15.419183	-8.467248	-1.784235	10.982040	
-2.058428	2.295137	39.646570	-0.804449	1.065580	7.193012	-5.434402	-1.534586	5.027588	-1.113213	-14.328498	-3.692417	25.437397	-41.253310	13.687628	-1.213172	7.465365	5.638363	-2.939016	-23.305028	-14.623709	-2.392441	2.210981	-7.736225	-2.073475	3.261479	-12.594022	13.072313	8.065434	-14.963282	-1.143135	5.796228	3.533245	1.458576	1.330503	3.003976	4.669469	-1.881401	11.831174	-3.586284	-6.582955	0.907414	13.615394	-1.716281	-6.293362	48.437569	-2.727374	5.936968	-1.475690	2.906143	-5.018201	22.306301	30.927577	2.190278	12.829389	2.434412	3.736499	3.938675	1.773333	-7.470133	
4.462746	4.888474	-20.104256	-2.997922	1.499120	25.759018	5.097578	10.300662	6.149764	2.612471	45.528411	21.710472	44.221491	79.915315	25.070319	1.227521	5.981575	-3.231549	-0.867141	-7.007241	-16.872527	7.850084	2.540339	-15.106909	3.855789	2.963484	45.142197	3.359999	14.360541	-12.661863	1.410836	7.478215	1.696564	4.635872	4.086540	1.694735	2.874234	2.122634	16.602106	13.699095	25.537329	-0.496412	29.244699	2.464058	23.291974	-17.899381	1.666930	17.484116	-0.711609	9.339573	23.629364	-10.458298	15.972086	0.845872	16.600296	-1.377652	28.064589	5.947219	6.407253	27.344031	
2.882336	2.568287	-50.527928	-2.756012	1.861610	-9.947546	-8.798381	-4.922899	4.152090	3.223844	7.108242	-6.270389	-3.330934	-6.100886	3.512683	-1.532852	5.258951	-8.583568	1.461835	-2.870849	3.004320	-7.516141	-1.816960	-7.764958	1.450597	4.932905	-21.570587	-4.242154	5.440292	14.123465	-1.222225	5.146653	5.924906	4.826639	2.127155	2.765545	4.636081	-2.664088	6.599466	-6.022093	-8.465884	0.515265	-6.280174	3.830467	-8.773774	-25.646323	-2.133671	-7.614338	-2.048017	1.662629	-6.079214	-16.314426	3.546229	-2.038142	2.756789	4.182434	-6.974582	-9.985679	-1.133037	-11.021211	
-3.707253	-1.158068	46.653945	1.224994	-2.417825	1.422505	-6.023964	1.821358	-3.411225	-2.062503	-6.445067	-8.905619	-4.444267	-19.588144	1.330305	-1.706358	-1.781454	5.682995	-0.721488	5.645976	7.920425	-3.423189	-6.801421	10.834376	-1.309938	-2.090459	-6.893193	5.115441	1.573357	16.996834	0.362468	-2.046682	-1.714404	-1.884498	-1.031518	-1.185666	-0.951905	-1.135382	-0.947227	-3.675453	-3.329753	-2.056777	3.361185	1.448505	-3.766858	37.195157	-1.617189	-3.758767	2.199199	-0.585018	-4.170624	20.228964	-2.424699	-2.452246	-1.673855	-1.960360	-5.629705	-2.263411	0.681026	-8.409304	
8.200498	5.841947	-40.776733	2.134014	2.736619	25.971610	-5.483442	10.403698	12.580250	3.194639	68.942279	32.711928	56.593699	110.023502	34.657242	3.076165	12.352736	-8.124053	1.243160	4.975688	-20.943599	12.677475	4.346274	-45.379361	3.839094	6.851887	62.464841	-7.911609	22.246860	-13.645037	2.726720	13.350148	8.104405	8.563462	6.204398	5.928918	8.783065	-2.463346	26.698350	17.733019	26.076899	2.207124	37.686348	2.504419	35.283786	-43.977534	3.274325	21.774268	5.532628	9.374910	31.721055	-23.570418	14.759679	1.922689	19.432610	7.426110	26.104422	-3.159122	8.090875	37.829047	
2.260654	-1.797278	-50.265054	-1.233335	-1.409572	-6.191319	-3.124226	-3.001298	-4.545564	0.879432	-5.094967	-5.810871	-11.183296	-35.668852	-7.111819	1.449219	-1.841374	3.295613	1.318823	-2.963666	4.014840	-4.606854	1.603195	-3.107448	-4.514799	-1.553176	-11.536827	-1.779624	-4.662691	-20.410987	1.726921	-2.567504	1.119094	-1.895546	1.435053	0.662221	-0.731526	-0.798961	-2.741400	-4.471159	-6.148741	-1.108704	-6.103631	-0.952229	-9.032417	-43.695104	-0.883616	-3.693358	2.414186	-1.459678	-6.638100	-13.134981	-2.195668	-1.321967	-3.345670	3.483148	-10.188939	-3.405754	-2.756828	-11.348012	
2.473573	-3.934288	-17.797037	-2.433497	1.053688	-9.740496	11.226785	-3.217096	2.901274	-2.333328	-11.992686	-16.640758	-21.753664	-49.363864	-7.298249	3.375963	-3.389506	8.804839	-2.153399	4.053152	3.143081	-6.576906	2.883989	16.392475	-2.048758	-8.463027	-36.660951	8.417891	-4.947577	9.535085	2.688825	-3.218105	-3.215213	1.062844	-1.604267	2.609083	-2.655612	-2.144418	-7.731839	-7.060838	-2.775110	-2.176823	-11.066186	-4.038332	-17.201959	-43.221736	-2.564157	-10.174601	4.073151	-5.849511	-10.158388	-25.127769	-1.864897	2.418337	-3.557815	5.105257	-11.693996	10.645690	-3.829675	-15.160530	
-2.635808	-1.816004	-66.403572	-1.452456	1.485068	-4.780068	-7.546308	-5.341236	-3.098498	0.935971	4.894565	-4.777628	-8.855576	-8.451760	-4.661834	1.391608	2.030473	-4.392795	-0.789863	-4.739347	7.217977	-1.312355	0.896412	-15.226328	-1.994938	1.075276	-15.140415	-10.004651	-2.419694	-25.196902	1.186688	-1.798896	1.921756	-2.616446	1.071460	1.934570	1.476785	-0.917012	-3.152534	-3.968671	-2.827241	1.454530	-5.885544	-1.353170	-3.368735	-57.737205	1.700289	-1.327201	1.973827	-2.082325	-6.466519	-23.383289	-2.871055	0.830066	1.452187	2.234476	-6.237210	-3.707330	-2.631355	2.952853	
9.144089	12.851051	33.495232	2.896247	5.944995	16.314637	-6.136660	5.294348	18.378210	3.421198	63.371824	5.392305	79.946274	-59.672196	44.115287	2.001551	17.969774	10.113216	5.546781	-9.997209	-11.568303	6.753958	6.180417	-9.390860	11.535149	16.768476	35.575428	-14.392147	37.989282	27.771512	-1.878891	22.015663	12.906039	13.933606	10.260907	10.278276	16.442545	-3.465563	35.847667	7.032108	26.130546	4.392099	34.990568	9.962476	20.886190	41.256896	6.151889	10.216089	3.974400	14.461946	24.342150	-20.012322	13.189513	3.378607	31.887813	6.298240	16.304072	-6.683753	3.938195	-17.351990	
-2.392338	-3.078044	6.768372	0.766116	-1.079673	-4.190446	-4.027501	-2.659371	-6.347765	0.782947	-7.743793	-2.129243	-11.332979	-41.619153	-5.609400	1.060098	-2.320888	8.547328	0.803088	2.420464	-5.450978	-2.160996	-2.309745	-4.423776	-3.334008	-4.158846	-10.051072	2.161518	-9.024955	5.046115	1.027258	-3.939423	-2.049681	-2.469430	1.430851	1.063782	-1.075262	0.457607	-7.714400	0.936334	-3.074014	-1.362517	-6.601916	-2.583045	-5.845950	12.288497	1.082816	-2.463937	-0.710997	-1.856071	-11.254871	8.320740	-2.118024	1.756947	-3.944118	0.383357	-9.447015	2.997345	-3.792130	-6.462315	
-0.960254	1.715086	13.389965	1.083602	3.304517	4.657468	-9.448067	2.529541	4.939312	1.180780	11.984274	4.679919	18.784594	-43.942603	11.421632	0.889428	3.350867	-16.019520	2.069759	-12.703611	-8.296780	-1.279754	3.339324	-15.353570	3.076360	3.759677	-9.725289	3.863741	6.860154	-52.313957	0.976612	4.191854	5.547115	-1.854058	1.762349	4.960314	4.003451	-1.479872	8.768205	-4.345040	7.003494	2.281868	12.243471	2.167987	-4.351736	11.681636	2.086669	-7.392291	-1.534406	2.119317	-9.448222	-20.516594	6.319943	-1.422628	8.901189	5.334609	-17.215174	-7.056122	2.365263	-18.320084	
5.211605	-3.532209	44.939767	3.716248	2.213694	4.132655	19.245109	6.654490	3.043806	-2.590411	-7.139099	3.749946	8.740581	31.119356	-5.882372	-3.197843	-5.010273	8.330748	-3.182220	-8.858957	5.973246	1.444505	-1.661014	11.786553	-2.387655	2.535711	10.031242	2.769422	-3.151069	19.168900	-7.915601	1.799336	-5.824564	6.858509	3.936134	-1.388947	3.552051	-2.369421	-12.595048	-4.906223	-17.298527	-2.197277	-4.368551	-1.692169	-5.797552	37.708263	1.638764	6.862573	-2.507346	-0.904521	5.609272	19.860550	75.240603	1.975380	-2.661910	-3.014275	5.504568	-9.525793	-2.044561	3.979751	
-0.941238	-1.948565	58.977368	-1.097951	-1.112056	-10.041503	14.726934	-3.211798	-5.674982	-0.808758	-15.811225	-6.762737	-21.856886	-21.665950	-11.236310	0.542656	-3.400820	8.566890	2.143613	5.896276	15.504004	-3.128805	-1.718894	18.567081	-0.853108	-4.530853	-23.528879	11.468953	-5.258516	30.061164	-0.878483	-6.323385	-1.993050	-3.477848	-3.017040	-1.220961	-2.597884	-1.252526	-7.275949	-3.214598	-7.231525	-0.610760	-9.533481	-1.531515	-11.905407	46.226477	-0.880898	-8.776720	-1.946474	-4.704788	-11.392234	22.341648	-3.550795	1.006438	-5.026214	-1.492277	-17.043188	5.108879	-1.553862	-11.260534	
-1.677216	-2.474830	123.111124	3.101819	2.577971	5.949998	22.666629	5.428114	4.212458	1.139332	-3.765823	-10.928698	6.009228	-42.906471	3.595955	2.125099	-5.230626	10.018441	-1.885374	7.778650	10.307418	-5.628595	-2.131188	15.345091	2.863066	2.621473	-10.730060	12.854551	3.143801	59.287023	2.677310	3.498440	-7.571382	4.740738	1.582533	2.069788	1.724603	-2.340103	-4.006247	-5.730760	-4.901417	1.252002	5.098840	1.598662	-7.926980	77.087363	-2.413899	4.184526	3.152672	3.233725	-14.274157	41.845172	-1.542104	2.581591	-3.987492	-0.919864	-9.463250	7.179752	-2.984978	-9.641218	
-2.148208	-2.971436	41.687192	-2.058752	-1.157649	-3.024336	9.718600	-1.170970	-4.641220	-1.075553	-6.094996	2.787775	-9.764653	-25.400544	-6.641729	-0.726607	-3.862444	7.049011	1.704550	6.075948	7.385957	1.836671	-2.282466	7.363376	-1.297710	-6.137004	-8.132646	8.123074	-8.159517	15.537484	-0.979636	-4.791329	-2.773177	-6.501146	-2.222790	1.331775	-1.915189	1.441284	-4.688740	0.869106	-5.159806	0.505627	-2.375155	-1.349145	-4.288571	33.137114	-1.361209	-3.551367	-2.499629	-3.290061	-6.077758	22.566928	-4.492992	-2.145366	-3.264135	-0.493433	-9.581270	3.848546	-1.403163	-9.885134	
-3.748345	-3.071761	-148.927958	-2.854744	3.669868	-12.368582	-17.256320	-7.166933	-10.443576	1.366183	-12.591351	-8.093628	-11.688941	-20.797398	-9.012928	-1.072606	-1.856669	-16.665596	-1.677161	-8.771190	-23.018451	-3.753831	-1.792174	-25.388273	-2.944495	-3.580923	-17.468698	-6.378755	-9.902645	-60.911601	-1.892758	-2.611750	-5.766040	-4.054681	-7.854232	-4.860424	-5.585006	-3.336102	-4.633961	-2.322443	-7.450478	-2.607274	-11.733811	-4.233571	-9.010032	-101.790974	-3.426643	-11.889318	-4.513619	-4.333416	-15.959714	-41.839486	-113.567497	-1.639029	-6.309614	-3.543549	-26.784792	4.715339	-2.006376	-7.192978	
1.398704	2.145396	-49.750072	1.871236	-4.098204	-1.995780	-7.194252	-6.904695	-5.598323	1.087994	-7.066300	-4.919459	-6.336339	-10.434243	-4.493015	-2.089571	-3.173289	-10.707463	-1.759744	6.273112	14.764216	2.523203	2.160792	9.148799	3.028295	-3.496816	-8.347732	-4.595912	-5.070170	5.107940	-2.186260	-2.880302	-3.384935	3.732701	-0.704046	-5.512757	-5.737766	-2.247390	-1.311848	5.272175	4.457577	-2.046135	-5.268178	-1.263423	3.280904	-49.606773	-3.015968	5.127066	0.879004	-0.563349	2.627245	-8.841946	4.952606	-1.576717	-22.742360	-4.484878	-5.465362	-5.747391	1.026799	6.009700	
-7.883434	-2.562692	32.258045	-5.134133	-2.175301	-9.123888	-9.641608	-9.340042	-5.749050	-1.524210	-30.950749	-4.164173	-7.014707	-25.525852	-6.894136	2.304498	-1.864989	8.292559	-4.186398	-3.535238	15.604033	-5.961937	-6.317610	10.460496	-3.202968	2.610438	-16.351843	-8.139791	-7.186788	-15.818589	-1.481087	-4.593370	2.385747	-2.420092	-2.631062	-2.120877	-6.525780	2.799453	-6.257212	1.870151	-12.194352	-2.305716	-2.324991	-1.834659	-12.838221	25.983160	3.936760	-8.269344	2.384640	-1.227058	-14.716385	-13.777519	2.961923	-1.435661	-8.900366	-6.020718	-17.088326	-6.145441	-1.438561	-10.599105	
2.523399	1.183858	-82.551476	1.177748	-3.795144	-8.302792	-20.808415	-5.456893	7.102576	-0.976722	-7.702129	2.564457	9.607729	8.571227	3.715375	-1.168445	4.144107	-9.300179	-2.127357	-3.798017	3.137973	1.703769	-1.399583	-12.560064	2.929082	2.520488	-13.698346	-13.344068	8.487044	-31.606835	0.877620	4.824705	2.512924	1.895089	2.797600	-2.288525	-1.402538	-8.312678	10.268943	-3.723797	6.089280	-0.832280	3.243814	-1.550430	6.016074	-76.154692	1.359671	-5.267751	-2.598574	-2.273355	-1.150785	-32.295672	-6.910780	-0.559227	4.722344	-2.908523	-6.041556	-11.433759	1.445951	4.749213	
-2.688759	-1.461471	79.885626	0.674487	1.542219	-2.330838	26.238662	-2.066509	-1.123596	1.510107	-9.078147	2.864455	-12.407101	-19.106974	-7.638422	-0.619396	-3.167739	6.810060	1.245517	1.895312	12.363836	2.210216	-1.532691	10.126518	-2.473916	-1.401057	-4.372535	12.784854	-4.323554	28.617869	-1.526381	-2.892852	-3.728402	-1.332423	-0.805765	2.327422	0.876620	2.688809	-10.783222	-2.545850	-8.583934	1.278531	-4.732358	-1.158532	-3.719457	67.005669	0.826573	-2.177886	-2.623702	-1.229422	-5.438082	24.416073	-2.082171	1.027264	-2.890587	-2.800554	-4.154967	7.538362	-2.681439	-7.289914	
-4.352726	2.608330	80.373611	-1.636606	1.751688	-5.465244	-7.089335	1.274225	-2.018149	2.659082	6.792132	-7.937081	-15.736480	-22.535704	-13.030753	0.733072	-3.212089	7.485454	-1.938131	6.090875	14.331973	-1.634598	1.889662	10.885167	1.948529	-1.846607	4.974474	3.114621	-6.312537	30.705455	1.031557	3.362084	-2.286222	2.587615	-2.388234	-0.812649	-1.359195	2.002088	-8.516279	-7.879360	1.749027	1.850291	-9.619875	-1.541604	-4.175940	61.297911	0.491840	-3.655717	-2.965713	-2.333438	4.693885	25.815018	-3.457619	1.587627	-6.306193	-1.151761	1.768805	-4.052353	-1.823059	-4.785264	
8.703085	7.113344	53.324140	2.620036	5.312917	7.062052	-8.662879	8.056305	13.903970	-2.106856	32.843841	15.140591	36.525558	45.915958	19.847788	4.573017	11.160030	8.987130	1.706312	11.683842	13.299807	8.600619	8.384364	11.881445	7.257345	11.398931	37.684884	-5.932225	13.917611	43.974228	3.299626	14.952698	9.633149	9.146689	5.517925	7.890527	12.752424	-1.906112	17.530343	4.929766	10.460535	5.726562	14.886565	4.920998	15.219620	29.719207	1.410734	7.533240	3.768504	8.688420	25.331194	-14.463042	-6.925567	3.835460	9.289175	7.997219	19.912714	15.940424	3.267410	14.477218	
1.827974	-1.802795	38.478444	-2.326938	-2.041376	-4.031591	9.563138	-3.879974	-1.360958	2.365075	-14.441557	-10.102464	-2.510677	-21.778359	-3.794539	2.832315	2.045503	7.598543	2.228579	-2.671278	7.760787	-3.259839	1.890621	9.788450	1.327006	2.140520	-12.595583	-4.560742	1.641988	23.511085	1.291968	1.530318	2.863647	-1.269505	1.441695	-1.992487	2.033887	-2.956152	2.789114	-4.092082	-6.387813	-4.115893	0.739419	-1.630105	-7.780695	30.932086	1.000616	-3.042552	4.357998	-1.041974	-5.843094	-13.108295	2.545582	-1.422698	-3.264172	-1.852263	2.073721	-3.742840	-1.626437	-6.132992	
1.545071	-2.758465	-64.901559	-3.621387	1.717216	-10.157875	-10.063849	5.772894	-4.871492	-2.257573	9.165403	-7.886493	-7.254129	-27.538746	-7.173624	-1.395490	3.449722	-19.608640	-4.279977	-5.986455	-10.461044	-2.736688	2.229288	-21.546809	-5.256488	-6.280818	-19.009517	-4.936158	-7.149933	-26.431918	2.275960	1.998786	1.554053	-3.777538	-1.545849	0.724578	-1.153302	2.420343	-5.853201	-3.526657	7.603770	-1.230397	-12.703526	-4.066937	-6.810981	-49.151196	3.231442	-6.965837	-4.390432	-4.202519	6.497107	-26.348285	-9.971454	2.715586	7.021516	1.803410	15.506957	-12.418403	-1.667509	-2.663630	
-1.910710	-0.765491	-18.121749	-1.879261	1.567425	-7.213586	3.451788	3.553809	3.631506	-0.785698	-17.501189	-6.098307	-11.272056	-39.159030	-9.441935	2.585726	-2.591662	7.268101	-1.274407	4.417074	7.906473	-3.209757	-1.747615	8.130134	-2.867239	0.849797	-16.656136	6.059315	2.223698	-13.509263	2.161296	-1.924327	1.985629	-1.671378	-1.755475	1.131966	-0.918273	-2.920850	-3.434240	1.758778	-5.177899	1.298243	-6.845845	-5.763713	-10.601278	-14.993372	-1.935067	-7.036880	3.921138	-2.413616	-17.290034	-4.753311	-1.157572	-0.580422	-4.047293	3.895436	-17.964144	2.378217	-1.795767	-11.220562	
-3.044624	-1.079672	-42.134459	-1.687171	1.901192	-10.821239	-13.828329	-4.979163	-1.789002	3.046596	-9.110849	-6.703277	-13.695741	-37.586654	-9.621833	-0.796031	-1.800854	6.125503	2.453099	-3.776723	-19.016294	-4.813122	3.022819	-9.526551	-3.944365	3.467775	-17.792596	1.295074	-7.829095	17.766701	-1.325685	2.530420	3.622932	-2.752898	1.185334	2.917431	5.026961	-1.424659	-6.741433	-4.991822	-8.224892	-2.057444	-6.581208	0.763574	-15.078325	-25.337572	1.509706	-8.462441	-2.206653	-2.994214	-12.834457	-10.866661	-1.916878	-1.450327	-2.295592	3.458470	-14.408441	-6.538878	-2.943123	-10.348763	
4.895091	-1.354117	-99.577372	-2.546094	-1.910264	35.637184	-15.139914	14.182396	4.828834	-3.552362	79.078141	37.901757	48.610737	148.495734	27.141981	-1.979897	-3.558303	-17.467041	-2.125691	5.300239	-21.901682	14.013912	1.129210	14.526875	2.625163	-2.996367	93.420374	-7.435598	13.405351	-53.287317	2.399738	5.111205	-2.359592	0.831831	4.578346	-1.114315	-3.698979	5.936912	17.208459	19.973635	43.215363	1.598943	37.879599	-1.478593	43.586137	-107.266079	-1.359031	35.429565	-5.755403	9.631827	55.116823	-34.062116	21.210923	-1.839570	23.920273	-1.652934	67.063664	-8.209125	9.038314	49.004631	
1.876958	5.120623	-69.380812	-2.123599	6.081923	10.907532	-9.273247	-6.727342	6.941170	-2.309088	17.135588	-14.823509	12.725570	-42.707657	12.078135	-0.709973	3.789845	7.674018	1.826265	-4.770567	-12.997262	4.991863	3.175011	-12.226691	4.225745	2.645490	24.487345	5.435217	13.193421	-32.933269	3.482328	5.876623	-3.276169	4.505756	-3.650211	-2.166318	-3.484715	2.402571	3.360072	-7.652961	12.119756	-1.134410	-4.435700	3.116220	12.442103	-60.952137	-8.372926	-7.665899	4.042235	5.591222	12.586024	-48.600556	2.645253	-1.302261	6.999800	-2.278425	-17.972776	5.281018	1.930891	-12.524036	
-1.610976	0.770127	-70.209569	-0.917573	-1.926074	-6.243959	-17.103232	-4.545506	-3.279039	1.842855	13.344481	-3.193096	-7.555338	11.702882	-4.061010	0.243645	3.414335	3.190111	-0.780561	2.437023	-6.462098	1.854710	-1.150051	-15.695370	-2.132329	-2.168685	13.533364	-7.255941	-4.045644	-33.421628	1.276211	0.905456	-1.938116	-2.419760	1.683738	0.805732	1.235196	-1.114180	2.646890	-2.454662	7.879977	-0.698289	-4.242819	-1.208260	5.269938	-34.651774	-1.272900	-6.396456	-2.518850	-2.256554	6.560263	-21.531924	-3.646704	0.661030	3.500914	-1.412436	6.207178	-5.541768	-0.954816	-3.613745	
-1.882358	2.391953	34.633481	3.576333	-1.354146	-7.792799	8.696941	-2.460085	-5.319040	-3.434073	-10.143272	5.061158	-13.521890	-17.921920	-9.525665	-1.032861	-2.674043	-9.061060	-3.401245	3.221391	6.664039	-4.974284	-2.746049	5.537102	-1.571176	-2.617250	-16.999187	8.892840	-7.185457	20.291802	1.166698	-4.529182	-4.833921	1.847373	-2.700079	0.909959	-2.218169	2.314716	-8.938657	-4.575125	-5.530655	1.315485	-7.711667	-2.620659	-3.506011	29.205628	-2.210408	-5.131261	-5.278161	2.072878	-8.234738	11.684503	-7.161372	1.033556	-2.203566	-5.208736	5.831930	-5.046292	-1.659195	-2.935087	
-2.889706	-2.106804	-54.969893	-1.894094	1.409747	-3.465101	-9.742112	-3.236567	2.255811	-1.570447	-11.232668	-3.842831	-6.110607	-26.163913	-4.480703	1.326565	-1.888687	-8.615760	0.384408	-3.854584	-11.606793	-4.699376	-1.059995	13.343274	1.320279	1.741983	-16.023090	4.846445	-3.672250	-31.898968	0.913276	-2.272894	1.928410	-1.501323	-1.829107	1.340490	1.058441	-2.034887	-3.552922	-1.965915	-3.624261	1.363766	-4.311883	-2.325062	-7.430656	-40.461859	-1.226052	-7.795972	1.782355	-6.450481	-10.273760	-17.306423	-3.842886	-0.712097	-1.148623	4.398572	-9.095239	-4.194250	0.890829	-7.021713	
-2.789942	2.700670	-31.017398	-3.794365	3.334294	-4.727298	6.519390	-3.618497	6.142574	1.147206	-3.248497	-3.008432	10.174091	15.190182	5.952962	2.083295	6.692160	7.392580	2.677054	-3.621948	9.157575	-2.350595	3.119923	10.191418	2.777975	7.021792	3.065979	-6.880160	7.071592	12.620105	-1.037181	6.089738	6.927105	2.992922	2.541125	5.767106	7.983179	-1.482800	8.047125	-2.507165	-8.101971	2.389514	3.616724	4.433608	5.088350	-12.430633	2.609296	-3.463937	3.483817	-1.537371	-8.763603	24.103782	2.478015	-1.549626	5.044726	5.237082	-8.655100	-5.410096	-1.522609	6.861119	
5.838400	7.618656	-38.662140	2.591349	4.290009	28.793497	-12.914031	9.865915	17.217366	-0.919161	71.966146	23.111438	51.892958	78.640777	30.733976	1.756324	8.842841	-9.675313	1.822470	-7.896672	-9.593750	10.800280	3.188012	-8.674827	6.263760	9.555016	59.991998	-5.864065	21.639797	-22.692950	1.155047	12.345843	9.119841	9.013300	6.136603	4.658886	9.356649	3.896146	24.849240	14.463009	22.768206	3.533661	37.617408	6.621035	33.070491	-43.537280	4.763806	20.669060	7.376864	9.367224	27.910101	-33.039241	15.461475	1.655895	15.121888	8.979794	23.033510	3.733783	8.813809	20.639132	
-4.588796	-2.750818	145.086442	4.256426	7.799578	9.925426	-6.955224	11.409707	5.978291	1.598960	3.799206	11.517886	-7.599655	39.733223	-7.096007	1.841643	13.188675	17.611180	-3.179169	5.952608	17.858391	8.529506	3.048950	29.787076	3.766901	8.433059	28.431984	12.294991	5.460176	39.272687	1.607135	3.854383	9.259068	3.622766	-1.150675	6.438641	8.591002	3.023455	-5.324809	6.468511	3.365350	5.720857	9.516192	-1.716910	10.672708	99.557737	3.897073	5.996900	6.728850	-2.674144	19.022042	38.778217	-6.287191	3.968183	5.736175	8.913638	14.760115	-8.332175	5.174142	15.120216	
0.971056	-2.502265	66.594063	-2.047592	-0.707814	-4.692479	16.094639	-4.526488	-5.665849	-1.172147	-9.940771	-1.560954	-7.000085	-19.924968	-6.326145	1.119378	-2.530280	7.176393	1.177906	3.844726	14.305529	-5.538902	-0.952533	10.358070	-2.232133	-4.143879	-14.049518	11.783868	-3.830101	25.919623	-1.236835	-4.937035	-2.449995	-4.055740	-1.976797	-1.491367	-1.646939	-2.712589	-5.380429	-1.743489	-7.874543	-1.326888	-6.028803	-0.900697	-9.235188	59.301340	-2.352701	-3.056578	1.204261	-2.340417	-9.897719	14.524980	7.505730	-6.387396	-5.471578	-2.991238	-3.072121	-3.867461	-1.895278	-11.045958	
5.642743	-2.820458	-176.715425	7.041682	4.946428	13.952909	-25.290277	5.363913	5.615834	5.758459	11.068672	6.374780	55.426511	26.105526	34.776283	13.155145	12.020100	-37.043628	4.755773	-20.994137	-43.592250	-2.692990	6.595138	-57.308560	-4.483672	8.672095	39.153375	-4.724024	15.262552	-69.207366	5.766365	12.619190	17.955596	-4.150396	4.044832	12.915045	18.571289	-2.485354	26.674934	10.124254	-4.835239	-1.982037	13.488314	5.331118	18.332918	-132.452786	4.162241	18.669825	24.296166	6.149506	23.663451	-67.435266	3.202311	5.466578	-16.229632	21.952203	-13.931219	14.041819	3.475237	15.944663	
1.887179	-1.752852	90.283851	2.332130	-2.972346	-12.054341	17.126306	-3.614436	-4.985226	-0.772424	-23.456225	-3.909964	-11.813423	-7.651739	-9.364769	-1.581226	-4.010119	10.543585	1.790433	7.817699	13.141322	-1.915725	-2.028488	12.566410	-2.253727	-4.623108	-12.409151	10.192695	-6.673832	49.695549	-1.206613	-5.023054	-5.458808	-2.836909	-1.569041	-5.751983	-2.684241	-2.983177	-6.172949	-2.552753	-8.553499	-1.430286	-7.969939	-1.321871	-5.773905	65.952171	-2.743084	-6.768813	-3.125444	-2.532815	-5.541478	31.869745	6.837044	0.840128	-9.416756	-9.030372	-12.420666	5.876741	-2.959771	-9.080881	
6.835853	7.380132	-96.772812	4.152078	4.616741	15.703824	-17.872628	-9.528276	12.137184	-4.561719	16.795967	-30.881964	60.487711	-53.367121	37.995843	-1.211320	13.154494	-15.622882	6.949204	14.024041	10.016576	-10.319480	-6.231473	-30.509736	11.122048	9.365532	-40.367888	-26.382675	25.356485	-73.057590	-2.996182	12.830894	7.919126	8.067542	6.070677	7.921193	9.439706	-4.065613	20.674317	-9.559656	-17.335365	2.905143	29.158394	10.985040	-16.789851	-60.088767	7.819024	-8.132299	2.792378	6.673508	-24.056286	-36.728514	8.043739	3.007313	25.681146	9.536571	-32.422920	-34.244929	4.540901	-19.132049	
3.177986	3.504879	54.491953	-3.094109	0.688827	-1.283830	5.459444	-4.098524	8.559103	2.046947	15.756497	-8.599213	25.968931	-47.102240	15.633214	1.854271	6.192462	8.555422	-4.539819	-10.740377	-13.421983	1.825871	2.574521	-12.225569	2.837817	0.734536	-25.786176	-12.998140	10.790721	19.476184	2.157066	7.203375	1.891302	4.013939	3.879673	-0.524421	1.693924	-3.474636	13.935357	-3.106292	2.683329	0.694521	11.074328	-1.649762	-5.480798	33.272973	3.467378	-7.518618	-0.922692	2.756932	-8.264843	-6.858149	8.595113	-1.604095	7.873975	1.401090	-6.446446	-17.926035	0.905461	-11.008229	
-2.888257	-1.757673	48.938792	-1.558293	2.489192	0.952843	6.925607	-1.573515	-2.333166	-2.501767	-11.592070	-9.867120	-10.238881	-17.598442	-4.476138	-0.935478	1.306278	5.378253	2.465737	8.855405	6.765966	-4.981840	-1.083546	9.634632	-1.571100	1.148504	-4.541327	6.111152	-3.203566	16.309540	-1.037038	-2.613951	1.059031	-5.825151	-2.900597	4.685659	3.531267	1.267460	-6.600198	-2.693899	-6.212571	0.706605	-2.643625	1.851569	-4.448833	50.612655	-2.151145	-3.477684	-1.747861	-1.044875	-7.590096	21.149290	-2.034030	-1.171618	-3.849022	-0.820224	-5.968050	1.526548	-3.864116	-7.949688	
-1.658719	1.666951	-22.229616	1.298735	1.190105	-5.196598	-7.537557	-2.113480	2.748656	-1.038322	4.831530	-3.388166	5.912796	8.870875	2.851371	0.721995	2.427505	-7.818524	1.013614	-7.008224	3.355276	1.534668	-1.772327	-8.944758	-1.946672	2.745562	-8.742752	-3.616312	1.902099	10.370644	0.791624	2.874506	2.521480	-2.590814	1.365527	5.407672	4.806229	-3.298503	2.200375	-1.797587	-3.759208	1.154581	-3.589120	-1.702659	-4.334062	6.269824	0.881873	-1.861863	1.682641	0.845131	4.127663	6.464265	-3.884447	-1.116689	1.967235	5.207832	5.583639	-5.515884	-2.414717	-3.648437	
