-1.326291	2.996324	0.000000	0.000000	0.000000	0.000000	1.741189	-5.013824	-0.883699	0.000000	-1.531774	-1.021315	-0.840544	-0.871072	-1.289558	
-1.376025	1.532428	0.000000	0.000000	0.000000	0.000000	-1.638668	1.068513	-3.152907	0.000000	0.967172	-0.950367	0.485731	-1.077733	-2.336561	
0.640709	1.112436	0.000000	0.000000	0.000000	0.000000	0.681483	-1.026538	-1.992475	0.000000	-0.361699	0.439670	-1.018878	0.291351	0.699779	
0.833192	0.536311	0.000000	0.000000	0.000000	0.000000	4.056341	3.090443	2.689046	0.000000	1.586286	1.370251	0.830127	0.555676	1.441400	
0.355807	2.427996	0.000000	0.000000	0.000000	0.000000	1.309414	-0.524192	1.019198	0.000000	0.707866	-0.915436	0.752566	0.970034	-0.404321	
0.670508	-1.545113	0.000000	0.000000	0.000000	0.000000	3.066213	-1.099662	1.632753	0.000000	-0.880003	0.500619	-0.533764	-0.266226	1.313206	
0.819697	1.575850	0.000000	0.000000	0.000000	0.000000	1.017898	0.470324	1.867859	0.000000	0.917100	0.535850	-1.344997	0.611677	0.569778	
-0.442696	-2.921496	0.000000	0.000000	0.000000	0.000000	2.024873	-1.780989	-1.345520	0.000000	-0.537303	0.542695	0.585358	0.892937	-0.306260	
0.365217	2.127411	0.000000	0.000000	0.000000	0.000000	-1.637922	0.884603	0.733415	0.000000	-0.430019	-0.552945	-0.425748	-1.010748	-0.813715	
-0.706706	5.592954	0.000000	0.000000	0.000000	0.000000	0.850372	2.022308	-2.183929	0.000000	0.296471	-0.998317	-0.433547	0.563657	0.762027	
0.560156	-1.810432	0.000000	0.000000	0.000000	0.000000	1.080027	2.786092	2.722228	0.000000	0.887409	1.136836	0.737766	-0.383113	-0.496398	
-0.625130	-3.851097	0.000000	0.000000	0.000000	0.000000	1.567469	0.581259	1.003929	0.000000	-0.598778	0.735127	0.588126	0.548444	0.669041	
0.469791	5.835796	0.000000	0.000000	0.000000	0.000000	1.489016	2.222743	1.116115	0.000000	0.486119	0.187196	0.883469	0.623358	0.445501	
-0.564105	-3.678082	0.000000	0.000000	0.000000	0.000000	-1.406676	-2.007104	-2.429428	0.000000	0.977724	-0.860167	-0.959944	0.443229	-0.969858	
0.927307	2.043411	0.000000	0.000000	0.000000	0.000000	1.951926	1.245767	-0.722371	0.000000	1.113323	-1.081453	0.838155	-0.945855	-0.285642	
0.383402	-1.729408	0.000000	0.000000	0.000000	0.000000	2.161106	1.620603	1.056620	0.000000	-0.513366	0.786348	0.632254	-0.885740	-0.454229	
0.686697	-3.421635	0.000000	0.000000	0.000000	0.000000	1.766914	2.176800	2.366369	0.000000	-1.375165	0.831269	0.644352	0.630335	0.975227	
0.681149	-3.191566	0.000000	0.000000	0.000000	0.000000	2.596447	2.767200	2.811502	0.000000	0.796682	1.069294	1.148033	-0.602839	0.883217	
-1.514563	-6.614417	0.000000	0.000000	0.000000	0.000000	3.595881	-2.203413	-4.583662	0.000000	-1.151421	0.557182	-1.375418	1.121399	-0.807682	
-0.280297	2.520091	0.000000	0.000000	0.000000	0.000000	2.730775	1.805871	3.137200	0.000000	0.629374	1.287180	0.821003	0.256568	-0.426108	
-0.886044	-1.800224	0.000000	0.000000	0.000000	0.000000	-5.671350	-4.686045	-3.714017	0.000000	-0.868409	-1.392625	-1.329291	-0.907850	-2.003809	
0.838708	3.437092	0.000000	0.000000	0.000000	0.000000	-1.481042	-1.670049	-1.372642	0.000000	-0.388291	-0.920036	1.215227	0.400938	-0.396494	
-0.625524	-1.794345	0.000000	0.000000	0.000000	0.000000	2.244657	0.372165	2.210333	0.000000	1.039471	1.011318	-0.326420	0.528129	0.603033	
0.507416	3.134389	0.000000	0.000000	0.000000	0.000000	-0.591935	-1.575500	-1.600136	0.000000	-1.343756	-0.829147	-1.578597	0.634573	-0.948568	
0.668667	-1.750395	0.000000	0.000000	0.000000	0.000000	2.214220	0.695714	2.541393	0.000000	-0.388446	-0.519961	0.709609	-1.203911	0.667375	
0.603924	-3.168797	0.000000	0.000000	0.000000	0.000000	1.114454	-2.419216	-0.735758	0.000000	0.693923	-1.144165	-0.827937	-1.009494	0.527451	
0.433931	-2.809465	0.000000	0.000000	0.000000	0.000000	-0.344320	1.813946	-0.748268	0.000000	-0.411943	0.547559	1.126772	-0.518652	-0.203193	
0.442167	0.628103	0.000000	0.000000	0.000000	0.000000	1.324095	1.229598	2.641897	0.000000	0.562337	-0.472906	-0.578754	0.657328	-0.340690	
-0.602798	-2.596792	0.000000	0.000000	0.000000	0.000000	-2.292172	3.323264	-2.306564	0.000000	-0.546144	-0.552645	-0.623305	0.851215	0.631519	
-0.377296	1.870459	0.000000	0.000000	0.000000	0.000000	1.467415	1.804014	1.049139	0.000000	0.596524	0.911478	0.862246	1.071356	0.337454	
0.670098	-1.744273	0.000000	0.000000	0.000000	0.000000	1.932204	-0.858682	-2.327254	0.000000	-0.604416	-0.884675	-0.586934	-0.978782	0.881651	
0.629939	3.160903	0.000000	0.000000	0.000000	0.000000	2.037231	1.590964	2.294781	0.000000	1.689713	1.526085	1.122287	0.603525	1.109783	
0.355891	2.764868	0.000000	0.000000	0.000000	0.000000	2.340058	0.907092	1.821328	0.000000	-0.311873	0.910882	-0.427830	-0.798012	0.529424	
-0.643861	3.629134	0.000000	0.000000	0.000000	0.000000	-1.303774	-1.222250	-3.099040	0.000000	-0.891867	-1.215072	-0.572560	-0.877140	-1.120402	
1.366836	-4.809245	0.000000	0.000000	0.000000	0.000000	4.375215	-0.733356	1.556740	0.000000	-1.022740	1.644575	-1.478608	-0.733205	1.211925	
-0.264489	1.868102	0.000000	0.000000	0.000000	0.000000	-1.520515	2.975099	-1.492258	0.000000	-0.460579	1.020099	-1.307834	-1.823923	0.602077	
0.406679	1.911627	0.000000	0.000000	0.000000	0.000000	2.842902	2.784931	1.999194	0.000000	0.908661	0.767869	1.810827	-0.626472	0.803111	
0.881140	4.809431	0.000000	0.000000	0.000000	0.000000	3.643576	3.642325	2.388705	0.000000	1.472009	1.732080	1.617986	-0.507416	1.039458	
0.737019	2.408772	0.000000	0.000000	0.000000	0.000000	2.676458	1.854504	1.208429	0.000000	0.795893	1.582695	0.721817	0.663487	-0.633489	
0.321022	-2.525749	0.000000	0.000000	0.000000	0.000000	3.087610	3.602740	3.273087	0.000000	-1.520425	1.275222	0.674702	-0.599199	0.716476	
1.686018	-1.543085	0.000000	0.000000	0.000000	0.000000	3.052393	3.101037	3.029209	0.000000	1.036695	-1.247674	0.719274	-1.194945	1.293243	
0.462300	3.463134	0.000000	0.000000	0.000000	0.000000	0.711009	1.260599	0.848221	0.000000	0.315779	-0.657760	0.332015	0.459894	0.327635	
0.410984	0.755691	0.000000	0.000000	0.000000	0.000000	1.888595	1.815967	-1.242310	0.000000	0.307570	0.982730	0.694985	1.292166	0.823171	
0.803242	-2.058233	0.000000	0.000000	0.000000	0.000000	3.509359	0.683338	-1.064331	0.000000	0.740080	1.530792	-1.049935	0.577651	0.983730	
-1.013803	-1.838217	0.000000	0.000000	0.000000	0.000000	1.667849	0.881545	-2.689768	0.000000	-1.113404	-0.594068	0.380913	0.554910	-1.028674	
0.461130	2.627466	0.000000	0.000000	0.000000	0.000000	1.181566	1.578844	1.957742	0.000000	0.225341	-0.387268	0.795915	0.463218	-0.245820	
0.884981	-2.403673	0.000000	0.000000	0.000000	0.000000	0.469146	-1.348502	0.496938	0.000000	-0.459259	-0.625355	-0.715101	-0.505307	-0.244055	
0.862417	2.395048	0.000000	0.000000	0.000000	0.000000	1.845757	2.543762	1.614967	0.000000	-0.571692	-0.722358	0.966990	0.785737	0.795922	
0.490488	0.542640	0.000000	0.000000	0.000000	0.000000	2.723495	2.096333	2.452579	0.000000	0.462529	0.970917	-0.315788	0.808102	0.528292	
1.055507	-2.431702	0.000000	0.000000	0.000000	0.000000	-0.812877	-0.754316	0.524874	0.000000	0.559453	-2.169305	0.527930	-0.986343	0.703738	
-0.319134	1.629098	0.000000	0.000000	0.000000	0.000000	-0.735150	-1.569873	-2.853240	0.000000	-0.533918	0.723542	-0.944651	0.435028	-0.710389	
-0.366883	3.768486	0.000000	0.000000	0.000000	0.000000	0.812351	-0.678992	-2.708499	0.000000	-0.346589	-0.905857	0.453199	0.830382	0.803988	
0.617984	-3.863740	0.000000	0.000000	0.000000	0.000000	2.267609	1.728475	-0.693968	0.000000	-0.733809	-0.409675	1.605554	-0.658966	-1.070470	
-0.996888	-1.325287	0.000000	0.000000	0.000000	0.000000	-2.949402	0.854349	1.767853	0.000000	0.725437	-1.054524	-1.666745	-1.442966	-1.003026	
1.177889	-2.027037	0.000000	0.000000	0.000000	0.000000	3.003987	3.408932	2.950694	0.000000	0.767379	0.931269	0.873797	0.686060	1.204958	
0.692552	1.794981	0.000000	0.000000	0.000000	0.000000	2.739434	-1.094279	-2.930902	0.000000	0.549637	1.188986	0.401028	-0.888829	-0.796972	
0.413867	-1.322164	0.000000	0.000000	0.000000	0.000000	-1.423893	-1.458915	-1.842100	0.000000	-0.417442	-0.877104	-0.668076	-0.721247	-0.659151	
0.612011	3.364357	0.000000	0.000000	0.000000	0.000000	1.359136	2.777734	2.214435	0.000000	-0.520639	-0.788582	1.560807	1.046233	-0.591808	
0.598784	2.378509	0.000000	0.000000	0.000000	0.000000	1.358826	1.358625	2.155457	0.000000	-0.355517	0.331928	0.768682	0.587720	-0.607464	
-0.254347	2.118161	0.000000	0.000000	0.000000	0.000000	-3.280980	-1.411759	0.785587	0.000000	-0.748798	-0.998330	-1.760440	-0.368213	-1.045840	
0.351150	2.335158	0.000000	0.000000	0.000000	0.000000	1.029186	2.869532	1.590216	0.000000	0.758853	-0.693070	0.584660	-0.680243	-0.551007	
0.755620	-2.705660	0.000000	0.000000	0.000000	0.000000	3.721744	-1.219824	1.698663	0.000000	-0.668571	1.094325	0.923174	-1.256018	1.482597	
-0.652189	3.629986	0.000000	0.000000	0.000000	0.000000	1.944847	4.605236	1.426101	0.000000	-1.130345	0.561491	-1.560256	1.381515	0.592634	
0.580631	-4.569479	0.000000	0.000000	0.000000	0.000000	-1.377224	1.149550	-2.708506	0.000000	1.321796	-0.382399	-1.571209	-0.912773	0.651216	
0.440400	-5.946318	0.000000	0.000000	0.000000	0.000000	4.011311	1.740958	-1.687912	0.000000	0.940417	0.789432	0.506168	1.009254	1.182397	
-1.071025	-4.217105	0.000000	0.000000	0.000000	0.000000	-1.241074	-3.623425	2.461379	0.000000	-1.191804	-1.387374	-0.693554	-0.529444	0.630446	
-0.973949	-1.272330	0.000000	0.000000	0.000000	0.000000	1.753702	-1.710379	0.734791	0.000000	0.450085	1.213739	-0.243599	0.998328	-0.807099	
0.402575	0.954954	0.000000	0.000000	0.000000	0.000000	0.762057	-1.892356	-2.878908	0.000000	-0.601057	-0.871395	-0.735299	0.691330	-0.941384	
0.810250	-0.992106	0.000000	0.000000	0.000000	0.000000	1.964166	1.261017	0.689142	0.000000	1.070643	-0.562894	-1.507053	-0.689835	1.230190	
-0.731502	-3.017999	0.000000	0.000000	0.000000	0.000000	1.902287	1.664153	0.921428	0.000000	-0.795499	0.973710	1.073834	-0.843482	-1.005130	
-0.650257	-1.431501	0.000000	0.000000	0.000000	0.000000	-3.572928	-1.397278	-2.268755	0.000000	-1.248980	-1.227179	-3.018158	-1.665863	-0.891500	
1.106960	-1.305992	0.000000	0.000000	0.000000	0.000000	2.761766	-2.420317	-0.996138	0.000000	1.023428	0.636994	-1.038164	-1.268299	0.912884	
-1.074613	-2.392610	0.000000	0.000000	0.000000	0.000000	2.410690	1.801849	-0.756020	0.000000	0.409712	0.461441	0.554757	-0.946859	-0.539881	
-1.428463	-4.607039	0.000000	0.000000	0.000000	0.000000	-3.893210	-3.652428	-5.140178	0.000000	-0.575775	-1.653355	-1.281002	-0.893035	-1.245070	
-1.622654	-1.105861	0.000000	0.000000	0.000000	0.000000	-1.666034	-2.657312	-2.529364	0.000000	1.193048	-1.240494	-0.930262	1.451849	-1.321924	
