0.09027	0.59650	2.14008	0.88766	1.27083	1.65103	31.29847	2.63622	1.42142	1.52802	5.91861	4.25915	1.22103	2.39034	2.33582	5.52298	1.57606	1.51529	7.60540	2.56679	1.65646	1.09609	-1.91361	1.57958	4.30734	-7.39198	1.33049	0.17572	3.94889	2.00778	2.65296	0.32645	1.74272	3.03120	1.12118	1.98862	0.52746	2.91237	0.94414	0.73668	3.45396	1.25733	6.13435	2.45496	1.92706	0.47492	0.27450	0.76637	0.74082	-1.65813	5.84992	0.96178	0.65548	-3.06774	2.09388	1.58224	1.86217	6.34824	0.75020	0.65758
0.63511	0.25681	2.06242	2.06235	1.34906	2.10479	1.55686	5.65221	1.60602	2.78710	2.04219	5.95726	13.59163	1.45808	2.77107	0.72704	48.42068	1.13712	1.36701	1.36348	4.19682	0.65655	3.51554	-0.66156	3.47372	0.90415	3.08314	1.60281	1.56008	1.20291	2.28926	1.72166	1.39595	0.90136	3.64805	2.58229	0.08002	4.67392	3.57925	0.28317	1.20090	2.06372	6.27284	3.95053	2.16115	1.91103	4.17357	4.65677	17.03260	186.33288	0.74272	0.72266	5.46325	1.44281	3.44182	1.88375	2.45482	10.02522	-0.02965	3.56411
1.74522	4.24223	0.00807	30.55899	-0.01765	17.45003	6.15382	15.18884	75.36253	26.28548	4.43778	1.43133	1.87748	12.25100	4.87339	3.92041	2.66922	1.02034	-1.17504	1.11257	1.53024	2.12995	0.42391	3.58666	0.83129	1.45481	64.15595	5.25306	97.31088	0.68681	2.22165	0.46088	4.75092	2.15467	1.64760	9.53729	2.86738	2.00460	4.94327	1.52311	1.37704	1.22870	0.94361	6.02538	6.52154	12.71262	5.18420	1.60065	1.72844	3.82760	8.52716	4.75624	2.07913	1.49219	2.01837	8.34034	2.21604	1.29053	8.83379	1.62488
1.27562	2.79656	27.46350	0.12085	7.63289	3.90965	14.29724	1.54222	1.74299	0.79780	1.61284	10.99923	-1.40131	15.32158	2.52505	56.61341	3.47321	6.27638	30.75917	3.18703	-0.23460	7.22904	1.00687	11.47382	5.35387	3.27024	2.91959	35.89391	5.04362	2.03403	7.73026	4.89546	5.70139	1.90868	2.66802	2.82975	39.30767	2.06415	0.90810	0.76987	-3.53259	-6.18455	9.38652	2.30635	-1.35310	2.78241	2.81516	2.17021	0.44244	3.49634	-0.47105	0.91135	12.43558	1.05164	1.34276	0.75913	89.26281	2.20615	1.36095	6.22345
0.74426	1.08720	0.87483	0.28137	0.16356	6.90957	0.87959	3.20401	1.48041	0.67374	-24.86323	1.86336	1.86886	31.34230	1.44996	3.87232	1.20956	0.70148	1.48136	0.71021	0.68291	0.10128	1.27846	0.55921	1.47858	0.99954	9.26099	1.89417	32.46667	3.01937	1.83404	1.21584	1.64237	6.28931	2.57150	0.21544	9.87016	1.13527	0.99982	0.39915	0.99919	-1.19869	9.50263	1.74481	-2.54409	1.44287	1.64784	-0.94171	3.05966	1.51161	0.89508	30.28071	1.72874	-0.97288	0.00763	0.19258	0.28236	41.80579	1.39122	2.20289
1.48330	2.05304	14.20116	9.06288	3.89698	0.32814	3.48420	8.88659	3.62907	-1.47904	0.89202	3.56302	5.23956	-0.54789	1.84467	2.22321	2.10446	1.05398	1.26445	1.42971	9.27411	4.10974	6.30327	1.78757	0.52353	1.42503	6.84931	5.70738	1.56359	1.30007	34.16972	3.53322	101.91407	-0.53451	4.08168	1.57261	1.38074	1.87651	0.74440	5.19865	29.32403	1.12636	0.84590	-0.36341	2.25284	9.00452	2.54043	2.61909	1.04577	-0.57365	-0.22417	2.46258	32.32101	1.78927	217.18306	1.03121	5.15239	2.28873	0.99993	0.53651
41.08444	1.79555	3.37759	11.47683	0.88681	3.41393	0.12479	2.39135	4.94009	1.86878	2.21415	2.77894	2.11726	13.52865	3.41627	1.11254	36.89500	7.03904	1.14569	4.16682	4.20487	3.47418	67.58770	1.93685	14.76954	0.86789	-0.06311	18.49543	8.40109	3.42306	1.27670	0.77503	2.44927	0.99995	-0.44294	1.87762	3.50105	2.42110	3.90933	1.98709	2.98076	2.21414	2.79419	5.62991	1.65232	2.07319	1.92796	3.11442	5.83520	-3.10707	1.09101	0.94094	1.57740	6.00949	2.79887	4.84151	0.82032	1.99721	3.23483	6.78989
2.70944	7.04000	11.46167	0.54923	4.56631	6.39009	1.58279	0.02866	79.23873	1.94695	1.01910	1.54475	1.82047	-0.12569	7.28165	2.02978	1.09620	-8.80754	5.11744	2.65928	1.85449	-1.24998	0.91176	1.21785	6.43187	0.99983	4.87997	66.02389	1.89972	41.97711	1.82525	7.68414	1.70666	11.83305	2.20348	1.72402	1.32368	1.53664	1.19194	1.22304	4.46202	1.88265	0.65612	2.00382	-0.26350	1.64625	-0.71744	-2.30414	3.76799	2.62788	15.31144	0.66285	0.99950	16.77060	0.64903	1.20958	10.09395	2.10755	1.48818	0.99993
1.19384	1.72725	99.37439	1.34175	2.72123	6.49947	12.17840	47.94011	0.11213	135.11163	2.37344	1.45959	1.32363	3.96052	1.76522	2.62514	2.56791	1.67936	3.85612	3.07005	2.07971	3.42227	1.80001	11.36349	2.23295	1.51293	3.17263	20.24420	2.65823	9.58941	2.99021	2.23222	2.42630	1.72411	8.03859	0.63208	2.73631	2.30561	8.55727	6.34330	0.99988	1.61429	1.90780	0.85761	180.33804	3.19503	4.83788	0.72940	0.72019	0.86668	2.19384	12.22414	1.38374	0.84517	1.26845	1.19096	1.47923	4.76687	5.55718	20.18264
-1.07121	2.58387	29.63456	0.87002	-0.12251	1.85659	0.59966	0.77633	-160.91621	0.05419	4.99396	0.45732	3.70634	3.06130	14.10222	-0.71884	1.78777	1.86701	0.89760	34.59035	2.66204	6.52348	3.61022	1.42659	6.37970	2.05615	0.67862	4.58757	1.83215	1.27696	4.03930	0.73545	1.29386	1.27072	1.01452	-1.32184	1.72042	3.48744	5.13824	1.36378	1.92039	7.30849	0.68335	-0.38204	4.16214	3.00251	0.27059	1.83014	6.07720	0.84517	3.91267	6.81729	5.38851	4.98726	0.40791	2.78270	5.32486	0.67058	10.76857	4.87502
8.23599	2.33999	4.40426	0.17076	46.24288	0.99988	3.82149	2.71878	0.65621	3.55542	0.12630	0.08054	1.29386	3.88859	1.38956	8.53762	3.50325	1.16189	0.99972	-0.44475	2.87433	2.85439	3.78043	0.82383	0.92561	1.12530	9.63032	0.51134	1.50483	4.84059	5.48531	12.96376	15.15038	2.76942	1.67940	0.99986	2.67140	1.34153	9.62202	-0.24402	0.76104	-0.08577	11.81893	11.21768	19.54562	0.86666	1.16792	0.99984	1.22627	6.12242	1.40730	8.53173	0.99976	1.06510	0.35947	0.75296	0.72941	0.74152	1.54867	0.55152
5.85355	-2.15190	2.48046	13.80925	2.18582	3.95016	1.59285	1.81726	0.66504	0.78065	0.81596	0.19676	-0.24173	2.94302	8.28763	1.12462	2.68684	6.88594	1.67073	14.39644	3.05649	11.15746	2.01337	1.28693	1.67514	0.47545	4.87590	0.19001	-12.91200	2.94772	1.54529	28.99220	0.40349	4.08725	1.03718	3.41480	1.49797	-0.62752	0.54326	1.44566	3.35147	2.33570	5.73326	3.06459	1.40576	6.01186	1.67878	1.16575	0.88725	0.87602	2.14476	2.38244	0.36509	2.41580	4.73265	1.21811	1.02891	1.98654	0.75279	6.07243
0.87825	15.58485	-0.95638	10.31918	6.26753	7.15292	3.03661	2.61116	0.85194	6.32951	0.52541	0.77946	0.14871	1.60344	0.54001	0.72522	10.93289	0.61008	1.43197	1.01998	3.18821	1.09381	1.15755	0.75895	64.49511	1.02969	2.94015	1.66439	-0.39893	26.21400	1.14914	8.49667	1.75311	1.74552	1.19601	1.36152	1.01041	0.87983	0.91615	3.45319	-0.55868	3.08388	6.94138	1.12759	1.09657	0.62332	1.83002	0.78224	1.69359	1.18003	2.84458	3.23793	0.52112	-0.03558	1.41468	0.60366	0.59172	5.97124	1.63380	39.33316
1.48422	1.09983	5.21234	6.12563	7.32680	0.83055	7.71690	1.36348	5.65249	1.69999	3.56266	-1.79419	1.70646	0.10988	4.33875	-1.01309	2.52864	2.57037	1.52035	-2.93768	1.65362	1.77095	6.65519	2.71666	7.52651	2.79649	3.64212	11.03024	1.46008	43.09122	5.13102	4.03257	3.47137	3.26936	2.50333	66.03933	0.34331	2.31794	0.34115	1.29874	1.70419	3.03773	1.42651	2.82555	4.39776	1.72166	1.99679	1.90324	2.89301	9.31017	5.44243	-0.18433	-0.28699	-0.95949	1.11901	8.05880	19.52878	0.89277	3.49888	2.39585
1.96390	1.90616	3.77083	1.78505	1.15894	1.90485	5.91095	5.22679	1.52113	10.78164	1.26990	2.39654	0.77252	4.67229	0.23183	0.82213	2.12744	1.11630	0.62184	1.31541	1.51721	44.36769	1.55668	-4.80348	1.03651	0.27835	2.77306	0.16644	1.23779	5.84447	1.94429	2.93654	0.95693	2.23383	1.09941	1.19292	1.54398	1.57666	2.86110	2.31529	15.83253	1.16246	1.54400	4.44241	1.41476	2.61871	4.10631	3.74074	1.03445	1.04564	1.96748	2.71369	4.64260	1.08024	1.64245	1.94735	1.01183	11.92175	5.32638	13.00764
5.82544	0.69951	1.84759	22.26549	4.27452	3.07730	1.40341	2.44221	2.08325	0.66855	-3.68983	1.01904	0.39376	1.27968	1.15112	0.18872	2.72823	9.16465	0.38988	2.19886	3.31492	0.53364	4.71447	1.01899	8.75054	-3.05892	-0.11111	1.80104	1.57052	1.22706	74.50056	1.98788	0.99993	0.37321	1.38207	1.18749	1.19468	1.69439	3.01180	2.12673	-2.26716	9.06462	2.19484	1.05248	0.68986	5.42350	0.09443	1.09117	0.55539	2.81331	-1.58782	1.90541	0.01935	0.62783	19.34479	3.84113	5.81377	2.74968	2.53499	11.37651
2.57204	37.43684	2.42930	4.96344	0.52608	1.10809	-21.25471	0.86732	1.36756	2.34946	1.07148	1.50339	10.08320	1.54359	1.65617	3.26151	0.21720	247.63847	19.46975	3.19186	4.25834	2.04692	1.82481	1.93502	1.09884	3.24775	1.96638	1.87233	1.39389	1.52461	2.74694	34.07864	4.50195	1.13399	10.62247	0.85587	2.43157	1.49461	1.71479	5.17446	1.69055	1.71404	0.64406	1.42637	2.48978	11.62907	4.40028	1.05105	10.58197	-1.33640	1.39204	2.59986	2.26308	0.64128	-1.50706	8.46446	4.39045	79.64626	0.99692	27.63597
1.00823	2.02762	1.92062	-3.17275	-0.65532	1.41698	6.43312	14.79542	1.03511	1.31923	1.18741	5.95135	0.56058	2.01368	1.33217	7.64275	149.53869	0.13767	1.84057	0.86115	0.79836	10.29442	1.46692	19.15297	1.57711	1.18704	3.10531	3.84553	6.73157	3.06306	1.43995	6.29122	5.58695	53.11957	4.48972	3.12299	0.07235	85.47408	1.60491	5.07004	1.99812	2.22465	3.83463	3.19771	0.63849	5.58571	4.61596	1.01833	0.40328	1.28495	2.77914	4.61880	6.15405	1.67532	1.01763	34.89600	-0.56679	2.21547	2.45731	1.54744
6.11014	1.49927	2.52970	29.77318	2.20377	1.52903	2.45824	7.02190	2.71344	3.00773	2.11936	-0.04230	1.20532	2.02448	0.89749	0.58373	23.06926	1.13534	0.10418	0.67775	2.74991	4.53680	2.25238	1.22024	0.90340	0.99988	-1.32736	27.13818	1.12991	8.01648	0.76977	1.74372	3.03834	-0.75267	1.57558	2.53061	-0.46500	4.10843	-4.91954	149.20590	3.46009	-0.12402	2.41718	2.16914	0.89843	-1.69077	1.70156	1.51515	-0.25541	7.08233	3.30521	14.24433	0.99977	2.82214	17.00933	-0.11414	0.70479	1.10749	4.36891	1.38910
2.03523	1.69230	0.86255	5.79128	1.88619	2.30892	1.37934	1.80353	3.72195	34.70261	2.08325	29.33874	1.32532	1.06468	1.07503	1.61418	3.80216	0.73949	-0.20452	0.07806	1.03831	6.83960	3.41855	4.70727	4.55652	1.64035	7.78415	-4.03702	5.91593	5.11824	0.78718	1.11355	8.30526	1.06928	29.97646	-1.41101	15.97912	2.23145	7.98253	1.13834	1.20605	0.65430	3.90786	1.65941	3.33449	2.22060	5.23861	3.85949	2.66880	10.34623	26.48814	4.99166	-2.63212	0.92695	2.93227	1.79337	1.53802	3.88899	1.91049	-1.91119
1.64232	1.19903	0.87651	0.32476	0.78119	5.25123	7.97355	3.37529	0.38055	2.29110	2.91125	3.02163	4.58682	1.68446	2.26302	-2.52549	6.72185	1.16635	1.33650	1.02641	0.17736	3.41937	-1.58869	1.03808	1.66966	1.42897	0.67155	2.85966	8.92444	1.82390	3.06021	66.36908	13.48053	70.48994	1.18041	2.68049	1.29049	3.90595	0.84211	4.56452	0.90398	1.74250	6.86755	0.87088	0.61124	3.26868	3.14539	0.74904	1.23811	1.05841	0.74649	2.24232	-1.26257	2.32031	5.79352	2.75552	2.61059	2.12331	3.14309	3.08260
0.99996	0.56320	1.35157	5.56270	0.99986	2.46569	3.22673	7.47176	-2.05846	4.98377	-1.89385	3.08313	0.70629	-0.29843	50.99481	0.81343	3.95761	9.45164	2.45087	12.07924	1.85098	0.18298	7.60996	1.41845	12.82661	1.87402	1.35845	1.03531	1.63516	0.59059	2.44142	2.91780	-1.81619	1.69516	-0.24802	2.17997	0.50574	13.81548	4.78231	0.63855	1.73364	5.46027	3.22858	12.18097	1.32544	2.08891	1.01673	1.13909	4.33300	1.35192	1.38107	3.98750	0.73769	4.09360	5.12345	0.31799	1.91948	9.02971	3.23409	3.11952
5.31237	3.32220	1.04783	1.19400	1.76327	6.12756	32.98201	1.43467	0.51076	1.71170	2.88997	1.21126	0.91421	4.49461	1.67381	3.17290	2.52286	1.24252	2.66212	2.54883	1.40773	3.59789	0.13618	1.94123	2.57619	0.51669	4.99055	3.69105	2.14828	4.21327	1.14385	1.25980	-0.04713	-1.00026	1.45948	4.02165	0.81181	1.11414	1.07693	0.75642	15.24807	1.24557	0.62037	4.34552	1.75903	1.77312	4.29572	0.86170	0.89649	7.30911	1.90481	252.31035	7.26025	18.38647	1.40952	1.64648	1.58464	5.24966	0.82985	6.35211
-0.66376	-0.78148	4.35893	6.20457	2.32060	1.34240	3.50034	1.86864	9.88278	3.19753	1.20354	1.55696	2.09347	6.31907	2.41031	1.21332	1.60332	12.34470	1.46335	5.17469	3.34085	2.45628	1.65736	0.16168	2.90362	0.79340	7.13350	0.42839	-1.03953	0.35160	1.29553	6.59910	0.80646	6.13157	1.50954	3.98845	-0.82296	52.02296	7.53608	0.78719	4.73506	9.36195	4.21017	1.58310	13.12524	1.71809	1.73993	2.23400	0.34221	0.99989	-1.84118	3.48530	5.73650	5.71893	1.49282	1.41811	2.07463	9.51409	2.55981	0.82745
7.36978	3.51187	0.86142	3.67334	0.55958	1.16810	11.39524	5.01876	2.09850	6.41699	0.85129	-1.30148	41.67989	5.45677	1.27682	9.80000	2.97277	-0.00676	1.28942	2.75974	1.47734	8.83677	4.07751	1.60373	0.17070	1.01250	3.21561	1.04356	18.03438	5.61222	1.37870	1.23418	1.66974	1.43802	0.84526	0.88636	0.51164	1.04006	1.18880	1.96604	7.17743	-6.28440	4.57675	0.83430	2.60719	2.28653	1.26064	1.35733	1.17996	1.61256	2.77484	1.62215	1.54689	3.90463	1.66792	2.49351	1.29226	1.10452	0.92641	1.50618
22.95929	2.65577	2.40356	2.06332	4.19554	3.55124	5.18532	2.17118	1.76952	0.83133	0.74903	0.15961	2.55648	2.61683	4.02076	2.53660	8.48867	2.91751	0.99988	2.22593	11.38491	-2.08512	1.87487	1.11917	0.53171	0.07569	7.45018	0.63021	2.54345	-0.38873	1.43416	2.36918	1.15735	5.10519	2.23252	2.09234	0.55850	0.77411	2.37340	0.42662	0.85137	1.38493	0.80519	2.99822	1.29426	-0.65773	0.82485	6.65078	0.99984	3.78225	37.39973	6.55289	5.76535	3.00031	4.86436	4.72976	-0.57739	24.23635	0.65860	41.13735
0.58772	1.96167	48.36784	2.50575	11.49175	-0.30926	0.52795	7.70203	0.76044	1.59109	4.78806	-3.54587	2.61220	2.76529	3.19795	1.02101	2.86687	6.10616	2.11374	5.61121	0.83891	0.68661	5.16671	5.08046	4.83954	1.85341	0.21266	-7.08792	1.57512	1.80461	1.48236	0.98217	1.23183	0.94761	1.36715	2.78097	3.73544	22.80212	4.68832	4.07373	10.78198	2.63145	3.27619	1.89696	6.96953	1.49645	0.94088	9.69906	1.42843	1.68067	5.75576	4.70300	2.04094	1.78755	1.50015	21.95000	1.28625	0.67879	3.09454	1.69338
1.63274	4.17157	5.06169	-33.12528	5.47444	8.94485	6.65174	33.50652	15.99451	5.43252	0.34850	1.40245	4.17500	18.55479	1.84946	35.39297	1.28609	4.38289	-29.19451	4.43750	0.99963	3.29887	5.15860	1.14616	1.93483	0.99982	9.81996	0.10052	1.59249	2.44095	7.50377	2.26523	4.07136	2.44746	1.52747	1.56272	4.53981	2.47896	3.53800	24.39024	0.99965	5.43837	4339.93743	4.88930	-1.88298	2.27850	6.00331	11.69406	2.74160	1.49570	-2.50296	8.39412	9.36730	6.27885	0.99660	11.57847	2.61811	12.51214	0.68377	34.41555
-0.79664	1.10056	-84.13885	1.97474	23.07454	0.82376	6.74005	2.63619	2.98244	1.58451	1.57061	16.24629	0.51497	1.58818	1.31251	0.84811	1.90799	6.64449	1.40337	3.30611	3.40875	0.97125	2.95401	0.90493	11.51487	-1.76477	2.29592	0.68120	0.15975	2.88008	7.33610	1.52908	61.56523	1.83065	3.33614	5.72274	1.10938	-1.23279	0.68854	4.58349	35.54700	2.74683	1.45435	14.14061	0.64425	1.32559	0.93361	0.57619	3.51729	2.01354	2.80788	1.83411	5.40218	-0.19498	11.06758	8.02085	8.10658	13.81590	16.40486	2.04572
0.87509	1.36858	1.79922	3.12665	3.01937	2.96309	-1.97050	28.31716	11.70751	1.43439	3.56018	4.83011	22.05164	19.07478	4.37226	1.28665	1.63833	7.58523	5.79749	7.51157	1.89354	1.16365	0.88712	0.39880	5.31569	0.43686	4.21712	1.72029	3.65247	0.08861	0.47779	3.95826	2.19605	4.81969	2.47875	0.67760	6.81326	33.70385	2.86591	-1.21474	2.50414	6.32557	10.05956	1.14293	5.40769	3.38251	1.58848	2.93465	1.38400	8.66259	5.12014	1.19160	13.16858	1.38946	-0.62488	2.05792	0.56749	1.38777	2.68017	16.90829
0.99960	2.06582	0.83210	7.61375	2.30136	39.80625	1.57361	2.10043	1.84999	1.72235	8.47651	1.56571	1.14164	4.27009	0.99977	52.12385	6.44105	2.07187	-0.35660	1.75757	-1.36400	2.50994	0.60920	1.07254	3.60410	1.21697	3.08322	-2.62272	9.51123	0.32465	0.07960	1.44665	0.32802	2.58123	12.24550	20.07216	4.85408	3.39436	2.05551	1.22131	0.58681	1.76113	6.30290	2.69017	4.16750	2.56223	0.92022	0.90670	5.59598	1.38443	1.34260	0.51777	9.96412	-2.72402	1.33862	9.31653	1.72054	16.57187	1.25259	-0.26764
0.93236	1.71636	0.91011	2.51472	1.90260	3.60085	0.64432	9.70715	2.04458	1.31300	8.36627	19.04699	12.27625	1.20492	1.96416	1.49199	48.96362	4.46491	2.89810	1.01135	35.29352	1.67253	2.83660	6.66957	1.01780	2.23749	1.68186	1.02357	1.99713	3.15387	0.99978	0.09866	0.91171	1.32226	8.29164	40.09089	2.17475	0.89124	1.73706	1.17925	2.30089	2.78266	2.70733	1.84793	15.00530	1.14223	2.18882	0.78175	3.32409	0.63368	1.12838	5.66445	0.82119	4.59238	3.35674	11.97011	4.18584	2.78272	0.79111	1.62088
1.72405	2.19670	3.06536	1.23350	1.88229	97.87265	3.00276	0.87531	2.08364	1.28487	7.92429	0.77886	1.15330	1.94257	1.50982	0.66953	-3.48580	7.58256	3.89575	9.73522	21.41281	4.24612	0.47524	0.67106	2.01195	1.65107	2.04366	3.43736	122.72625	-0.31772	3.02050	0.71272	0.08890	1.90657	1.69303	1.52430	-0.08472	0.92190	1.28579	1.65112	-2.10571	65.35637	1.17631	1.49005	1.42642	2.10019	-0.48648	6.68972	1.60346	3.59075	-2.37590	3.85503	0.81984	2.45967	4.97046	1.90784	20.51897	3.25239	0.93602	1.80031
3.19596	0.80794	3.05830	0.67104	-1.02082	2.10639	0.90616	8.46107	0.14141	2.35086	2.12323	-3.80439	2.58221	1.08325	2.56143	1.03442	1.78055	53.36726	2.30715	1.22225	50.02359	1.44961	2.17069	2.56605	1.05152	3.71562	1.09452	0.30980	1.29959	1.62544	2.70660	1.38042	2.72704	0.08234	1.22630	-1.74101	-2.19101	2.38125	2.98524	6.37945	2.14208	6.61065	1.41033	0.77666	1.88881	13.16956	9.55433	1.04698	0.30843	0.47813	-0.34304	1.18531	4.94990	1.18534	2.68974	2.04860	5.07043	-2.33103	4.14258	4.60275
1.38068	1.60500	0.94213	1.42461	4.97652	3.09790	1.19371	1.70104	3.58404	1.23076	0.71633	1.93407	1.46743	1.25492	1.23879	1.13556	17.85374	-1.36713	1.40338	26.04969	0.79781	2.58843	-0.32286	2.41687	0.79989	1.32874	1.38049	2.05686	2.69103	2.67402	7.31297	9.29934	1.43720	1.48158	0.10679	2.28584	3.15317	1.26083	1.34545	0.83934	1.36093	3.76397	1.01730	2.30341	157.37694	1.39768	1.21803	1.30310	3.53422	3.02473	33.47128	28.34171	5.17950	1.02137	1.01433	1.77913	1.42551	1.80623	0.92733	1.87385
2.15952	3.73315	4.28317	5.11541	3.35211	2.21580	-0.38449	1.70095	0.63208	0.66661	0.86115	2.78171	0.99984	59.53474	0.81882	0.73592	1.29314	3.89603	1.25489	9.02224	3.38675	2.01574	-4.98367	2.70316	2.04557	0.34425	1.97137	0.71822	5.03784	1.48320	32.71798	49.33430	1.52430	1.89555	2.40813	0.08380	3.86825	12.73917	2.95653	1.23315	-0.63494	1.09044	4.04164	6.49707	1.13862	1.08476	2.64401	3.87071	2.50318	4.40737	0.99990	20.00632	0.99977	2.02057	10.51608	3.81680	0.99978	9.51454	4.68823	2.57601
1.16044	1.83421	6.44441	12.17405	0.48009	1.32377	5.01218	0.51407	2.15735	0.80650	0.16305	2.69315	1.18061	1.32785	3.28954	1.60320	3.95408	-0.97637	0.99963	23.39828	1.70632	2.01758	1.19949	1.23100	0.68529	0.41139	7.62669	1.88429	0.89738	20.38206	2.28384	12.99853	-0.54908	3.89227	3.12897	2.89440	0.05965	0.82966	1.92611	1.26665	3.31464	2.81084	1.65769	0.87116	1.56856	1.71082	225.80384	-6.69085	0.46543	1.75227	0.99978	2.50123	5.51123	0.33376	2.22744	0.70380	0.99957	4.74105	1.54844	1.20675
2.40847	2.46186	3.51535	1.66019	1.42234	2.32165	2.73694	1.11111	-3.87550	1.92135	1.01329	0.67008	0.73349	0.58919	-0.88806	1.11278	1.41852	242.46677	3.69679	2.02662	2.68268	3.87523	3.32124	50.70717	1.05087	2.35376	17.28467	1.77394	1.58695	48.55240	2.86715	0.66788	1.01492	3.35271	0.93492	8.82579	0.67306	0.04635	1.15663	12.75486	5.65595	10.91878	0.66708	9.56232	-1.72972	2.46834	1.51636	6.41752	1.90468	5.11075	2.56079	5.62239	1.04906	2.98357	0.88645	0.40712	0.73904	0.50780	3.69909	6.88654
1.97107	4.41042	5.07788	1.22588	1.58930	0.80943	3.31891	-0.85791	7.82963	5.19358	10.01017	-0.41958	0.67532	0.73594	2.27970	2.50010	1.97070	2.31598	-4.61536	2.52704	1.20554	3.70511	2.44644	5.45679	1.62589	-1.13986	7.80907	8.29119	0.88568	4.80258	1.56946	1.83857	1.02705	2.50318	1.22382	3.01376	1.96230	2.39463	0.08896	1.42869	6.44113	1.77892	2.73028	0.85050	0.94945	1.55663	6.45235	0.56200	5.04282	0.78291	7.85319	3.20578	1.32160	-0.36001	0.39894	0.48144	1.09858	0.83347	-3.06209	1.37124
0.52099	-0.43955	1.20542	1.02296	0.51130	4.23542	2.63693	0.83209	2.64881	1.78761	1.93247	0.40181	2.13678	1.11507	2.23728	2.40621	4.00328	-2.44452	601.66655	0.63180	4.20850	1.16430	1.41733	0.51162	2.74298	0.43947	4.12555	7.46059	4.69349	1.49665	10.33916	-0.19975	0.76734	7.65006	-0.71753	1.51396	1.28229	21.77381	-1.28052	0.12076	3.92118	1.20312	3.18639	1.41674	2.37202	1.41471	6.58044	7.37083	0.59457	32.88080	3.08518	11.69554	0.30012	2.11089	9.48153	7.48380	2.70805	1.21431	3.18627	1.29442
1.55582	2.30946	3.96980	3.21096	1.09699	19.12610	1.49500	7.43482	0.76200	2.82127	1.24813	1.35812	1.86112	0.74573	-3.78408	2.21538	1.80571	3.80900	4.36471	1.16507	0.63507	0.91777	12.49701	1.95259	7.17310	0.12894	11.66633	0.66621	17.80266	0.85029	0.57029	3.96328	12.44849	2.91132	1.82133	0.35673	5.69829	8.86215	6.77195	4.89532	0.14731	0.52411	0.44708	1.57093	0.29917	10.96391	0.63554	2.02441	0.81658	13.39838	1.02397	0.85957	-1.11131	1.27427	2.50636	1.96450	0.89385	5.71819	1.46738	7.13000
1.85205	2.36631	0.35448	13.38938	3.26432	2.43799	3.63122	1.13705	2.32442	3.55664	1.58523	2.75922	5.81483	1.08243	2.51500	6.23184	2.51601	4.28228	3.17905	1.05196	1.66387	3.21583	2.30403	48.94576	5.57820	1.41083	2.40040	6.56213	2.77529	2.43424	1.69340	2.35055	55.76067	4.37867	2.77663	0.76406	1.03478	-2.48976	1.36926	0.74799	1.44784	0.11858	1.84188	1.99771	17.32199	1.57108	3.06113	7.52691	1193.13518	2.22481	0.82037	10.66263	-7.52475	1.45202	2.68908	3.50772	0.29594	23.02703	2.35257	0.98197
-0.84472	14.92937	2.08465	4.74781	12.90436	1.50958	2.54269	0.78737	2.21050	0.93448	16.94752	4.01192	5.50009	1.21315	1.85692	5.10524	1.30451	7.14021	1.37063	3.05303	2.78709	4.90691	1.13726	7.83971	2.55172	0.85754	2.47719	1185.61001	1.11498	9.62148	9.19528	3.91890	3.95539	1.11846	1.38484	1.07580	-1.24556	0.88256	0.65885	1.91334	0.14251	3.34665	0.10010	1.40628	1.77900	-0.43588	1.89702	0.29748	2.50541	1.61851	0.85924	3.23436	1.76574	20.50495	18.08379	3.87513	9.78626	10.02608	2.04849	3.41199
2.96997	8.04476	3.16262	0.67779	1.02227	3.01475	6.41841	1.93047	0.80491	1.36466	7.84075	1.60034	1.40852	4.00584	4.40372	2.12650	1.07514	2.67178	3.41050	1.76305	1.57853	9.92842	-0.94789	0.82984	0.79151	2.08904	2.79471	0.51816	10.95950	1.35109	1.44456	2.09625	1.30182	1.25233	5.39668	2.38435	0.77262	4.82993	0.28927	1.61363	3.31014	1.99979	0.69449	0.19459	81.27882	8.06710	6.77103	0.91038	1.18404	31.21180	5.26309	4.54600	0.85501	0.52115	0.38909	4.17944	3.91183	2.25763	13.58027	-0.96721
1.40328	1.81538	4.53577	0.37806	1.45234	1.41902	1.41374	0.69611	128.08187	3.72437	12.87616	-0.98784	0.69521	0.74193	2.41631	1.52026	2.90605	0.96921	0.60444	5.67878	0.48435	1.21692	1.74736	8.22770	1.72055	1.78401	5.13452	1.01660	0.83879	2.35207	3.46819	11.71673	1.85306	1.90914	85.20794	1.01812	1.58523	4.67019	0.93989	2.36541	0.56777	18.56548	0.74187	72.77348	0.09489	2.52607	1.48804	2.23575	7.48734	1.06023	11.91868	0.66304	104.60157	-5.74316	-5.65747	4.57588	-6.29554	10.92942	1.57558	4.20236
0.52689	2.43679	7.22178	1.04090	3.18238	5.48964	3.01521	1.84504	3.71947	2.91775	1.39948	3.99334	1.40517	0.89933	2.69709	3.11204	14.35503	4.92795	2.46732	1.59273	3.20375	2.97258	2.19605	-0.45542	4.68027	0.81800	1.47949	1.19844	-0.72075	4.03429	6.51106	1.20879	0.59365	18.89816	-0.21044	1.33931	1.47380	2.29986	1.50357	-0.17516	2.52187	2.44587	1.20056	12.53323	1.55979	0.12198	235.78789	0.75393	1.10262	-0.24405	5.82932	8.79187	2.01982	30.83527	0.29355	1.44217	1.61698	0.99979	5.06119	161.11943
0.61288	7.59350	6.69770	1.89738	1.88980	2.49170	3.52695	1.18221	2.18209	0.51532	1.51735	1.86416	1.84721	2.36168	3.39362	1.46239	-2.44937	3.83992	1.95953	3.49316	-1.51162	1.25181	10.88889	2.21600	0.83745	1.18674	1.56529	-3.94692	2.06557	1.31266	0.46541	1.45276	1.18995	7.29216	0.30939	1.84895	30.72271	1.30892	2.72716	10.50155	0.35365	3.51668	1.45077	10.51384	1.26693	26.84319	0.12652	3.62298	0.00706	5.99640	0.72214	1.15483	1.39005	1.57952	0.78972	12.35523	3.70871	1.98765	3.83654	1.59081
0.58345	6.87510	1.10107	-2.69842	2.33306	2.60968	-0.61730	2.11533	0.82737	1.53136	1.50234	0.74761	1.01159	0.74661	3.23949	1.01213	1.21917	1.24225	1.39957	6.43363	0.62464	0.59171	1.26441	2.98472	1.56677	1.03970	5.82980	11.79367	1.45389	-0.31017	1.38148	1.35360	8.15174	1.78583	1.01444	3.22063	10.48712	-1.34662	1.01558	9.37673	0.59581	12.54699	0.33156	0.60307	1.13037	1.19494	0.83098	0.19639	1.01257	1.12767	-0.55678	1.57443	0.52462	13.42780	0.86173	1.56770	-0.74262	1.67451	2.78141	6.29028
0.92916	15.89866	2.39203	0.62049	3.44421	1.19856	0.68791	3.18964	1.02389	3.32726	1.47061	0.50828	1.44203	2.96722	2.05064	1.47226	16.02461	2.99874	8.65258	1.03266	0.70782	3.54874	1.64461	1.70354	1.19699	1.33640	1.84494	2.06122	1.08294	1.94686	9.62407	4.29914	-1.10888	1.62692	-0.35880	1.02805	0.47587	2.36593	1.68530	1.03573	2.05699	943.91245	3.34564	0.87746	13.93259	1.73712	0.59485	1.51536	0.06857	1.16593	1.95810	2.44486	0.85128	4.37550	1.01719	1.17953	2.12455	1.39868	9.59383	36.04932
18.61874	356.23060	5.45481	3.46089	1.84428	1.57895	6.26371	-0.88705	1.14457	0.91350	2.73813	0.36204	0.70070	5.84315	1.78033	3.18862	5.67045	0.78441	-1.65152	12.99715	1.72603	0.81403	14.72291	1.15322	1.42475	2.36112	1.68945	1.01142	2.06275	7.08158	0.63550	0.51607	3.94679	0.53953	2.79503	8.80486	1.23402	3.96530	0.98050	15.44313	11.97628	-3.49305	1.38466	46.09528	0.66072	2.09441	4.90221	0.65444	2.51590	0.14425	1.97869	6.81826	1.25960	1.36161	4.21772	7.44362	1.53086	2.10044	0.60060	-0.85262
3.73569	0.98588	4.93154	0.62635	1.88874	3.09235	-0.07969	29.73963	0.20734	3.70352	1.16777	1.41676	0.77683	3.12759	1.44578	1.08453	1.59133	2.69948	-5.94131	14.99298	0.84726	0.96348	1.60332	1.82112	2.70675	43.38844	-0.01430	2.89619	4.22159	5.17377	1.89074	0.96730	2.19346	1.70927	49.12436	0.54967	0.37962	-1.06252	5.25189	-1.35760	1.22288	1.22810	0.40127	4.06311	8.03085	6.39784	0.79939	0.78243	0.89540	1.82486	0.16480	1.49709	12.05931	0.53096	1.62179	1.04294	6.32819	1.79198	39.18616	14.82604
0.74393	0.68304	2.88787	0.03698	33.26250	1.26199	1.13511	1.40687	25.61352	10.14712	2.04920	2.11436	1.13315	1.54539	1.63084	0.66795	3.86899	2.73146	5.75652	5.25491	1.76126	0.89568	518.03781	2.47536	1.56599	4.16765	4.04020	0.96578	0.52617	1.60964	1.72798	5.48122	3.34849	0.91885	14.12337	24.98212	1.04362	5.56281	2.26718	12.25346	0.38543	4.35925	7.16050	2.64988	0.48872	-9.02053	0.42891	1.47780	0.86099	5.79151	1.15739	0.12152	0.07094	1.30392	1.55337	1.02573	24.26469	2.61153	1.37220	104.06237
0.17678	14.90201	2.07913	10.30873	1.72874	22.68303	1.28855	2.98327	4.45676	1.70505	1.23945	0.57670	0.50950	7.00110	6.62335	0.81929	4.46187	7.09835	1.22731	2.86509	0.83530	1.13578	13.66128	2.77582	2.23579	1.95231	4.48084	7.29342	10.20624	2.87130	44.80172	2.66538	1.17980	7.58361	5.14268	1.93823	2.50274	1.10084	0.70911	0.99978	0.70118	9.57285	4.31906	0.62428	74.25290	2.78488	1.19493	1.48659	1.31970	1.68224	15.03947	1.56523	0.12714	18.57919	36.18289	0.74775	1.86381	2.47634	19.82477	7.46261
6.69013	0.70833	0.01513	1.92994	2.66908	2.90873	-2.73523	6.25599	0.84517	2.21679	1.00041	2.92850	0.22684	3.39340	0.74314	0.74597	4.97489	1.74790	2.91583	1.10102	0.53720	4.03324	17.46880	3.92160	4.44287	0.14302	0.27914	2.69593	1.90087	0.48041	1.40918	6.54807	2.79340	0.25819	2.54503	0.99974	0.99978	-2.27470	1.49656	2.72936	1.53649	0.61964	22.74647	0.28524	7.56885	8.54947	1.27075	11.07854	2.09927	2.26093	0.08966	1.71053	28.37042	0.11060	0.42028	0.99988	0.93367	1.64489	1.91659	2.20167
2.65897	4.97906	2.39022	2.09819	1.22428	132.30617	4.50008	2.13420	0.57756	-0.17801	2.01043	2.42651	4.50375	0.60554	2.84456	8.73160	1.83780	1.03233	21.35251	1.08090	10.59459	7.92447	3.31536	3.12038	1.87129	1.81679	3.86880	14.92284	6.03802	0.93193	2.98062	1.79647	4.45796	7.35375	2.23609	7.26023	1.21450	4.43622	1.06321	0.44147	0.80232	9.16446	3.02369	0.45732	6.43549	0.41306	1.30043	1.23043	0.29546	5.91522	1.13107	2.32668	27.54580	1.46317	0.09392	2.96458	1.81746	3.20625	0.59487	4.48505
1.56190	0.86013	7.55841	1.54512	0.73077	0.90378	4.79008	1.02538	0.80866	2.78270	0.62950	1.01992	0.67587	-2.12618	1.88941	0.06383	9.58572	74.55457	0.99981	1.94069	1.72959	0.99988	0.22684	1.20895	-0.36769	6.14068	32.22454	11.57847	9.76284	2.48117	6.22126	-0.68906	0.77876	1.58999	0.49831	0.99953	2.18332	1.32540	0.52700	4.49105	1.93081	2.19493	0.96303	2.02257	2.13722	0.99986	1.00165	-0.76168	1.32403	13.43914	0.47084	-1.31693	0.00823	0.89569	0.06759	0.03707	0.23996	0.51186	3.27186	5.09702
5.64653	13.97780	6.27166	57.66710	2.43313	5.76336	1.42390	17.12272	2.91838	5.85202	2.08100	0.99962	2.27291	28.79472	3.02694	9.11317	3.86637	1.87268	0.85232	-1.00049	6.58756	6.98170	-0.53352	1.68138	1.14065	0.87855	1.85932	3.42757	11.28590	0.56749	2.44145	6.27188	-11.76352	2.95940	3.58364	2.11768	4.45798	2.84760	5.29405	2.26809	0.65530	1.00057	9.54011	1.18658	11.65355	0.99979	-0.33790	0.67371	1.82744	1.02815	5.17476	7.34840	1.43169	1.86398	2.51890	4.03635	0.06570	139.35244	5.24341	3.69440
8.74211	14.72779	1.26716	4.38327	44.25611	1.76760	-0.67915	2.72085	4.86659	0.55975	0.26536	-1.06150	4.52567	1.21413	15.60355	1.03193	0.42086	1.91341	0.82894	4.58938	3.20321	10.82902	10.23177	-11.29268	3.06703	1.94966	1.22429	3.39129	11.21221	1.22655	6.60032	1.61878	4.03154	4.43783	3.53998	3.48196	3.99269	0.70464	1.11779	1.03179	3.35839	35.16689	12.89509	2.52276	36.58303	1.86420	0.81618	1.42416	1.10635	1.66559	1.03484	3.03360	1.05224	1.48976	3.63472	0.25082	80.77920	0.18764	3.94115	7.61052
0.49743	1.14923	-5.29891	2.26402	1.98994	1.48320	3.33491	1.67505	3.57880	7.31839	1.02864	0.46477	3.64432	2.86183	5.13577	2.02867	0.52333	1.91424	5.84928	0.31800	3.87901	2.41681	1.14269	1.26096	1.30520	0.40389	3.29405	-0.24958	15.71628	2.66858	0.61306	0.41659	0.50838	9.00682	1.22927	4.02957	1.86482	1.81493	7.00888	4.07134	0.23359	1.06691	2.18452	19.33670	1.29741	3.52622	-3.19649	0.78282	7.49434	0.97862	36.27364	2.19753	4.06934	1.15805	0.92976	1.07015	2.22315	2.74285	0.17021	2.01133
0.35918	-3.77754	3.28978	3.83201	1.70793	1.05723	5.79281	1.23507	17.41777	6.43649	-0.76709	3.54812	52.37901	2.66662	9.78409	10.16926	27.62856	3.19834	0.98191	3.20310	4.16718	1.77266	9.78293	0.59310	-0.59896	4.28851	1.66198	20.31728	1.54396	13.20306	1.46731	1.35090	4.52440	9.92120	1.74449	2.83082	0.61013	6.11401	1.75336	1.68882	2.86350	2.06843	4.44001	2.03786	1.83114	58.34212	1.01633	11.14019	23.07180	2.53843	9.47953	70.79111	2.71209	0.47232	7.81654	6.82017	3.74618	11.54340	0.64932	0.01811
