-1.929157	0.806762	0.000000	0.000000	0.000000	0.000000	1.849607	-11.726445	-2.207635	0.000000	-1.608638	-1.063886	-0.741358	-1.998099	-1.286846	
-1.873005	0.539527	0.000000	0.000000	0.000000	0.000000	-1.627745	3.140281	-11.066687	0.000000	1.146317	-1.066147	0.581795	-2.130403	-2.232942	
-0.778650	0.192693	0.000000	0.000000	0.000000	0.000000	0.652412	-2.892524	-4.969013	0.000000	-0.362697	-0.426360	-0.815419	0.858822	0.787179	
1.448511	-0.112480	0.000000	0.000000	0.000000	0.000000	3.943872	7.026756	10.387362	0.000000	1.575917	1.159889	0.913970	0.826549	1.392359	
-0.693983	0.828253	0.000000	0.000000	0.000000	0.000000	1.203687	-2.267469	2.603008	0.000000	0.745001	-0.996556	0.778717	0.556358	-0.397510	
0.445799	-0.766818	0.000000	0.000000	0.000000	0.000000	2.975239	-5.471718	5.677274	0.000000	-0.984454	0.484687	-0.681845	-0.601340	1.272333	
0.709186	0.627130	0.000000	0.000000	0.000000	0.000000	1.079161	3.678037	2.923970	0.000000	0.992104	0.502794	-1.359955	0.863091	0.709457	
0.527845	-1.033742	0.000000	0.000000	0.000000	0.000000	1.835105	-10.668229	-4.374971	0.000000	-0.562879	0.652297	0.744375	1.297329	-0.470350	
-0.541112	0.293428	0.000000	0.000000	0.000000	0.000000	-1.794005	2.008671	1.164644	0.000000	-0.418201	-0.534533	-0.449451	-1.465659	-0.814849	
-1.239741	0.928498	0.000000	0.000000	0.000000	0.000000	0.912723	11.082871	-4.369411	0.000000	0.359568	-0.915066	-0.406373	0.828247	0.754687	
1.091770	-0.566890	0.000000	0.000000	0.000000	0.000000	1.130371	12.256476	6.250779	0.000000	0.895905	1.186362	0.664368	1.285355	-0.546102	
-1.160530	-0.792288	0.000000	0.000000	0.000000	0.000000	1.543539	1.548282	2.667802	0.000000	-0.641345	0.599267	0.691730	0.569448	0.644352	
0.529184	0.479110	0.000000	0.000000	0.000000	0.000000	1.457593	10.230569	2.028176	0.000000	0.457231	0.237382	0.816967	0.579275	0.584579	
-1.100590	-1.026693	0.000000	0.000000	0.000000	0.000000	-1.725871	-6.703045	-4.250170	0.000000	1.059432	-0.950722	-0.958594	-0.518525	-0.747051	
0.951841	1.075359	0.000000	0.000000	0.000000	0.000000	2.071289	5.453664	1.305404	0.000000	1.225004	-1.032094	0.819136	-0.715741	-0.390754	
-0.548567	-0.670626	0.000000	0.000000	0.000000	0.000000	2.248926	2.597332	3.031274	0.000000	-0.503275	0.702275	0.596011	-0.689907	-0.521947	
1.018440	-1.149588	0.000000	0.000000	0.000000	0.000000	1.841497	9.081645	7.136087	0.000000	-1.365289	0.698213	0.773738	0.845901	0.695224	
1.240662	1.182826	0.000000	0.000000	0.000000	0.000000	2.811366	15.775737	8.912750	0.000000	0.706900	1.208216	1.046524	0.954552	0.913205	
-1.695719	-1.832503	0.000000	0.000000	0.000000	0.000000	3.648061	-6.703298	-9.860601	0.000000	-1.361873	0.448962	-0.952454	2.794535	0.947354	
0.376143	-0.795227	0.000000	0.000000	0.000000	0.000000	2.574992	8.545828	8.390933	0.000000	0.513254	1.245977	0.719200	-0.523921	-0.625648	
0.692053	-0.861985	0.000000	0.000000	0.000000	0.000000	-5.685102	-17.441954	-10.286495	0.000000	-0.760342	-1.383297	-1.452640	-1.848659	-1.883373	
0.741006	1.193620	0.000000	0.000000	0.000000	0.000000	-1.336872	-6.402313	-5.669890	0.000000	-0.468233	-0.853176	1.056096	0.312316	-0.399907	
-0.877887	-0.384272	0.000000	0.000000	0.000000	0.000000	1.969247	1.935589	3.013013	0.000000	1.034949	0.844488	-0.421878	-0.678625	0.819377	
-1.193220	0.337082	0.000000	0.000000	0.000000	0.000000	0.526947	-6.563403	2.277200	0.000000	-1.349006	-0.898153	-1.526679	-0.914226	-0.803387	
0.695345	-0.640459	0.000000	0.000000	0.000000	0.000000	2.178995	6.505708	4.157138	0.000000	-0.392164	-0.531103	0.637202	-1.934593	0.532630	
-0.654337	-0.864902	0.000000	0.000000	0.000000	0.000000	1.090874	-8.664425	0.812197	0.000000	0.571359	-1.081722	-0.831613	-0.821601	0.644340	
0.564124	-0.577839	0.000000	0.000000	0.000000	0.000000	0.323070	2.907599	3.291741	0.000000	-0.480103	-0.474921	1.088322	0.390819	-0.265039	
0.523117	-0.509014	0.000000	0.000000	0.000000	0.000000	1.304438	4.788743	7.416874	0.000000	0.744235	-0.496530	-0.577742	-0.530237	0.545575	
-1.130171	-1.268114	0.000000	0.000000	0.000000	0.000000	-2.567905	15.517070	-5.230540	0.000000	-0.632292	-0.366400	-0.770247	1.157988	-0.727322	
-0.456883	-0.418633	0.000000	0.000000	0.000000	0.000000	1.463320	3.131061	1.603825	0.000000	0.591205	0.657552	0.870307	1.267908	0.299542	
0.553696	-0.852951	0.000000	0.000000	0.000000	0.000000	1.797471	-4.689808	-4.447439	0.000000	-0.741914	-0.713961	-0.783258	-1.103154	0.726545	
1.354693	1.070015	0.000000	0.000000	0.000000	0.000000	2.216541	6.924402	8.598275	0.000000	1.660774	1.554154	1.159334	1.152482	1.134028	
0.569652	0.355342	0.000000	0.000000	0.000000	0.000000	2.302469	-1.542313	5.383422	0.000000	0.328016	1.036139	-0.423425	-0.724408	0.573705	
-1.211634	0.675228	0.000000	0.000000	0.000000	0.000000	-1.216895	-4.377002	-8.526599	0.000000	-0.725424	-1.337082	-0.522122	-0.745270	-1.384327	
1.461135	0.881783	0.000000	0.000000	0.000000	0.000000	4.510916	1.235214	5.441020	0.000000	-1.118327	1.568722	-1.322403	2.168920	1.410315	
-0.382574	0.875326	0.000000	0.000000	0.000000	0.000000	-1.653463	6.426226	-1.885702	0.000000	-0.519743	0.832917	-1.398836	-2.156507	0.655720	
-0.402066	1.030478	0.000000	0.000000	0.000000	0.000000	3.019926	11.495153	6.122045	0.000000	0.915111	0.665069	1.702333	-0.494983	0.798964	
1.062373	1.316236	0.000000	0.000000	0.000000	0.000000	3.978987	11.491534	8.239352	0.000000	1.505143	1.626946	1.590901	0.862021	0.984744	
1.050106	-0.364988	0.000000	0.000000	0.000000	0.000000	2.837619	5.221403	2.700084	0.000000	0.849843	1.595846	0.666360	0.425876	0.806714	
0.880441	-0.640699	0.000000	0.000000	0.000000	0.000000	2.926432	8.507726	8.836204	0.000000	-1.681814	1.216634	-0.609060	0.890155	0.876266	
1.227038	-0.907490	0.000000	0.000000	0.000000	0.000000	2.960731	12.660340	6.670769	0.000000	1.159153	-1.082062	-0.735415	-1.077270	1.295479	
-0.545396	1.121205	0.000000	0.000000	0.000000	0.000000	0.840050	3.278823	2.584645	0.000000	0.342671	-0.855515	-0.219831	0.642988	0.312834	
0.310686	-0.961458	0.000000	0.000000	0.000000	0.000000	2.041810	6.059915	-2.926281	0.000000	0.398339	0.988457	0.773486	1.488663	0.877554	
0.825599	-0.787300	0.000000	0.000000	0.000000	0.000000	3.282060	3.669794	2.668189	0.000000	0.748456	1.468620	-1.066489	-0.604964	0.985999	
-1.289213	0.799387	0.000000	0.000000	0.000000	0.000000	1.538654	1.540720	-9.526853	0.000000	-1.312669	-0.507887	0.379193	1.295961	-1.100282	
0.578027	0.542017	0.000000	0.000000	0.000000	0.000000	1.218292	5.480066	4.865350	0.000000	-0.196681	-0.344321	0.639293	0.782858	0.169468	
0.909750	-0.828981	0.000000	0.000000	0.000000	0.000000	0.468113	5.751917	-2.038961	0.000000	-0.497830	-0.745122	-0.765000	-0.815448	-0.184324	
-0.934418	-0.732999	0.000000	0.000000	0.000000	0.000000	1.784203	6.470950	2.900159	0.000000	0.537703	-0.731778	0.851356	-0.874169	0.774775	
0.733136	-0.612307	0.000000	0.000000	0.000000	0.000000	2.621145	6.358871	8.638109	0.000000	-0.440639	0.874682	0.466237	0.953881	0.644001	
0.536662	-0.807944	0.000000	0.000000	0.000000	0.000000	-0.834484	-3.728407	-3.917995	0.000000	0.607557	-2.153968	0.479452	-0.948276	-0.574210	
-0.717632	0.698507	0.000000	0.000000	0.000000	0.000000	-0.619732	-5.280222	-6.192173	0.000000	-0.498980	-0.599641	-0.988268	0.413709	-0.700025	
-0.500232	0.545436	0.000000	0.000000	0.000000	0.000000	0.765955	2.877272	-6.808925	0.000000	-0.518632	-0.999434	0.493335	0.897935	0.710130	
0.493892	-1.582997	0.000000	0.000000	0.000000	0.000000	2.326843	3.200906	-3.414380	0.000000	0.844602	0.369607	1.550576	-0.888373	-1.023319	
0.957134	-0.939394	0.000000	0.000000	0.000000	0.000000	-3.133512	5.597584	-5.146453	0.000000	0.671152	-1.059000	-1.622714	-1.344867	-1.215302	
1.538261	1.168102	0.000000	0.000000	0.000000	0.000000	3.029174	10.757400	6.134462	0.000000	0.697172	0.758544	0.982242	0.708876	1.179489	
0.765281	0.325219	0.000000	0.000000	0.000000	0.000000	2.715804	-5.593386	-10.142820	0.000000	0.649054	1.287512	0.416192	-0.871223	-0.764160	
-1.038170	-0.367847	0.000000	0.000000	0.000000	0.000000	-1.314966	-6.777621	-6.873260	0.000000	-0.423680	-0.884037	-0.801856	-0.756573	-0.669828	
0.745941	1.026637	0.000000	0.000000	0.000000	0.000000	1.429806	11.722227	7.988725	0.000000	-0.560757	-0.841383	1.628388	1.059487	-0.751977	
1.010486	-0.294717	0.000000	0.000000	0.000000	0.000000	1.476537	10.223494	2.423815	0.000000	-0.375329	0.301549	0.686557	0.592698	-0.566581	
-0.542441	0.662368	0.000000	0.000000	0.000000	0.000000	-3.321457	-11.024619	-2.767363	0.000000	-0.665058	-1.281944	-1.838073	-0.697178	-0.635529	
0.345621	-0.427801	0.000000	0.000000	0.000000	0.000000	1.080821	8.185326	4.271247	0.000000	0.692912	-0.648291	0.569409	0.665604	-0.509347	
1.046470	-1.532687	0.000000	0.000000	0.000000	0.000000	3.709995	-2.716446	6.248584	0.000000	-0.673124	1.024242	0.844615	-0.998581	-1.354266	
-0.810883	0.879816	0.000000	0.000000	0.000000	0.000000	1.770851	12.157255	7.207565	0.000000	-1.010937	0.654270	-1.401079	1.294917	0.666824	
0.469585	-0.841485	0.000000	0.000000	0.000000	0.000000	-0.902842	4.377192	8.307489	0.000000	1.480396	-0.396443	-1.701378	-1.124442	0.630249	
-0.620329	-1.363311	0.000000	0.000000	0.000000	0.000000	3.981848	3.641233	4.195330	0.000000	0.871802	0.934930	0.534527	1.029939	0.998524	
-1.616909	-1.016026	0.000000	0.000000	0.000000	0.000000	1.307146	-13.155767	-7.564235	0.000000	-1.079740	-1.402889	-0.720643	-0.664406	0.406957	
-1.359261	0.427111	0.000000	0.000000	0.000000	0.000000	2.027916	1.383770	3.234556	0.000000	0.429125	1.264308	0.229403	0.853156	-0.873949	
0.618572	-0.723543	0.000000	0.000000	0.000000	0.000000	0.958006	-8.618892	-6.062470	0.000000	-0.570250	-0.834820	-0.584839	0.641607	-0.704401	
1.198705	-0.518319	0.000000	0.000000	0.000000	0.000000	2.106636	2.652884	4.019048	0.000000	0.938992	-0.628187	-1.472455	-1.013417	1.338186	
-1.151793	-0.853378	0.000000	0.000000	0.000000	0.000000	1.624454	5.815479	-1.967417	0.000000	-0.851821	0.937851	1.088050	-1.216633	-1.092869	
-1.113485	-0.652876	0.000000	0.000000	0.000000	0.000000	-3.900027	-6.449328	-4.691326	0.000000	-1.526000	-1.270432	-3.116665	-2.766875	-0.753665	
1.453975	-0.919348	0.000000	0.000000	0.000000	0.000000	2.481057	-6.904843	3.192883	0.000000	1.020378	-0.683548	-0.683647	-1.401368	-0.978098	
-0.831805	-1.409057	0.000000	0.000000	0.000000	0.000000	2.542742	5.943202	-1.113905	0.000000	0.505953	0.635565	0.457909	0.837954	-0.504902	
-2.406985	-1.005028	0.000000	0.000000	0.000000	0.000000	-3.656561	-9.436156	-12.682183	0.000000	-0.601118	-1.618261	-1.198525	-0.749869	-0.909976	
-1.508921	-0.570996	0.000000	0.000000	0.000000	0.000000	-0.983680	-13.588055	-9.652895	0.000000	1.324946	-1.347460	-0.911535	1.343931	-1.130074	
