-12.561627	-5.499790	-18.476463	4.815931	-8.246995	5.447467	-4.410908	-3.936382	61.842086	49.725177	-6.817351	-10.867432	92.156667	-10.256850	-14.301044	112.571177	-2.609339	55.668607	65.467087	-8.555661	84.569905	94.194285	41.337589	-9.147685	-9.345912	-9.213917	-7.198836	4.733491	-6.329420	3.658860	12.525712	-2.237896	-4.315793	36.065362	66.479314	5.967739	-6.863019	101.464614	51.863985	85.832073	84.647449	-19.010008	-16.776477	-2.830014	-7.704749	-3.694188	-4.808192	1.991071	-8.135818	-15.610353	
5.994699	-13.374294	-3.488233	-4.108562	2.187581	-3.518237	-1.804196	-4.756101	24.465870	23.278855	-2.828675	-4.602788	-18.024266	3.693120	-3.838807	-18.900173	-2.482527	35.688710	19.011309	4.682880	21.343520	-26.226915	12.484556	-1.597958	-4.631992	-5.082192	-1.835106	-2.563225	7.433011	-5.145600	-7.895338	-2.686066	-4.080935	-25.167003	-13.880493	-2.253843	-3.915742	25.338794	16.686044	42.978552	-48.699260	-4.939967	-3.521924	2.943096	-4.131592	-3.197967	2.770911	4.207595	-6.711026	3.794621	
20.910823	7.165149	-15.275044	-3.434929	-8.891316	4.929496	2.857714	-5.354633	94.070944	78.295166	7.049629	-6.927087	104.332478	5.081231	-5.098590	103.247122	-3.017769	150.610401	70.916300	6.030383	81.080157	90.553096	44.270784	-9.183833	9.297551	7.717815	2.485476	5.433723	-7.550003	-5.742661	8.582638	6.292394	-8.163543	58.473708	62.877970	-3.936891	8.952177	109.092767	58.445111	127.213160	144.719220	6.225335	-8.065854	-3.904650	3.725205	-4.913066	-2.662626	3.595343	5.972153	-5.032038	
20.111491	-4.377292	-6.395481	-12.834798	2.763418	-4.136107	-4.214920	-1.563274	23.367673	21.334512	-6.139159	-5.111517	-44.158533	-6.889527	-4.167276	-11.742016	-7.647456	-78.474941	-39.781066	5.530528	23.920829	-17.147941	5.076414	-2.690493	-7.614366	3.901369	-5.970302	-2.656840	-9.452424	-2.643971	-4.078412	-3.526521	1.703728	-21.762509	-6.035342	-4.467306	-2.271251	23.788724	15.219228	28.646741	-115.557478	-10.719380	-8.204040	-3.989645	-5.448756	2.185631	-5.661653	-7.087182	-2.342380	-6.012010	
2.883864	6.742705	5.269702	-3.555143	-18.866767	4.760725	-1.470117	2.212170	21.920726	20.588011	-2.757017	3.959613	89.615957	5.242487	-1.443561	72.817785	-3.424015	144.475735	69.883669	-2.865405	12.185849	60.675877	19.717756	-4.542373	7.952527	4.843859	2.710197	7.805442	-7.702285	2.989509	3.936535	3.410987	4.138161	62.020088	29.918743	2.918559	6.908034	33.892152	-4.394831	11.238028	194.509601	4.315305	7.330277	3.679477	8.127191	6.601098	7.249210	-1.334019	9.550640	-4.185457	
2.517661	2.844782	4.102709	-5.879872	5.137725	-12.089974	2.975043	1.957123	40.291662	42.213351	5.549359	2.214698	-15.060004	-3.592503	-2.611003	24.753492	2.895828	-51.522554	-18.822758	3.931739	31.314313	12.793646	13.454230	3.709407	2.650661	3.743918	2.642705	1.522265	-4.240693	4.335181	-4.176868	-6.959691	-2.526475	24.778914	15.910679	-3.716539	-4.045805	34.866998	21.791393	50.909617	-20.519629	-5.548595	-4.173559	-2.962154	-5.167922	2.420849	2.472389	3.374601	-3.090843	8.035129	
6.109246	-4.406406	-1.014194	-1.418774	3.945667	-3.222050	-5.821198	1.271822	24.653365	21.558214	-1.782368	-3.143186	-20.604156	-1.414670	3.800430	26.106278	-2.953598	-34.354014	-22.549621	2.254148	14.821975	9.399795	-3.264784	-2.291911	-4.196117	-4.228468	-1.730675	-4.401492	2.520866	-1.912272	2.222326	2.621062	-2.554309	9.205455	12.288975	1.376485	2.970391	28.401782	13.652967	32.599979	-52.514810	1.929432	3.849490	-4.635974	-1.502362	-2.982701	-2.028519	-2.361908	-3.167652	1.338777	
8.683556	-4.468837	3.095076	-4.009880	-5.643215	-6.627148	-3.116728	-10.448888	18.884421	19.240700	-6.467123	-5.721371	-21.849996	-4.030603	2.690317	19.285544	-2.933777	-51.231627	-33.354697	1.678759	23.411196	-17.209722	10.092714	-1.658343	-2.989003	-4.413482	2.586595	-4.180530	3.268727	-4.918588	-4.939874	-2.495604	-5.903220	15.233852	5.246157	-2.245767	-2.708626	20.703179	18.313855	32.033094	-71.339952	-8.076673	-5.784363	-3.897215	-5.563239	2.129702	-3.174515	3.868141	-5.689127	-3.167601	
-7.615168	6.047098	7.869040	-2.936375	7.513362	-5.717602	5.262543	2.426163	-32.292962	-13.688616	4.614697	7.866480	17.971216	1.180298	9.304742	-21.634330	-3.166986	58.172996	35.781064	-5.209981	-19.698168	32.809820	14.289009	6.954011	8.281552	-6.179778	-2.010696	3.098349	7.365702	4.676244	-9.696335	-1.810107	6.279395	28.543391	11.419822	-2.624504	8.202887	-21.345062	-19.265902	-27.741884	83.298604	7.180809	-1.441484	2.951246	4.304450	6.192218	4.247576	4.739038	-3.895055	8.949396	
-7.919985	-5.425747	-3.429889	-3.466429	4.853255	-4.191657	-2.119371	-1.820691	-39.959028	-38.773154	-3.926088	-5.944906	-34.459574	4.919434	-6.363737	-36.013213	2.992559	-66.917085	-44.162081	-4.742611	-36.966709	-42.286646	-27.862304	-4.320274	5.164296	4.847239	-5.299185	-4.234410	5.057306	2.582140	-4.899621	-1.927150	-3.591240	-31.059187	-27.686256	-4.861629	-4.360912	-59.344771	-24.199427	-43.873719	-49.026617	-4.625736	-5.509160	-1.887014	2.744449	-4.283846	-3.812145	6.387312	3.070213	-4.272226	
7.675334	-5.704314	6.144528	5.418410	4.534973	5.714868	4.439968	8.733531	53.243335	50.411030	-16.752882	9.522530	136.659006	-7.155329	8.422909	94.157430	8.014160	255.139636	138.391335	-6.805098	17.200614	125.868398	57.675331	-2.660460	9.882919	7.009499	-3.050174	10.870779	15.516872	4.426938	14.465412	4.922340	4.875545	87.595779	59.629332	7.795594	-4.260590	76.381236	16.075905	15.011826	261.045801	7.169765	8.246850	5.888898	8.627689	3.936107	8.536659	7.221830	3.226543	2.318305	
6.712245	3.464017	4.849817	-1.783364	-7.864236	-2.409484	4.379002	3.856443	60.778397	51.388076	-6.388247	-15.626758	90.475548	3.958898	2.971035	83.981889	6.497039	129.950721	78.100142	8.284812	40.353985	75.401815	36.209194	4.354362	3.485555	-4.034908	6.255615	7.697884	9.027375	-2.939040	-7.543954	3.440821	7.859067	65.655210	58.274125	6.788305	-3.796543	78.668515	25.583926	57.973313	100.809720	9.970276	12.011922	6.714667	6.097325	4.290672	5.267397	3.311938	2.532927	7.708551	
4.514156	4.473832	-2.779887	-4.117948	-3.870720	3.069702	4.064682	-2.383786	6.274970	7.195438	4.605443	-8.118699	-53.853206	-3.481415	-6.732470	-42.700915	2.632835	-52.408167	-33.879945	5.818204	11.792588	-50.299273	-17.596400	4.043402	7.272632	-4.863986	3.882452	-3.156247	5.604593	3.651916	-4.333315	-3.379809	-2.681095	-38.725536	-21.718222	2.613734	2.095851	-26.379184	-6.769370	-10.193788	-89.597321	3.979593	-5.763756	2.949205	3.101111	2.230048	1.604918	2.270291	5.170711	-2.722282	
11.407132	-4.570468	-4.505466	-2.948946	12.611687	4.851450	2.027199	-4.646261	105.823642	96.749777	-10.863258	-6.530817	114.282393	-26.908228	-8.040974	134.493767	8.805725	123.839957	82.708448	-12.757838	95.097368	126.004832	82.745407	4.542898	-8.110643	2.782766	7.379970	7.047769	5.958991	-5.386369	-9.934633	-5.435911	-4.643815	75.415156	99.961480	-9.122018	16.034627	151.276548	62.292132	120.809660	190.440099	-5.841981	-6.406916	5.804462	-7.065413	10.519324	-3.933156	8.159725	-7.099045	-7.890057	
-5.601911	3.502031	-5.781810	3.246643	5.802010	7.605208	2.044324	5.866493	19.123678	16.581530	3.263814	-4.908131	35.946328	-3.031684	-20.679828	-16.461781	2.405198	47.098153	-21.497581	5.862859	23.247375	25.719692	-7.755161	3.159181	-3.623137	6.708132	-2.972125	2.292209	-7.145222	-5.457432	7.734024	-5.145045	5.873220	-11.424939	13.850435	-4.725949	-7.884017	16.407082	10.016661	42.304258	40.533738	7.894642	-5.819064	2.662902	3.206512	-2.220053	-4.628031	3.215659	2.990435	3.686882	
-1.712111	4.925271	-4.067471	-5.868208	-8.840208	1.822880	-1.671685	-4.344578	-33.049619	-25.895305	-3.573594	-5.675395	-59.494009	-2.682280	2.501481	-67.971686	3.545849	-91.260506	-42.510933	-4.777740	-37.967950	-56.162061	-17.002033	3.222869	-5.981928	4.702161	-2.511559	3.907877	-7.160414	5.377328	-6.005091	-3.843091	-3.145287	-39.439513	-37.037616	-4.916272	3.809080	-42.949408	-20.580937	-36.506770	-89.535043	-5.499762	-4.400857	-1.302309	-3.446871	-2.184635	-1.827823	2.466900	-3.992728	-2.878573	
10.597971	-2.976759	-3.137818	5.056493	5.484149	-4.728838	-3.191958	-4.762799	24.840547	28.429796	-4.603032	-5.589489	-28.861522	5.053664	-5.016145	20.365936	-15.730491	-47.980553	-25.740751	5.218083	-10.718402	-24.693007	-15.649042	3.709010	-4.445550	-8.924824	4.733155	1.684515	-6.278627	-2.255577	3.424899	1.451181	5.483782	-12.683719	14.503094	-5.797726	-7.241928	-19.260466	12.233734	23.103932	-76.975815	5.018123	12.603771	-6.015911	-3.515508	4.266956	4.194806	3.854901	-7.219868	2.478981	
7.484580	-6.246629	-6.475210	-3.564601	-4.733653	-2.308945	-1.205561	-4.465247	-11.594307	-7.468863	-3.784985	6.961509	-62.884291	-5.846665	-3.714473	-23.052977	-4.208287	-143.975019	-54.237982	-3.843529	6.606269	-34.435292	-7.810000	-5.659502	-5.317969	-2.274740	2.897811	-2.710056	-4.110643	2.197957	-5.575459	-3.427462	3.540906	-24.745120	-23.581968	-3.293115	-2.870000	-9.648272	9.009180	15.644110	-89.269901	-5.306259	-2.400083	-2.775441	-3.861060	-3.216808	3.873507	-4.827076	3.601221	3.724646	
4.702651	-3.255054	2.356778	2.240714	9.358110	-4.699024	-2.872735	3.571162	-17.232909	-18.129873	5.220616	3.967305	-60.806265	4.034153	-2.795169	-36.298139	-2.323369	-74.261185	-54.573980	3.904700	-20.824266	-48.815672	-15.796332	1.611570	2.893742	3.127022	-3.653340	-3.052249	4.110152	7.541252	3.604337	-2.951075	6.383713	-19.986689	-29.941954	1.949266	-3.967647	-31.749350	-11.434028	9.739145	-65.849075	-3.582802	5.948407	3.884317	-2.381848	-3.234767	2.901776	-5.299200	2.904357	5.803687	
-1.372015	2.252957	4.878947	2.943899	2.958625	6.199029	0.946577	2.318827	30.323236	24.966513	-1.359722	4.190298	57.364764	2.087757	7.310297	53.514496	-2.404638	91.249833	54.184562	-15.561261	-13.345900	44.952410	18.430437	-3.140313	8.513082	-6.452325	4.079010	1.913352	4.923733	-4.210031	5.346596	6.335979	4.751740	49.199955	18.390637	5.805797	10.667583	30.800621	-6.062163	9.954185	104.720496	-6.234876	2.805373	-2.486864	2.574945	4.378657	3.492699	-5.739818	2.370326	-3.945567	
-6.702454	3.898190	-2.094122	-3.465532	7.536213	-6.307206	-3.149050	5.184798	-12.147700	-15.519880	4.990330	-5.762705	-38.210217	5.560656	7.574418	-33.411976	4.379404	-38.877568	-43.057553	5.970303	-34.608343	-26.217413	10.779042	-1.679284	4.425112	6.254908	-3.410443	-1.606517	-4.327338	5.316579	4.552676	-2.829390	5.536239	-18.597848	-22.434779	5.712966	3.879795	-26.775745	-13.038444	-39.466229	-85.714323	4.859782	-4.556640	-2.951762	3.668944	-4.561542	-3.889375	2.639087	-0.690929	4.412990	
2.515798	-5.514818	-3.459604	2.946056	5.979387	-2.192812	-4.934659	4.095390	-30.852932	-28.867132	5.004481	3.356566	-51.694272	-2.726775	5.498466	-64.235744	-1.960451	-66.334064	-38.177658	-3.400182	-24.409996	-52.451491	-21.767600	-1.962718	4.620756	-3.072924	-5.605949	-1.835854	-2.804336	5.149057	4.275142	3.698088	7.180743	-48.189737	-32.295542	3.565213	-3.500711	-52.857350	-16.094097	-27.111608	-93.502350	5.522988	-4.100660	1.506933	-3.318873	1.185788	-2.491906	-2.551412	2.143689	3.542590	
-7.351804	-6.790321	-9.838812	6.099199	5.970960	-2.275400	1.227949	3.271506	-46.278628	-49.014388	4.931513	-4.728532	28.124999	-3.869940	-6.207946	-52.988728	-3.519244	84.265160	44.575826	5.174535	-39.810348	25.159109	-41.479601	-7.343624	-6.415763	4.717470	-4.651738	7.156384	-10.997914	6.709530	-6.035519	-6.983859	5.521344	-25.465974	-17.714509	-2.579729	-9.265322	-49.742787	-29.697504	-61.784676	80.489754	5.174005	-10.545853	-2.064481	-8.146153	2.522902	4.137965	6.414722	6.739685	5.314371	
-1.272931	-2.717902	2.452520	1.672667	2.289946	1.503662	-1.342578	-3.285422	9.964675	-12.833804	1.306310	3.057071	39.931191	2.624019	2.486861	34.538872	-1.664800	86.358730	39.968274	-5.729818	-11.143570	42.752853	14.584207	-11.672004	3.990293	-5.966049	2.328728	-1.835620	5.340989	-7.397372	5.298151	-4.775848	-3.690660	35.387334	18.375445	2.558861	-2.934803	16.286744	-12.025710	-22.690581	86.540905	-2.023276	1.444131	-2.281300	2.510785	-3.854194	-2.635858	-1.680263	3.207467	2.676171	
8.881102	4.498839	-4.072221	3.778390	5.133277	3.893099	4.794556	6.145293	26.817432	24.664927	3.300464	6.465202	98.814117	6.067849	3.316500	46.520506	7.101184	169.356528	101.692046	6.042494	20.151078	65.032199	12.350812	2.375961	-12.871086	5.438346	2.562530	3.004987	5.482283	4.005677	4.263061	4.906473	2.969167	41.129886	20.005137	6.824570	-4.348430	42.667869	16.950874	51.618090	197.596612	-4.535144	-4.681834	4.068403	-2.319152	-3.755197	3.985082	-6.093052	1.646088	-3.902278	
4.920029	4.883871	6.042460	2.770745	5.990082	-2.657336	5.411827	3.826824	45.529705	39.263948	2.547921	4.341765	84.274131	-1.903632	-2.425162	55.818331	3.900894	145.502553	77.995311	4.495620	27.601407	58.300931	27.550256	4.716427	-2.728979	-15.875644	5.796754	2.990685	7.339380	3.501325	5.732492	4.188083	2.957853	45.358060	42.114302	7.257046	-2.679329	48.582395	20.770052	48.484440	154.784674	-6.730134	3.904095	3.954256	2.683590	2.534665	3.077916	1.972677	-2.062719	4.928108	
3.284467	-2.582695	2.198293	3.699874	-3.650735	3.764612	1.008774	-2.669046	-18.523209	-13.298838	5.493065	-4.604897	-48.795170	2.461024	-6.018582	-26.333897	-5.738899	-77.446508	-64.091365	-4.915126	7.185946	-41.964279	-21.029548	-3.146553	-4.523093	-2.439107	-12.006168	-3.263886	5.092426	2.613871	-2.539821	1.831936	3.661071	-11.042122	-10.450468	-4.388429	-4.770510	-26.129541	3.438414	25.576500	-108.894369	3.103035	3.617489	-1.764262	2.432687	3.998851	-3.755186	3.296116	3.115863	-3.631295	
14.913677	4.512044	5.985997	3.800664	-3.760568	-4.770661	-1.979974	-3.476704	30.456486	35.781503	8.273346	-5.160157	-52.396340	-2.867469	-4.706996	-17.814018	-4.853461	-88.407723	-34.573092	-1.696045	41.905951	-24.870686	4.739165	3.051686	5.307096	-4.853388	-2.302293	-12.967310	4.937438	-7.598369	3.939597	-3.642279	-7.338083	-18.187659	-6.820342	-5.315218	7.933041	28.162226	29.951863	90.486618	-61.354991	-4.048312	-9.022931	-1.287443	3.762542	3.817292	-1.087901	3.298098	-7.597863	-4.509033	
21.264681	-5.672131	-7.680580	4.868541	5.184154	-6.442184	2.380410	-3.807260	13.175616	16.285107	5.163404	-3.490097	-41.781234	2.990983	-2.817887	6.045613	-2.789482	-49.500498	-27.280617	-3.676352	13.310734	-13.273629	2.645357	-3.236545	3.682164	-4.701159	-5.236318	-3.123511	-22.031652	2.409725	2.658097	3.046825	-7.929535	6.569588	-7.649151	-1.286890	3.555990	12.451571	17.141320	38.335305	-55.694835	2.592865	3.235252	1.537787	-3.478342	3.279881	2.371870	3.179755	-2.216586	6.175172	
-3.755527	3.709347	4.805854	3.510078	-4.120032	-2.268368	2.154425	4.082987	27.541688	12.699584	-5.496295	-4.722359	43.012723	-2.469334	3.003520	53.095688	1.987317	80.076257	61.625991	4.720432	9.652904	49.946555	17.576216	-2.598708	3.854748	-2.256644	-1.446083	-3.900770	3.691571	-15.048100	6.453813	2.598498	-4.867864	40.589011	18.901676	5.417712	3.413594	31.341309	-6.495909	12.555729	135.622997	-1.675802	-3.611871	-2.320631	1.570585	3.649785	3.132847	-3.974120	2.788441	-4.196315	
12.516615	3.794587	-2.492732	-5.979080	-2.816272	-3.155440	-3.179692	-2.757042	41.297235	49.113728	-5.807620	-3.201134	37.812674	-5.436052	-4.706084	39.996887	5.390902	-27.461378	15.412448	-8.126615	44.826885	30.507213	20.191390	-3.955044	-6.175587	-2.034303	1.775189	3.591189	4.208976	-3.485718	-18.624728	-4.190061	-2.986175	29.692149	25.372730	-5.648658	-6.881042	58.995713	34.786663	69.068632	36.225096	3.285467	-8.768604	-2.601278	-4.670951	-4.894453	2.798360	-4.141786	-3.595414	-3.144985	
20.231067	-4.585770	-4.879620	-5.392434	3.948900	4.619042	-1.684427	-2.353980	19.673217	20.481508	-3.825289	3.483967	11.120907	-10.690183	-4.332068	39.408332	-4.538307	-34.150913	-14.512678	-7.510302	37.561105	27.463817	19.196077	2.831839	-3.363216	5.194618	-3.116332	-3.765016	-5.038273	-4.704119	-4.525601	-13.645275	-5.680072	24.293632	18.268105	-5.385204	-6.579142	57.340192	19.696904	36.664075	14.869477	-4.636184	-6.993461	-2.848017	6.495646	-8.152424	-5.296656	2.191432	2.775504	-2.110438	
-7.528025	-6.278476	9.090964	4.451226	-4.799684	-3.585364	-1.615765	-4.071039	35.636711	34.444485	5.868970	-4.415318	-48.557649	-3.306511	7.068898	-39.549480	3.163743	-35.917297	-31.955268	3.879687	34.093472	-53.635287	12.581461	5.640418	-4.865459	-8.187076	7.229776	3.949847	11.298666	-2.434346	-7.944563	-4.307638	-21.924244	28.099168	-23.629740	-4.104328	-5.169333	33.669523	12.915830	40.102235	-58.528546	8.959460	7.626525	2.255953	6.885448	4.109720	4.850687	7.884408	4.976791	-4.357868	
5.677151	-7.105501	-8.270335	-8.393347	7.596016	-5.545407	-4.523817	3.425483	-57.022872	-67.831450	-10.549472	-10.647785	-96.372514	-6.639118	5.654574	-101.133858	4.922426	-118.747985	-55.640825	3.105196	-57.396727	-80.145561	-39.432980	-5.433333	-13.346739	-8.190972	4.875082	-3.035127	-8.714684	-5.003770	-3.070158	4.638555	-3.944253	-105.207829	-51.695988	1.916353	-8.884717	-83.172652	-36.528567	-103.025194	-153.308855	-5.443912	8.915474	-4.404519	-9.702085	-8.583203	-5.694043	-5.039127	5.070388	-8.768912	
-1.101658	-1.897489	2.359832	3.215301	4.266731	-2.361429	-2.296816	-3.750356	-20.675488	-32.704918	2.814488	2.003363	-22.266245	-2.688113	5.235098	-37.048177	-3.073232	-35.567599	-34.186161	-5.161461	-40.869237	-24.410578	-11.506793	-2.784811	2.172489	-2.986587	-3.423357	3.116790	4.062738	3.538435	1.466997	2.656764	4.499596	-19.440315	-24.132720	3.579802	5.734514	-33.396616	-23.344633	-43.311942	-48.458763	3.983303	3.429272	2.667413	-1.544621	-3.570710	-3.121874	-1.465286	2.552888	-2.332419	
19.158933	3.845174	-3.047058	7.813558	-4.662912	6.055039	1.087809	-2.646450	66.036514	59.724049	-6.138015	-2.992191	131.526445	4.148680	9.013571	113.518706	3.545346	176.816409	111.926234	-6.821211	74.636125	115.735665	52.607595	3.276663	5.610164	-2.506401	6.673494	3.225819	7.052566	-7.358216	6.395073	5.288884	5.004953	73.456974	69.523365	-11.710530	4.629179	114.083915	52.614600	98.838712	201.304084	7.407736	3.460174	5.162351	1.579705	5.082483	-3.260002	-8.287590	2.879861	-6.607756	
10.830679	-5.705863	-10.339280	1.612691	2.222058	-4.505814	1.533557	-3.381653	23.216913	20.089581	-3.465536	-1.958195	-26.939713	-3.831537	-7.510209	26.486012	4.313573	-45.563950	25.827329	4.066831	30.084974	-22.623838	8.713237	2.142376	-5.447466	2.769058	-3.086859	-6.310040	-3.537503	-3.077996	-5.923344	-2.337323	-5.483876	20.105141	13.663069	4.859030	-17.676862	18.743498	17.073495	42.511815	48.611492	-2.068816	-6.758105	-0.848148	-4.034273	-8.535038	2.932855	2.978020	-8.881113	-4.075595	
2.066666	2.877411	2.602508	-2.112707	-3.555749	-4.545436	-2.740765	-4.501173	-36.504075	-43.067312	6.756753	5.258920	-83.474179	4.962607	-4.111840	-64.476131	-1.626735	-132.302127	-83.673193	4.354317	-50.682379	-73.783873	-32.492865	-2.369596	6.423759	5.922222	-1.643601	2.806607	-7.750977	-2.490296	-5.486845	-2.276508	-5.823145	-38.698231	-44.363265	3.220258	4.356789	-75.681306	-33.326423	-69.345298	-112.243071	2.849571	8.105041	-4.835853	3.562571	2.522049	5.110972	4.702800	4.894137	4.747029	
-8.442058	6.158511	3.743602	-2.255557	-4.936995	3.247583	-3.776414	3.046213	-24.325632	-20.546482	-2.626841	2.371079	-38.512853	2.397449	-2.937886	-33.888149	-1.966349	-45.209678	-23.539649	-5.936009	-20.074042	-21.491058	-16.195144	2.925698	-4.078721	-1.830636	2.459828	-3.592660	-6.844881	4.252828	-3.991234	-3.395312	-5.603890	-17.110427	-16.338332	-2.030371	-3.686128	-30.950101	-19.303112	-27.729625	-39.970141	3.995039	-5.000643	-1.707053	2.125793	1.604152	-2.842866	2.306779	4.501279	-5.851024	
-9.232988	-4.862699	-4.196682	-1.891243	-3.917298	-3.793807	-3.177952	3.687927	-23.219414	-26.865470	-1.131567	3.600666	-30.625236	2.446747	-2.690468	-30.029482	2.575732	-35.537775	-20.928579	2.309526	-36.142665	-23.843627	-12.667007	1.371701	3.504908	3.797077	1.362246	-3.139506	-3.759802	-2.206783	-2.585959	-2.963582	1.548108	-22.073722	-26.143311	-2.614121	-5.153203	-33.636445	-22.045626	-56.034536	-44.226298	1.879397	2.226227	-1.227443	3.881732	-1.219799	3.503810	2.680908	2.794511	-4.104979	
3.540480	-2.738939	-4.884783	-4.436082	-4.292737	1.635377	-2.628831	-3.410529	-10.724885	-17.505528	4.652975	4.262337	-51.695795	4.061243	-6.114094	-40.031747	4.501594	-98.486931	-60.151080	3.942375	-10.561831	-65.354377	-21.039904	-4.106796	2.271224	-3.167997	3.373949	2.611861	-7.721914	-1.933076	5.168194	-1.867373	-4.916136	-40.421784	-25.331545	-1.760854	-4.712575	-42.948998	-6.398455	-24.551676	-153.304034	4.222086	-5.611777	-3.649389	-5.495607	3.306333	-3.789556	-6.242927	5.948330	-3.102596	
19.302315	5.934744	9.349539	3.722746	-6.398738	8.477947	3.022295	8.336106	104.569102	101.247513	-7.048338	10.272193	161.822484	3.321267	9.514872	144.098406	-8.646957	218.611092	135.742292	-4.127712	84.006281	156.020464	53.025924	4.875252	-11.711575	5.404061	5.820765	9.619101	8.765848	-5.205369	-4.484088	6.581896	6.948948	104.414846	82.852231	9.744023	10.424726	126.179539	54.978372	137.665037	272.419305	-27.854639	10.056700	6.299959	8.635437	3.896508	4.756760	-5.937913	-6.883187	8.473760	
12.730355	4.802515	8.807891	1.839397	-7.135444	-2.040892	-3.123040	-2.747908	47.891484	45.115545	-4.244930	-5.214852	43.798492	-9.192565	-6.167113	46.955447	-1.379274	92.093772	44.535647	-6.925448	44.841512	50.125492	37.286055	2.561117	-5.546673	-3.191563	-4.258803	-8.232480	9.511961	4.844766	-6.450842	-4.878199	-6.511091	35.961037	35.150567	-7.054537	9.126274	67.674215	34.271677	83.318043	96.549804	-6.998749	-20.341572	3.922803	2.688344	3.529931	-4.803085	5.135592	-6.388042	1.424998	
-7.125855	1.971341	-2.714063	-1.686270	-2.388884	0.882701	-1.142095	1.201441	-23.142841	-21.931495	3.344189	5.985733	-53.080349	5.970062	-2.613471	-29.135271	-2.762012	-95.535070	-59.396532	4.147063	-28.419182	-64.930176	-24.689915	2.641217	6.041672	3.217211	-4.626583	-2.417230	-5.975624	5.022481	-2.696548	-1.683770	-5.711994	-17.771487	-31.928916	-2.329704	-2.024340	-55.687682	-19.843426	-36.244477	-94.906282	2.716928	5.996215	-8.620796	4.142229	-2.429325	-3.462022	2.452097	4.129907	3.143639	
9.937989	-8.576378	-2.587191	-5.661720	3.803496	-6.567399	-4.244871	-7.632637	22.650560	24.982352	-8.447762	-8.378596	-85.417252	-3.586160	2.622808	-54.626323	1.744346	-144.878881	-81.229960	-6.612822	25.559586	-72.790510	-20.164292	-5.284718	-4.277709	-4.894092	-2.458449	-5.802526	-6.672198	-4.221074	-8.474177	-5.482903	-5.140142	-42.659081	-20.854168	-3.725309	5.372842	-24.086723	23.667579	49.832993	-170.170597	-10.426863	-6.649399	-4.651257	-14.437885	-2.609081	-3.848423	2.805669	-7.145814	2.860897	
4.699070	3.491455	2.523508	-5.077764	-3.789895	-3.643020	-1.794743	1.377829	13.190527	6.637256	3.549925	-4.814029	20.819067	2.480474	-4.509412	23.271294	-1.989205	-26.686658	-9.438378	4.820620	10.525956	10.423414	-7.042400	1.589146	4.255040	4.023300	-4.437488	3.777528	-6.305384	2.865896	-2.243128	1.715532	-1.493732	12.564189	11.251396	-3.470673	-6.658049	-8.191415	10.406363	16.702742	18.616032	3.826637	2.838614	-2.231209	3.805433	-11.331597	-4.549754	4.025299	-3.251290	-2.795987	
7.008726	5.132401	1.864153	4.479145	-5.869175	4.527636	1.481922	-1.971880	36.493960	39.397919	4.233053	1.149221	38.521741	5.925510	4.290891	73.631924	2.488054	95.466257	52.711789	-4.411676	22.256039	58.656244	25.197254	3.275728	-2.605922	-4.350050	-1.366452	3.298928	-6.175512	-2.828614	4.564531	5.543056	-4.961696	53.228887	34.061709	1.963725	3.637964	55.130106	15.536963	49.195766	74.234770	2.461717	3.360554	1.241876	2.635514	2.977513	-8.828126	-1.107935	-1.746599	1.245776	
18.770873	7.155487	2.965550	5.424752	-5.847705	6.686562	3.653121	3.900046	50.738285	49.918240	-3.460831	8.415601	80.796116	1.246471	7.243982	74.315834	-0.912288	140.281879	77.719689	-4.016881	42.812351	84.160058	38.014382	-2.510523	-3.582406	8.084260	2.042409	3.723977	4.000519	3.238804	7.104263	3.998194	7.441015	69.571699	46.089967	-4.231659	6.279723	83.915433	38.414959	99.755569	209.259793	10.278619	6.223250	6.038059	4.250509	5.802519	-2.404555	-15.048360	8.457329	6.023920	
3.500906	-4.278848	-4.757330	5.619091	-6.460938	-6.123339	-5.192668	-2.688445	32.819366	38.275414	4.866758	8.593544	-53.321677	-4.067016	7.975023	23.322666	6.404095	-77.133553	-28.916092	-6.572454	36.187748	19.131030	14.220074	-3.267990	-11.158124	-11.832252	-5.851954	-4.588682	-9.042407	9.958027	-15.649511	4.435696	-17.949580	25.768646	20.233595	4.317964	-8.191327	37.636733	28.135700	64.811609	-81.718258	5.459490	-11.839470	-6.186513	6.188455	1.642395	-7.163457	3.929922	-22.571786	-4.142108	
-4.696324	4.604524	-3.812701	3.763715	5.025921	2.392543	1.558176	3.691940	21.811415	-13.286975	3.614543	5.130996	64.229776	3.920715	3.693780	39.317294	2.516450	135.078567	74.241264	-4.905342	-15.123544	66.041092	16.209192	-3.208440	6.492258	5.966796	5.909584	3.527785	2.429435	-2.762599	5.089847	4.603698	2.730827	34.239351	22.771652	5.560226	4.528431	29.229905	-9.718338	-14.939065	144.669651	8.844036	5.668068	-2.888663	3.591989	3.648084	2.933095	2.872094	0.958427	-10.341754	
