0.000000	-6.884227
0.000000	-0.949961
0.000000	-0.303384
0.000000	-0.366132
0.000000	-1.195246
0.000000	-4.112321
0.000000	-0.933002
0.000000	0.095346
0.000000	0.283208
0.000000	-0.525254
1.000000	-1.171694
0.000000	-2.203220
0.000000	-0.015243
0.000000	-1.603794
0.000000	0.266663
1.000000	2.158450
0.000000	-0.082403
1.000000	0.700571
1.000000	0.775099
0.000000	-1.770215
0.000000	-2.084096
0.000000	-0.428950
0.000000	0.482638
0.000000	0.650377
0.000000	1.087504
0.000000	-1.925488
0.000000	-0.419104
1.000000	0.815202
0.000000	-0.599710
0.000000	-0.642995
0.000000	0.175210
0.000000	-0.593245
0.000000	-1.893922
0.000000	-0.959277
0.000000	-0.172697
0.000000	-0.900573
0.000000	0.319659
0.000000	-0.793902
0.000000	0.144764
0.000000	-0.970174
0.000000	-0.421090
0.000000	-1.084756
1.000000	0.511072
0.000000	-1.197326
0.000000	0.509340
1.000000	0.824851
0.000000	-2.117984
0.000000	1.442967
0.000000	-0.026468
0.000000	-0.056254
0.000000	0.268148
0.000000	-1.903915
0.000000	-1.148526
1.000000	0.111101
1.000000	1.183892
0.000000	-0.693240
0.000000	0.568633
0.000000	-0.680071
0.000000	-0.279839
0.000000	0.113844
0.000000	-0.064668
0.000000	-4.236240
0.000000	0.235853
1.000000	0.084930
0.000000	0.219958
0.000000	-0.529285
1.000000	-0.844430
0.000000	-0.095772
0.000000	-0.000189
0.000000	-0.381010
0.000000	0.080499
0.000000	-0.640453
0.000000	-0.613940
1.000000	-0.833074
0.000000	0.319311
0.000000	-0.046771
0.000000	-0.063158
0.000000	0.799990
0.000000	-0.026818
0.000000	-0.109093
0.000000	1.054614
0.000000	-0.027255
0.000000	-0.271869
1.000000	0.529243
0.000000	-0.479593
0.000000	0.566164
0.000000	0.108898
0.000000	-0.306139
0.000000	0.245798
0.000000	-0.716153
0.000000	-0.269475
1.000000	0.017711
1.000000	0.042378
0.000000	0.004062
0.000000	0.088079
0.000000	0.149903
0.000000	-0.363536
0.000000	-0.243678
0.000000	-0.072032
0.000000	-1.418031
1.000000	-0.562160
1.000000	0.737085
0.000000	-0.205588
0.000000	0.333180
0.000000	0.195482
1.000000	-0.148076
0.000000	-0.414576
0.000000	-0.650690
1.000000	-1.474084
1.000000	0.061193
0.000000	-0.161252
0.000000	-1.342861
0.000000	-0.052405
0.000000	0.078616
0.000000	0.001381
0.000000	1.289591
0.000000	0.305460
1.000000	0.078497
0.000000	0.242670
0.000000	0.405829
0.000000	-0.035624
1.000000	-0.401913
0.000000	-4.580974
0.000000	-0.203140
0.000000	-0.580843
0.000000	-0.238428
0.000000	0.229551
0.000000	-0.237948
0.000000	-0.316549
0.000000	-0.360546
0.000000	-0.056456
0.000000	0.477213
0.000000	-0.484714
0.000000	-0.203695
0.000000	-0.403998
0.000000	-0.085928
0.000000	-0.272869
0.000000	-0.076507
0.000000	-0.775961
1.000000	0.277950
0.000000	0.299110
0.000000	0.724866
0.000000	0.152110
0.000000	-0.211839
0.000000	0.096231
0.000000	0.216884
1.000000	-0.188446
0.000000	0.060126
0.000000	1.157255
0.000000	0.203674
0.000000	0.382002
0.000000	-0.121366
0.000000	0.027881
0.000000	0.432180
0.000000	-0.009658
1.000000	0.883046
0.000000	-0.088862
0.000000	0.273605
1.000000	0.698657
1.000000	1.141210
0.000000	0.157184
0.000000	-0.733459
0.000000	-0.253449
0.000000	-0.677203
0.000000	-0.790946
0.000000	0.337512
0.000000	-0.291434
0.000000	-0.158586
0.000000	1.368781
0.000000	-0.135211
0.000000	-0.318000
0.000000	0.374301
1.000000	0.061518
0.000000	-0.299795
0.000000	-0.155732
0.000000	-0.274886
1.000000	0.549987
1.000000	0.942008
1.000000	0.940175
1.000000	0.604922
0.000000	-0.752024
0.000000	-0.365630
0.000000	0.662471
0.000000	-6.403154
0.000000	1.427232
0.000000	-0.654336
0.000000	1.042879
0.000000	0.415845
0.000000	0.005715
0.000000	0.112497
0.000000	2.013605
0.000000	-0.359550
0.000000	-0.837896
0.000000	-0.370033
0.000000	-0.175459
0.000000	1.357491
0.000000	0.039676
1.000000	1.558474
1.000000	-0.190007
1.000000	0.417777
0.000000	0.781799
0.000000	0.857294
0.000000	-0.033208
0.000000	0.114813
0.000000	1.309138
0.000000	1.517338
0.000000	0.466045
1.000000	0.366987
0.000000	1.306684
0.000000	0.419838
0.000000	1.278755
0.000000	0.629665
0.000000	0.748520
0.000000	0.351402
1.000000	0.317468
0.000000	-0.326276
0.000000	0.556903
0.000000	-0.568846
0.000000	0.446257
1.000000	1.395405
0.000000	-0.277113
1.000000	1.115536
0.000000	-0.066392
0.000000	-0.462086
0.000000	0.882425
0.000000	0.263198
0.000000	0.407192
1.000000	0.733934
0.000000	1.840855
0.000000	1.248652
0.000000	0.340675
0.000000	0.116625
0.000000	-0.614085
0.000000	0.451932
0.000000	0.223592
0.000000	-0.845957
1.000000	0.453283
0.000000	-0.152764
0.000000	-0.104986
0.000000	0.128394
0.000000	-0.167734
0.000000	0.115150
1.000000	0.364582
0.000000	-0.105100
0.000000	-4.074534
0.000000	0.153560
0.000000	0.021106
1.000000	0.271776
1.000000	0.460812
0.000000	-0.758899
0.000000	-0.031210
0.000000	0.080920
0.000000	0.055506
0.000000	0.004327
0.000000	-0.366471
0.000000	0.472857
0.000000	-0.127322
0.000000	0.157591
0.000000	0.355384
0.000000	0.126437
0.000000	0.566280
0.000000	0.005243
0.000000	0.095831
0.000000	0.237037
0.000000	-0.409790
0.000000	-0.955065
0.000000	-0.356313
0.000000	-0.376935
0.000000	0.046357
0.000000	0.318562
0.000000	-0.261637
0.000000	-0.343840
0.000000	-0.317906
0.000000	-0.351440
0.000000	0.007683
0.000000	0.012970
0.000000	0.276946
0.000000	-0.718975
0.000000	0.053417
0.000000	0.367776
0.000000	-0.419005
0.000000	0.327175
0.000000	-0.235641
1.000000	-0.117768
0.000000	-0.291520
0.000000	-0.312671
0.000000	-0.642416
0.000000	0.000969
0.000000	-0.008245
1.000000	0.988364
0.000000	-0.249371
0.000000	-0.818906
1.000000	1.058136
0.000000	-0.123379
0.000000	0.162349
1.000000	0.250321
0.000000	-0.558489
0.000000	-0.142134
0.000000	0.148819
0.000000	-0.081261
0.000000	-0.467494
0.000000	0.251015
1.000000	0.621226
0.000000	-0.101143
0.000000	-0.074837
0.000000	-3.083291
0.000000	-0.000669
1.000000	0.489238
0.000000	0.113116
0.000000	0.083002
0.000000	0.153688
0.000000	0.125593
0.000000	0.181272
1.000000	-0.321787
0.000000	0.033866
0.000000	-0.325224
0.000000	0.054691
0.000000	-0.390443
0.000000	0.334330
0.000000	0.156734
0.000000	0.839615
0.000000	-0.161172
0.000000	0.375447
0.000000	-0.172315
1.000000	0.411838
0.000000	0.059722
0.000000	0.428374
0.000000	-0.044379
1.000000	0.643698
0.000000	-0.114537
0.000000	-0.219824
0.000000	-0.146847
0.000000	-0.554689
0.000000	-0.239873
0.000000	-0.329341
0.000000	0.029797
0.000000	0.290041
0.000000	-0.846012
0.000000	-0.074407
0.000000	0.001872
1.000000	0.668328
0.000000	0.651797
1.000000	0.472809
0.000000	-0.430325
0.000000	-0.401029
0.000000	-0.172932
0.000000	-0.031528
0.000000	0.308833
0.000000	-0.161934
0.000000	0.287223
0.000000	0.143626
0.000000	0.072691
1.000000	-0.006925
0.000000	0.089217
0.000000	0.269611
0.000000	0.313470
0.000000	0.004857
0.000000	0.535393
0.000000	-0.093075
0.000000	0.103325
1.000000	0.254230
0.000000	-0.424106
0.000000	0.675205
0.000000	-0.086027
0.000000	0.693588
0.000000	-0.449120
0.000000	-4.258633
0.000000	0.098722
0.000000	0.010434
0.000000	0.237598
0.000000	-0.277980
0.000000	-0.427763
0.000000	-0.209306
1.000000	-0.301519
0.000000	0.268753
0.000000	0.249389
0.000000	0.076758
0.000000	0.553690
0.000000	0.129467
0.000000	0.595405
0.000000	0.034764
0.000000	-0.560019
0.000000	0.092057
0.000000	-0.194496
0.000000	0.641419
0.000000	0.546581
0.000000	0.008116
0.000000	0.024462
0.000000	-0.471051
0.000000	-0.588280
0.000000	-0.701606
0.000000	0.242265
0.000000	0.063628
0.000000	-0.546709
0.000000	-0.166353
0.000000	-0.073880
0.000000	-0.160413
0.000000	-0.459147
0.000000	0.169548
0.000000	-0.111774
0.000000	0.237272
0.000000	0.832761
1.000000	-0.043556
0.000000	0.040126
0.000000	-0.246853
0.000000	-0.391053
1.000000	0.493593
0.000000	0.004532
0.000000	-0.929196
0.000000	-0.095293
0.000000	0.130040
0.000000	0.385470
1.000000	-0.029932
1.000000	0.180939
1.000000	0.475793
0.000000	0.260730
0.000000	-0.263717
0.000000	-0.067574
0.000000	0.142570
0.000000	0.059765
0.000000	0.641523
0.000000	-0.508624
0.000000	-0.025804
0.000000	0.263342
0.000000	0.182088
0.000000	0.843669
0.000000	0.768980
1.000000	-7.152120
0.000000	0.279039
1.000000	0.662558
1.000000	0.560443
0.000000	1.117524
0.000000	0.874843
0.000000	-1.439978
0.000000	1.651267
0.000000	0.317789
0.000000	0.149238
0.000000	0.045311
0.000000	-0.630410
0.000000	0.399973
0.000000	-0.279539
0.000000	0.932335
0.000000	0.816262
1.000000	1.547733
0.000000	1.263727
0.000000	0.910042
0.000000	-0.213518
0.000000	-0.125448
0.000000	2.429334
0.000000	-2.119257
0.000000	0.432278
0.000000	0.337504
1.000000	0.403546
1.000000	2.504888
0.000000	0.758796
0.000000	0.699836
0.000000	0.942645
1.000000	2.653659
0.000000	0.812089
0.000000	1.415118
0.000000	2.072761
0.000000	-2.327108
0.000000	2.635009
1.000000	2.594584
1.000000	0.404444
0.000000	1.179959
0.000000	0.292572
1.000000	0.435959
0.000000	2.232185
0.000000	0.614015
0.000000	0.234987
0.000000	-0.677360
0.000000	1.728093
0.000000	-0.174886
0.000000	-0.127331
0.000000	1.295769
0.000000	-0.610202
1.000000	1.191483
0.000000	0.703874
0.000000	1.271246
0.000000	0.472299
0.000000	0.232985
0.000000	-0.964567
0.000000	0.149119
0.000000	1.366398
0.000000	0.907148
1.000000	1.044392
0.000000	-0.106755
0.000000	-6.393430
0.000000	-0.355461
0.000000	0.942412
1.000000	1.441270
0.000000	0.626627
0.000000	-0.006141
0.000000	-1.116034
1.000000	0.081848
0.000000	-0.327032
0.000000	0.743840
0.000000	-1.211774
0.000000	-0.526191
0.000000	-2.429458
1.000000	0.154311
0.000000	-0.871694
0.000000	0.225899
0.000000	0.407341
0.000000	0.106325
1.000000	-1.537110
0.000000	0.284858
0.000000	0.159584
0.000000	0.333316
0.000000	-1.212695
0.000000	0.841639
0.000000	-1.430519
0.000000	-1.109587
0.000000	-0.488237
1.000000	-0.157179
1.000000	0.420097
0.000000	1.007032
0.000000	0.117452
0.000000	-0.456899
0.000000	0.468034
0.000000	0.884504
1.000000	1.157344
0.000000	0.522840
0.000000	0.100775
0.000000	0.672131
1.000000	0.398352
0.000000	-0.147410
0.000000	-1.097944
0.000000	-1.303956
1.000000	0.610564
1.000000	0.058169
0.000000	-2.168808
0.000000	-0.195159
0.000000	0.059817
0.000000	0.027839
1.000000	-0.250861
1.000000	0.557298
0.000000	0.580193
1.000000	0.511856
0.000000	-0.068225
1.000000	0.312382
0.000000	0.173723
0.000000	-0.373457
0.000000	-0.277495
0.000000	0.521973
0.000000	-0.618357
1.000000	0.359470
0.000000	0.487311
0.000000	-5.459385
0.000000	1.524224
1.000000	1.145154
1.000000	0.528212
0.000000	-0.010163
1.000000	1.329291
0.000000	0.764973
0.000000	-0.093226
0.000000	1.009120
0.000000	1.353431
0.000000	0.408610
0.000000	1.504584
1.000000	1.992359
0.000000	0.612995
0.000000	0.257953
0.000000	0.368200
0.000000	0.956360
0.000000	2.403237
0.000000	-0.391626
0.000000	-0.375776
0.000000	0.005067
0.000000	0.232670
0.000000	0.358864
0.000000	0.194120
0.000000	1.484294
1.000000	1.166841
0.000000	-0.084554
0.000000	0.094213
0.000000	0.821156
1.000000	0.622780
0.000000	1.232821
0.000000	-0.148778
0.000000	0.020965
0.000000	-0.222324
0.000000	-0.503927
0.000000	-0.260258
0.000000	0.132851
0.000000	0.405289
0.000000	0.633403
0.000000	1.015099
0.000000	0.124822
1.000000	0.346385
1.000000	1.113684
0.000000	0.424314
0.000000	-0.317991
0.000000	0.242001
0.000000	0.869838
1.000000	1.298637
0.000000	0.070258
0.000000	-0.185583
0.000000	0.113951
0.000000	-0.399244
0.000000	0.296147
1.000000	0.081787
0.000000	-0.129270
0.000000	-0.128044
0.000000	-0.165156
0.000000	-0.197318
0.000000	0.028520
0.000000	-0.058934
0.000000	-0.568336
0.000000	-3.653273
0.000000	-0.721144
0.000000	0.518941
0.000000	-0.061655
0.000000	0.271382
0.000000	1.184972
0.000000	-0.172244
1.000000	0.439551
0.000000	0.516415
0.000000	-0.046767
0.000000	0.121394
0.000000	0.067816
0.000000	-0.423012
1.000000	0.387200
1.000000	0.733490
0.000000	-0.499148
0.000000	-0.346876
0.000000	-0.341593
0.000000	-0.102728
0.000000	0.834530
0.000000	-0.462473
0.000000	-0.388639
0.000000	-0.346483
0.000000	-0.793104
0.000000	0.000385
0.000000	0.065742
0.000000	-0.135551
0.000000	-0.146883
0.000000	-0.255121
0.000000	0.031050
0.000000	-0.255866
0.000000	0.199164
0.000000	0.735054
0.000000	-0.246770
0.000000	-0.046133
1.000000	0.752948
0.000000	-0.135758
0.000000	-0.263157
0.000000	0.213864
0.000000	-0.067660
0.000000	-0.061873
0.000000	-0.003601
1.000000	0.975885
0.000000	-0.047001
0.000000	0.182830
0.000000	0.419982
0.000000	0.109515
0.000000	0.344102
0.000000	0.149365
0.000000	-0.048107
0.000000	-0.479450
0.000000	-0.078424
0.000000	-0.183792
1.000000	0.265950
0.000000	-0.000222
0.000000	-0.184043
1.000000	-0.770836
0.000000	0.075827
0.000000	0.002612
0.000000	-0.266346
0.000000	-0.074742
1.000000	-3.940390
0.000000	-0.340187
0.000000	-0.483382
1.000000	0.446111
0.000000	0.761204
0.000000	-0.090420
0.000000	0.167159
0.000000	0.208358
0.000000	-0.813794
0.000000	0.069326
0.000000	-0.127939
1.000000	0.396694
1.000000	0.412679
1.000000	0.510828
0.000000	-0.684504
0.000000	0.168670
0.000000	-0.197852
0.000000	-0.657051
0.000000	-0.411409
0.000000	-1.076512
0.000000	-0.371111
0.000000	-0.413509
0.000000	-0.276021
0.000000	0.008102
0.000000	-0.315961
1.000000	-0.112614
0.000000	-0.792853
0.000000	-0.234495
0.000000	-0.176076
0.000000	-0.414921
0.000000	0.379999
0.000000	0.731672
0.000000	0.174292
0.000000	0.094215
1.000000	0.019083
1.000000	0.341307
0.000000	0.191767
0.000000	-0.140913
0.000000	-0.031266
0.000000	0.056899
0.000000	-1.178056
0.000000	0.233045
0.000000	-0.370888
1.000000	0.799185
0.000000	-0.092053
0.000000	-0.059943
0.000000	-0.096998
0.000000	-0.108925
0.000000	-0.041712
0.000000	-0.101023
0.000000	-1.218358
0.000000	-0.469967
0.000000	-0.482760
0.000000	0.417214
1.000000	-0.797278
0.000000	0.169293
0.000000	-0.234200
1.000000	0.315253
0.000000	0.209510
0.000000	0.670195
0.000000	0.150118
0.000000	-6.161885
0.000000	-0.215113
0.000000	-0.830920
0.000000	-1.020373
0.000000	0.095028
0.000000	-0.278517
0.000000	-1.150381
0.000000	0.333991
0.000000	-0.778382
0.000000	-0.407257
0.000000	-0.491241
0.000000	0.083961
0.000000	-0.408280
0.000000	-0.174586
0.000000	-0.207429
1.000000	0.348113
0.000000	0.250827
0.000000	-0.618541
0.000000	0.588529
0.000000	-0.180443
0.000000	1.612134
0.000000	1.240567
0.000000	-0.309883
0.000000	-0.011965
0.000000	-0.370273
0.000000	-1.738442
1.000000	0.701283
0.000000	0.698302
0.000000	-1.083439
0.000000	-0.369151
1.000000	0.967450
0.000000	0.200571
1.000000	0.830028
1.000000	0.634033
0.000000	0.558511
0.000000	-0.281651
0.000000	0.312513
0.000000	0.258461
0.000000	0.067646
0.000000	-0.859074
0.000000	0.361724
1.000000	0.424178
0.000000	0.178831
0.000000	-0.793130
0.000000	-0.877466
0.000000	-0.703101
0.000000	0.057687
0.000000	0.027978
0.000000	-0.350471
0.000000	-0.081801
0.000000	-0.159030
0.000000	-0.175826
0.000000	-0.005139
0.000000	-0.284551
1.000000	0.107689
0.000000	-0.300251
0.000000	0.107103
0.000000	0.113385
0.000000	0.125761
0.000000	-0.105330
0.000000	-0.335653
0.000000	-3.886271
0.000000	0.166335
0.000000	1.355952
0.000000	0.079995
0.000000	0.446713
0.000000	-0.031471
0.000000	-0.295244
0.000000	0.293822
0.000000	-0.046872
0.000000	0.571777
0.000000	0.000666
0.000000	-0.792473
0.000000	-0.223951
0.000000	-0.381404
0.000000	-0.037622
0.000000	-0.087821
0.000000	-0.494659
0.000000	0.360591
0.000000	0.099718
0.000000	-0.128432
0.000000	-0.445267
0.000000	0.097460
0.000000	-0.305497
0.000000	0.295314
1.000000	1.154102
0.000000	-0.376163
0.000000	1.112914
0.000000	-0.401447
0.000000	-0.045549
0.000000	0.543601
0.000000	0.262442
0.000000	-0.280826
0.000000	0.316135
1.000000	-0.192915
1.000000	0.382587
0.000000	0.575107
0.000000	0.532899
0.000000	0.034936
1.000000	-0.141631
0.000000	1.027530
0.000000	0.268000
1.000000	0.516226
0.000000	0.801004
1.000000	0.040788
0.000000	-0.396940
0.000000	0.340366
0.000000	-0.202837
0.000000	0.235676
0.000000	0.215631
0.000000	-0.353584
0.000000	-0.159646
0.000000	0.425944
0.000000	-0.141917
0.000000	0.813538
0.000000	-0.006653
0.000000	-0.407996
0.000000	0.277049
0.000000	0.566675
0.000000	-0.363166
0.000000	-0.145572
0.000000	0.749646
0.000000	-2.530370
0.000000	0.109813
0.000000	0.165549
0.000000	0.650621
0.000000	-0.116628
0.000000	0.116407
0.000000	0.408692
0.000000	0.096084
0.000000	-0.255207
0.000000	-0.033402
1.000000	0.139227
0.000000	0.805121
0.000000	0.333874
0.000000	-0.329582
0.000000	1.522196
0.000000	-0.163971
0.000000	0.141681
0.000000	-0.250191
0.000000	-0.005583
1.000000	0.347679
0.000000	-0.100732
0.000000	0.469992
0.000000	-0.070404
0.000000	-0.235550
0.000000	-0.065253
0.000000	0.742176
0.000000	0.713205
0.000000	0.168102
0.000000	-0.033675
0.000000	-0.292448
0.000000	-0.232219
0.000000	0.078618
1.000000	0.631590
0.000000	0.402634
0.000000	0.351260
0.000000	-0.097143
0.000000	-0.154592
0.000000	0.348142
0.000000	0.329462
0.000000	-0.406751
1.000000	0.822065
0.000000	-0.704857
0.000000	0.039564
0.000000	-0.356825
1.000000	0.571623
1.000000	0.716274
0.000000	0.338842
0.000000	0.089976
0.000000	-0.668440
0.000000	0.282044
0.000000	-0.808870
0.000000	-0.002197
1.000000	0.532486
0.000000	0.029569
0.000000	-0.151922
0.000000	0.029083
0.000000	1.019251
0.000000	0.624553
0.000000	-0.274703
1.000000	0.615418
0.000000	-0.561816
0.000000	-3.884453
0.000000	-0.033327
0.000000	-0.897390
0.000000	-0.184566
1.000000	0.015578
1.000000	0.089977
1.000000	1.134934
1.000000	0.906231
0.000000	-0.072676
0.000000	-0.220858
0.000000	1.198603
0.000000	-0.231317
0.000000	0.209276
0.000000	-0.845374
1.000000	-1.219082
0.000000	-0.142721
0.000000	-0.388506
0.000000	-0.451768
0.000000	0.414048
0.000000	-0.541110
0.000000	0.517203
0.000000	-0.288609
0.000000	-0.256604
0.000000	-0.030244
0.000000	0.067658
0.000000	0.716124
0.000000	-0.372594
0.000000	0.477512
0.000000	0.430233
0.000000	-0.117578
0.000000	0.017690
0.000000	0.668818
0.000000	-0.455116
0.000000	0.517919
0.000000	-0.142076
0.000000	-0.353757
0.000000	0.520024
0.000000	-0.605276
0.000000	0.522495
1.000000	0.344042
0.000000	-0.788520
0.000000	-0.353269
0.000000	0.047551
0.000000	-0.243508
0.000000	0.340240
0.000000	-0.299556
0.000000	0.291413
0.000000	-1.943379
0.000000	-0.599472
0.000000	-0.560235
0.000000	1.591871
0.000000	-1.177898
0.000000	-0.019403
0.000000	0.101797
0.000000	0.328146
0.000000	-0.023204
1.000000	-0.697084
0.000000	0.994746
0.000000	-0.359255
1.000000	1.645930
0.000000	-1.381785
0.000000	-7.177185
0.000000	-2.137703
0.000000	-0.855813
0.000000	-0.779427
0.000000	0.167172
1.000000	1.705216
0.000000	0.930674
0.000000	0.333843
0.000000	-1.110249
0.000000	-0.107228
0.000000	-0.438537
0.000000	0.695905
1.000000	-0.760210
0.000000	-0.034745
0.000000	0.175574
0.000000	-0.539801
1.000000	-0.468616
0.000000	0.428640
0.000000	0.058442
1.000000	0.880196
0.000000	0.393465
0.000000	0.445474
0.000000	0.722401
0.000000	2.373344
0.000000	0.460834
0.000000	-0.456166
0.000000	1.341643
0.000000	0.370697
0.000000	-1.225849
0.000000	1.088615
0.000000	-0.172160
0.000000	0.648749
0.000000	0.667980
1.000000	0.257939
0.000000	0.471056
1.000000	-0.100005
0.000000	0.096335
0.000000	0.383123
0.000000	0.982494
1.000000	1.515236
0.000000	0.545261
0.000000	-0.096276
0.000000	0.553156
0.000000	0.415051
0.000000	0.217392
0.000000	0.212899
0.000000	0.077765
0.000000	0.253258
0.000000	0.721780
0.000000	-0.100804
0.000000	0.857249
0.000000	-0.051333
0.000000	0.268889
1.000000	0.480944
0.000000	1.094101
1.000000	0.986966
1.000000	0.342579
0.000000	0.243387
0.000000	0.109028
0.000000	-0.773309
1.000000	0.369031
0.000000	-4.126818
0.000000	0.344813
0.000000	-0.324651
1.000000	0.297735
0.000000	-0.087260
0.000000	0.346014
1.000000	0.229163
0.000000	-0.207226
0.000000	0.458961
0.000000	0.287850
0.000000	-0.020820
1.000000	0.051358
0.000000	0.283040
0.000000	0.282190
0.000000	0.930747
0.000000	0.101141
0.000000	0.152512
0.000000	-0.290430
0.000000	0.197452
1.000000	0.362529
0.000000	-0.135045
1.000000	0.336155
0.000000	1.029103
1.000000	2.550507
0.000000	-0.534075
0.000000	0.649905
0.000000	-0.318521
0.000000	0.265174
0.000000	-0.110841
0.000000	1.061776
0.000000	0.400095
0.000000	0.245199
0.000000	0.367964
0.000000	-0.249685
0.000000	-0.389202
0.000000	0.311661
0.000000	0.260856
0.000000	-0.142662
0.000000	-0.308559
0.000000	-1.675357
0.000000	-0.220766
1.000000	0.598330
0.000000	0.082256
0.000000	0.226617
0.000000	0.609490
0.000000	-0.517594
0.000000	0.026756
0.000000	0.598184
0.000000	0.023455
0.000000	1.504448
0.000000	-0.255609
0.000000	-0.346109
0.000000	0.304853
0.000000	0.418802
0.000000	0.870621
0.000000	-0.058600
0.000000	0.288928
0.000000	-0.121029
0.000000	-0.356881
0.000000	-0.043345
0.000000	-0.437089
0.000000	-3.864778
1.000000	0.056760
0.000000	0.530108
0.000000	-0.243492
0.000000	0.421786
1.000000	-0.164688
1.000000	0.229244
1.000000	0.915008
0.000000	0.035910
0.000000	0.127281
1.000000	0.662691
0.000000	-1.944200
0.000000	0.775631
0.000000	0.168942
0.000000	0.608799
0.000000	0.514883
0.000000	0.158287
1.000000	1.415478
0.000000	0.353027
0.000000	0.267328
0.000000	-0.102923
0.000000	0.424246
0.000000	0.017877
0.000000	-2.207802
0.000000	1.435945
0.000000	-0.755566
1.000000	0.651080
0.000000	0.063308
0.000000	0.730493
0.000000	0.254222
0.000000	0.734575
1.000000	0.429597
0.000000	0.033030
0.000000	-0.180004
0.000000	-0.062742
1.000000	1.045843
0.000000	-0.172132
0.000000	-1.089907
0.000000	-0.021528
0.000000	0.037760
0.000000	-0.270079
0.000000	0.175571
0.000000	-0.241677
0.000000	-0.459525
0.000000	-0.022002
1.000000	0.324888
0.000000	-1.461743
0.000000	-0.592337
0.000000	0.213473
0.000000	-0.090496
0.000000	-0.216354
0.000000	-0.357149
0.000000	-0.266313
1.000000	-0.363194
0.000000	0.466699
0.000000	-0.111323
0.000000	0.661071
0.000000	-1.031519
0.000000	-0.369464
0.000000	-0.603992
1.000000	-0.330228
0.000000	-5.529224
0.000000	0.202648
0.000000	-0.173988
0.000000	0.179902
0.000000	-0.073087
0.000000	0.735708
0.000000	-0.604264
1.000000	-0.774592
0.000000	0.172667
0.000000	-1.212306
0.000000	-0.145282
0.000000	-0.943139
0.000000	-0.000673
0.000000	-0.732766
0.000000	0.136860
1.000000	0.381256
0.000000	-0.085375
1.000000	0.202336
0.000000	-0.902446
0.000000	0.168847
1.000000	-0.187517
1.000000	1.476934
0.000000	0.119368
0.000000	-0.426650
1.000000	0.267789
0.000000	-0.632872
1.000000	0.591904
0.000000	0.048025
0.000000	-0.520603
1.000000	0.247895
0.000000	-0.737471
0.000000	-0.392928
0.000000	-1.074825
0.000000	0.430409
0.000000	-0.230718
0.000000	0.280851
0.000000	-0.297633
0.000000	-0.446730
1.000000	0.244018
0.000000	0.263858
0.000000	-0.094977
0.000000	0.105436
0.000000	0.267560
0.000000	0.133424
0.000000	-0.007626
0.000000	0.123781
0.000000	0.613466
0.000000	-0.744005
0.000000	-0.110032
0.000000	-0.104322
0.000000	0.108392
0.000000	1.343871
0.000000	0.411561
0.000000	0.191779
0.000000	0.912301
1.000000	1.142400
0.000000	-0.974643
0.000000	-0.211715
0.000000	0.013283
0.000000	-0.094282
1.000000	0.083894
0.000000	-3.309811
1.000000	0.800297
1.000000	0.490839
0.000000	-0.080174
0.000000	-0.024498
0.000000	0.099681
0.000000	0.671074
0.000000	-0.005643
0.000000	-0.232605
0.000000	0.127632
0.000000	-0.265676
0.000000	0.442300
1.000000	0.219796
0.000000	0.656008
0.000000	0.354586
0.000000	-0.164406
0.000000	0.173699
1.000000	1.123348
0.000000	0.107012
0.000000	0.440616
0.000000	-0.303239
0.000000	0.438770
0.000000	-0.225015
0.000000	0.677845
0.000000	0.243449
0.000000	-0.119865
1.000000	0.309597
1.000000	1.178141
1.000000	0.834645
0.000000	0.407098
0.000000	0.414746
0.000000	0.112296
0.000000	-0.407793
0.000000	0.024939
0.000000	-0.204123
0.000000	-0.126803
0.000000	0.132764
0.000000	0.003764
0.000000	-0.424923
0.000000	-0.026427
0.000000	0.197485
0.000000	0.543265
0.000000	1.462713
0.000000	-0.058271
0.000000	1.178583
0.000000	-0.335440
0.000000	-0.006761
0.000000	-0.098568
1.000000	0.602747
1.000000	1.526507
0.000000	-0.125869
1.000000	0.101444
1.000000	0.320945
0.000000	0.405939
0.000000	-1.140735
1.000000	0.605524
0.000000	0.561102
0.000000	-0.532487
0.000000	-1.362380
0.000000	0.149081
0.000000	1.177432
0.000000	-6.093322
0.000000	1.355540
1.000000	0.057075
0.000000	0.177306
0.000000	0.383818
0.000000	-0.033316
0.000000	0.174248
0.000000	0.377921
0.000000	-0.977345
0.000000	0.441425
0.000000	0.420866
0.000000	1.273540
0.000000	0.019898
0.000000	0.059139
1.000000	0.706230
0.000000	-0.075394
0.000000	0.112964
0.000000	-0.074405
0.000000	-1.097429
0.000000	-0.375421
0.000000	0.228605
0.000000	0.384760
0.000000	0.475023
1.000000	0.630499
0.000000	-0.399396
0.000000	0.152567
0.000000	-0.150472
0.000000	-0.542759
0.000000	0.141484
0.000000	0.023480
0.000000	0.734877
0.000000	0.868229
0.000000	0.564513
0.000000	-0.029461
0.000000	-0.778931
0.000000	-0.294081
1.000000	-0.247475
0.000000	0.129399
0.000000	-0.139883
0.000000	-0.008263
0.000000	0.035358
0.000000	0.055553
0.000000	-0.210485
0.000000	0.205634
0.000000	0.589388
0.000000	-0.997750
0.000000	-0.159125
0.000000	0.114781
0.000000	0.254370
0.000000	-0.121948
0.000000	-0.438337
1.000000	0.433327
1.000000	-0.697702
0.000000	-0.441093
0.000000	0.067145
0.000000	0.110525
0.000000	0.282529
0.000000	0.163844
0.000000	-0.185303
0.000000	0.452705
0.000000	0.171815
0.000000	-4.627763
1.000000	0.189606
0.000000	0.497475
0.000000	-0.425968
0.000000	0.083850
0.000000	-0.222444
1.000000	0.093782
1.000000	-0.122831
0.000000	-0.212572
0.000000	-0.053448
0.000000	0.198896
0.000000	0.555055
0.000000	-0.178042
0.000000	0.022471
0.000000	-0.134086
0.000000	0.555030
0.000000	0.175184
0.000000	0.695396
0.000000	0.496523
0.000000	0.335774
0.000000	-0.288648
0.000000	0.396166
0.000000	-0.376094
0.000000	0.257378
0.000000	0.458310
1.000000	0.941326
1.000000	0.908061
0.000000	-0.157385
0.000000	0.316875
0.000000	-0.310976
0.000000	0.967887
0.000000	0.095889
0.000000	0.000984
0.000000	-0.183760
0.000000	0.075711
1.000000	0.220000
0.000000	-0.134762
0.000000	-0.524968
0.000000	1.493000
0.000000	3.703887
0.000000	0.077409
0.000000	1.236102
1.000000	-0.330788
0.000000	-1.137472
0.000000	-1.465203
1.000000	1.619293
1.000000	0.919902
0.000000	1.688348
0.000000	1.015622
0.000000	1.816222
1.000000	-0.024699
0.000000	4.423752
1.000000	-0.761274
1.000000	0.156857
0.000000	0.830788
0.000000	-0.282020
0.000000	-1.276376
0.000000	-0.229931
0.000000	-0.749824
0.000000	0.641080
0.000000	2.945992
0.000000	-7.117933
0.000000	-1.034139
0.000000	-0.036591
0.000000	1.918951
1.000000	2.061754
0.000000	0.804735
1.000000	1.048522
0.000000	-0.564503
0.000000	0.726941
0.000000	1.209039
0.000000	-0.889872
0.000000	0.602523
0.000000	0.941942
1.000000	0.008673
0.000000	-2.478833
1.000000	0.792363
0.000000	1.301305
0.000000	-1.391240
0.000000	1.623530
0.000000	-1.753073
0.000000	-0.999987
1.000000	2.412105
1.000000	1.691285
0.000000	-1.601585
0.000000	0.959693
0.000000	1.626228
0.000000	0.031876
0.000000	0.188706
1.000000	1.512770
1.000000	-0.938317
0.000000	0.647929
0.000000	0.178687
0.000000	0.650007
0.000000	0.946735
0.000000	0.647040
0.000000	-0.379616
0.000000	-0.153913
0.000000	0.170690
0.000000	0.445786
0.000000	0.132005
1.000000	0.817513
0.000000	-0.312782
0.000000	0.270374
0.000000	0.395297
1.000000	0.393822
0.000000	-0.050070
1.000000	0.771186
0.000000	-0.221300
0.000000	0.738760
0.000000	-0.806855
0.000000	0.086845
0.000000	-0.604127
0.000000	-0.236059
0.000000	0.247603
0.000000	-0.145654
0.000000	-0.528185
1.000000	1.123479
1.000000	-0.276850
1.000000	-0.072837
0.000000	0.610512
0.000000	-0.202601
0.000000	-3.744907
0.000000	-0.641278
1.000000	0.204636
0.000000	-0.062143
0.000000	0.097998
0.000000	1.255533
0.000000	-0.175471
0.000000	0.035874
0.000000	0.906098
0.000000	-0.391293
0.000000	0.028382
0.000000	-0.278648
0.000000	-0.024793
0.000000	0.319505
1.000000	0.112911
0.000000	0.165428
0.000000	0.053764
0.000000	0.880805
1.000000	0.131801
0.000000	1.122790
0.000000	0.155283
0.000000	-0.304210
0.000000	-0.564466
0.000000	0.225192
0.000000	-0.066978
0.000000	-0.373035
1.000000	0.627011
0.000000	0.641929
0.000000	0.572295
1.000000	0.764864
0.000000	0.128276
0.000000	0.335112
0.000000	-0.987110
0.000000	-0.138247
0.000000	-0.163244
0.000000	-0.150042
0.000000	0.018858
0.000000	0.552196
0.000000	0.133821
0.000000	0.124780
0.000000	0.358492
0.000000	0.156273
0.000000	-0.019815
0.000000	-0.049613
1.000000	0.197741
0.000000	-0.097981
0.000000	-0.222111
1.000000	0.126822
0.000000	0.090378
0.000000	-0.651089
0.000000	1.081341
1.000000	1.498473
0.000000	-0.171043
0.000000	0.254907
0.000000	0.559019
0.000000	-0.050491
1.000000	0.823066
0.000000	-0.195744
0.000000	-1.050242
0.000000	0.014616
0.000000	0.138047
0.000000	-4.775634
1.000000	0.619764
0.000000	-0.003042
0.000000	1.233659
0.000000	0.436155
0.000000	-0.210931
0.000000	0.757520
0.000000	-0.218173
0.000000	0.004635
0.000000	0.101438
0.000000	-0.424025
0.000000	0.253023
0.000000	0.988901
0.000000	-0.068077
0.000000	0.823645
0.000000	-0.526593
0.000000	-0.334604
0.000000	-1.066230
0.000000	-0.394957
0.000000	0.044736
0.000000	-0.152099
0.000000	-0.675045
0.000000	0.181823
0.000000	-0.185842
0.000000	-0.023963
0.000000	0.319432
1.000000	-0.581906
0.000000	-0.638270
0.000000	-0.070724
0.000000	-0.361734
0.000000	0.638384
0.000000	0.866112
0.000000	0.367776
0.000000	0.266337
0.000000	-0.039147
0.000000	0.103443
0.000000	-0.214302
0.000000	0.554927
0.000000	0.194387
1.000000	-0.228242
0.000000	-0.030636
0.000000	1.383740
0.000000	-0.010303
0.000000	-0.668172
1.000000	1.899460
0.000000	0.843636
0.000000	0.530129
0.000000	-0.038574
0.000000	-0.924476
1.000000	0.590203
0.000000	-0.650142
0.000000	-0.247109
0.000000	0.297038
0.000000	-0.487973
1.000000	0.375437
0.000000	-1.137280
0.000000	-0.354540
0.000000	0.280546
0.000000	0.059982
0.000000	0.080779
0.000000	0.168855
0.000000	-4.517894
1.000000	0.632708
0.000000	-0.449316
0.000000	0.174587
0.000000	-0.517613
0.000000	-0.354734
0.000000	-0.549755
0.000000	-0.072820
0.000000	-0.065628
1.000000	0.130333
0.000000	-0.165197
0.000000	-0.589868
0.000000	-0.021909
0.000000	-1.321609
0.000000	-0.909058
0.000000	-0.238500
0.000000	-0.621506
0.000000	0.748692
0.000000	-0.059336
0.000000	-0.261401
0.000000	0.089108
0.000000	-0.350941
0.000000	-0.720584
0.000000	-0.360031
0.000000	-0.183716
0.000000	0.127121
0.000000	-0.971136
0.000000	-0.182771
0.000000	0.012034
1.000000	1.599117
1.000000	0.482938
0.000000	0.031282
0.000000	0.024612
0.000000	-0.142216
0.000000	0.972968
0.000000	-1.644772
0.000000	-1.223095
0.000000	0.438364
0.000000	-0.951360
0.000000	1.094838
1.000000	0.917592
0.000000	0.173716
0.000000	0.811823
0.000000	-1.443325
0.000000	-1.258055
0.000000	0.406741
0.000000	1.396692
0.000000	-0.175698
0.000000	0.465873
0.000000	1.921483
1.000000	1.725496
0.000000	0.824631
0.000000	0.575379
0.000000	1.854629
0.000000	1.584446
0.000000	1.039627
0.000000	-0.890295
0.000000	1.470981
0.000000	-1.787046
0.000000	0.534827
0.000000	3.243320
0.000000	-6.978087
0.000000	2.262258
0.000000	-1.734693
0.000000	0.187664
0.000000	0.992416
0.000000	1.658005
1.000000	0.119364
0.000000	-0.546120
0.000000	0.843512
0.000000	0.158407
0.000000	-0.110688
0.000000	0.504954
0.000000	-0.004534
0.000000	0.488933
0.000000	0.055141
0.000000	-0.445723
0.000000	-1.018693
0.000000	-0.315195
1.000000	-0.163741
0.000000	-0.828695
1.000000	1.428211
0.000000	-2.149769
0.000000	1.030799
1.000000	1.123702
0.000000	-1.945139
0.000000	2.657199
0.000000	-0.064742
0.000000	0.461674
1.000000	1.012607
0.000000	2.305356
0.000000	0.721068
0.000000	0.649795
1.000000	1.376344
0.000000	-0.103069
1.000000	0.050243
0.000000	-0.071551
0.000000	-0.050769
0.000000	-0.258894
1.000000	0.282093
0.000000	-0.498790
0.000000	0.117114
0.000000	0.037140
0.000000	-0.393843
0.000000	0.303252
1.000000	-0.240004
1.000000	0.457345
0.000000	-0.146740
0.000000	0.202015
0.000000	-0.654263
0.000000	-0.106358
0.000000	-0.672914
0.000000	-0.654817
0.000000	-0.619491
0.000000	-0.761773
0.000000	-0.689136
0.000000	0.453281
1.000000	0.287006
1.000000	0.316160
0.000000	0.256779
0.000000	-0.052822
1.000000	0.210197
0.000000	-3.102304
0.000000	0.056000
0.000000	-0.225598
1.000000	-0.086295
0.000000	-0.349350
0.000000	0.336334
1.000000	0.640485
0.000000	0.032617
0.000000	0.039566
0.000000	0.271889
0.000000	-0.085416
0.000000	-0.048459
0.000000	-0.054195
0.000000	-0.011934
0.000000	0.381571
1.000000	0.613776
0.000000	-0.055068
0.000000	-0.377724
0.000000	0.588733
0.000000	-0.338313
0.000000	0.034431
0.000000	-0.315487
1.000000	0.437651
0.000000	0.013847
0.000000	0.360444
1.000000	0.988743
1.000000	0.290622
0.000000	-0.303706
1.000000	0.312019
0.000000	-0.520661
0.000000	-0.198271
0.000000	-0.290954
0.000000	-0.026261
0.000000	-0.383473
0.000000	-0.393247
0.000000	0.083697
0.000000	0.502823
0.000000	-0.055390
1.000000	-0.519275
0.000000	-0.393468
0.000000	-0.111628
0.000000	-0.609293
0.000000	-0.143040
0.000000	0.982172
0.000000	0.428599
1.000000	-0.007875
1.000000	-0.504255
0.000000	0.238305
0.000000	0.210926
0.000000	-0.359448
0.000000	-0.362286
0.000000	0.072058
0.000000	-0.146134
0.000000	0.231272
0.000000	-0.117466
0.000000	-0.432845
0.000000	0.128172
0.000000	0.705374
1.000000	0.187343
0.000000	-0.296986
0.000000	0.379918
0.000000	-3.103083
1.000000	0.000964
0.000000	-0.043396
1.000000	-0.513563
0.000000	-0.584439
0.000000	-0.431408
0.000000	0.267604
1.000000	0.221360
0.000000	-0.389302
0.000000	0.270259
0.000000	-0.243512
0.000000	-0.825672
1.000000	0.570899
0.000000	-0.286829
0.000000	0.143466
0.000000	-0.164447
1.000000	0.681992
1.000000	0.375754
0.000000	0.074238
0.000000	0.476710
0.000000	0.070114
0.000000	-0.266593
0.000000	1.098472
0.000000	-0.752620
0.000000	0.217991
1.000000	0.856018
0.000000	0.350334
1.000000	0.023589
0.000000	-0.135826
0.000000	-0.182477
0.000000	0.018931
0.000000	0.224062
0.000000	0.721372
0.000000	0.205135
0.000000	0.453847
0.000000	0.583671
0.000000	0.920865
0.000000	0.409298
0.000000	-0.320733
0.000000	-0.130302
0.000000	0.087335
0.000000	-0.230385
0.000000	-1.431246
0.000000	0.439934
0.000000	0.054211
1.000000	0.785343
0.000000	-0.042248
0.000000	-0.261587
0.000000	0.168279
0.000000	1.040836
0.000000	0.303280
0.000000	0.057715
0.000000	0.782307
0.000000	-0.035617
0.000000	-0.072706
0.000000	0.323818
0.000000	0.094925
0.000000	-0.324336
0.000000	0.050803
0.000000	0.525293
0.000000	0.574193
0.000000	-4.808514
0.000000	-0.584096
0.000000	-0.284912
0.000000	0.489582
0.000000	0.520525
0.000000	-0.210440
0.000000	-0.062313
0.000000	0.287274
0.000000	-0.060828
0.000000	0.517549
0.000000	0.207173
0.000000	0.516058
0.000000	0.595232
0.000000	0.315552
0.000000	-0.008312
0.000000	0.163079
0.000000	-0.359876
0.000000	-0.276520
0.000000	0.236328
0.000000	0.282980
0.000000	0.035912
0.000000	0.303750
0.000000	0.585354
0.000000	-0.288723
0.000000	0.633523
0.000000	0.232657
1.000000	-0.610916
0.000000	0.401713
0.000000	0.395583
0.000000	0.343641
1.000000	-0.147444
1.000000	-0.120195
0.000000	0.366776
0.000000	-0.084717
0.000000	-0.523687
0.000000	-1.017733
0.000000	0.843337
0.000000	0.093785
0.000000	-0.039047
0.000000	0.078749
0.000000	-0.766324
0.000000	-0.397944
0.000000	0.203019
0.000000	0.712768
0.000000	-0.254299
0.000000	0.226565
0.000000	-0.363998
0.000000	0.259118
0.000000	-0.073178
0.000000	0.200423
0.000000	-0.085269
0.000000	0.917648
0.000000	0.177429
0.000000	-0.162742
0.000000	-0.145966
0.000000	0.540206
0.000000	-0.095080
0.000000	0.376700
0.000000	-1.499875
0.000000	2.054463
0.000000	-0.145933
0.000000	-5.363543
1.000000	-0.349633
0.000000	-0.535604
0.000000	0.209487
0.000000	0.255529
0.000000	-0.208424
0.000000	-0.159259
0.000000	0.151611
0.000000	-0.594961
0.000000	0.462908
0.000000	0.105449
0.000000	-0.204403
0.000000	0.402377
0.000000	0.217318
1.000000	0.122466
0.000000	-1.465873
0.000000	-0.381137
0.000000	-0.330872
0.000000	-0.015756
0.000000	0.011601
0.000000	0.958116
0.000000	0.248303
1.000000	0.027730
0.000000	0.568441
1.000000	0.342355
1.000000	0.093726
0.000000	-0.114627
0.000000	-0.512014
1.000000	0.285498
0.000000	-0.246295
0.000000	0.482438
0.000000	-0.033434
0.000000	0.072778
0.000000	-0.227640
0.000000	-0.248276
0.000000	-1.661352
0.000000	-0.010797
0.000000	-0.479170
0.000000	-0.520844
0.000000	-1.180566
0.000000	-0.114345
1.000000	1.466180
0.000000	-0.739499
0.000000	0.167142
1.000000	0.295064
0.000000	-0.297135
1.000000	0.434061
1.000000	1.242685
0.000000	0.062976
0.000000	-1.399889
0.000000	0.860716
0.000000	0.690108
0.000000	-0.100744
1.000000	1.206085
0.000000	-0.083002
0.000000	-0.513207
0.000000	-0.039148
1.000000	-1.310829
0.000000	-0.686705
0.000000	-0.510431
0.000000	0.130704
0.000000	-4.254304
0.000000	-0.400503
0.000000	0.155407
0.000000	-0.594865
1.000000	0.818409
0.000000	-0.305846
0.000000	0.137609
0.000000	-0.529093
0.000000	-0.494115
0.000000	0.311694
1.000000	-1.217027
0.000000	0.412431
1.000000	-0.402343
0.000000	-0.074411
0.000000	-0.957926
0.000000	-0.067789
0.000000	0.031049
0.000000	-0.211099
0.000000	-0.177264
0.000000	0.246739
0.000000	-0.472456
0.000000	-0.082161
0.000000	0.077158
0.000000	0.091158
1.000000	0.797215
0.000000	0.240841
0.000000	-0.192270
0.000000	0.270493
1.000000	0.158556
1.000000	-0.236409
0.000000	0.004768
0.000000	-0.417915
0.000000	-1.157141
0.000000	-0.634299
0.000000	-0.951919
0.000000	0.284255
0.000000	-0.672147
1.000000	0.671732
0.000000	-1.867825
1.000000	0.057221
0.000000	0.510639
0.000000	-0.470664
0.000000	-1.265128
1.000000	1.441640
0.000000	-0.025892
1.000000	-0.099477
0.000000	-0.746491
0.000000	0.857920
1.000000	-1.128856
0.000000	-0.725224
0.000000	-0.222772
0.000000	-0.160178
0.000000	-1.148995
0.000000	-0.471290
0.000000	-0.230096
0.000000	-0.155111
0.000000	0.053606
0.000000	-0.545323
0.000000	0.744523
0.000000	-0.157601
0.000000	-0.827824
1.000000	-4.984642
0.000000	-0.319263
0.000000	-0.319540
1.000000	0.279831
0.000000	0.319646
0.000000	-0.135597
0.000000	-0.373526
0.000000	0.017651
0.000000	0.970225
1.000000	0.114283
0.000000	0.023108
0.000000	0.125958
1.000000	0.025855
0.000000	-0.345565
1.000000	-0.681313
0.000000	-1.142386
0.000000	-0.816347
0.000000	0.296797
0.000000	1.201499
0.000000	-0.964912
0.000000	-0.102011
0.000000	0.235407
0.000000	-0.878815
0.000000	-0.359348
0.000000	0.210785
0.000000	-0.012825
0.000000	-0.064951
0.000000	0.611515
1.000000	0.108858
0.000000	0.022218
0.000000	0.147576
1.000000	1.778811
0.000000	-0.992828
0.000000	-0.649684
0.000000	0.283837
0.000000	-0.578629
0.000000	1.940615
0.000000	0.736005
0.000000	0.877093
0.000000	-0.270333
0.000000	0.892312
0.000000	-0.998129
0.000000	-1.358923
0.000000	0.428236
0.000000	-0.947962
0.000000	0.121046
0.000000	-0.160192
0.000000	0.431227
0.000000	-0.503380
1.000000	0.646553
0.000000	-0.203107
0.000000	-1.516770
0.000000	1.918016
0.000000	-0.490864
0.000000	-0.264408
1.000000	0.073261
0.000000	-0.713093
0.000000	0.831053
0.000000	0.201298
1.000000	-0.112434
0.000000	-0.202056
0.000000	-7.001191
0.000000	0.067391
0.000000	0.097067
0.000000	-1.559746
0.000000	-0.300929
0.000000	0.128981
0.000000	1.404587
0.000000	3.039928
0.000000	1.776029
0.000000	0.371141
0.000000	0.212352
0.000000	-0.112858
0.000000	1.257539
0.000000	-0.208058
0.000000	0.509295
0.000000	-0.033462
0.000000	-0.222707
0.000000	0.973566
0.000000	-1.774588
0.000000	0.328437
1.000000	0.504670
0.000000	-0.716087
0.000000	-0.857862
1.000000	0.417417
0.000000	-0.513801
1.000000	1.174200
0.000000	-0.268877
1.000000	1.191869
0.000000	-0.212394
0.000000	-0.343127
0.000000	0.907229
0.000000	0.068800
0.000000	-0.330674
0.000000	0.524416
0.000000	0.134164
0.000000	-0.893492
0.000000	2.130256
0.000000	-0.313565
0.000000	-0.242183
0.000000	-0.547759
1.000000	1.770194
0.000000	0.820998
0.000000	0.260196
0.000000	1.704115
0.000000	2.559663
0.000000	-0.773826
0.000000	-0.885090
0.000000	-0.058207
1.000000	0.699255
0.000000	0.162451
0.000000	0.390763
0.000000	-1.852693
0.000000	-0.121145
0.000000	0.723457
0.000000	-0.499283
0.000000	1.556258
0.000000	-0.763746
0.000000	1.189840
1.000000	-1.215709
0.000000	-0.652403
0.000000	-0.273798
1.000000	-6.846607
0.000000	0.899847
0.000000	-1.485176
0.000000	-0.305311
0.000000	-1.260425
0.000000	-2.155506
1.000000	1.875561
1.000000	-0.906258
1.000000	1.584716
0.000000	0.219352
0.000000	-0.125289
0.000000	-0.435916
1.000000	0.219495
0.000000	-0.104949
0.000000	0.743984
0.000000	0.937511
0.000000	-0.930920
0.000000	-1.012794
0.000000	-0.270933
0.000000	0.213895
0.000000	-0.100694
0.000000	-0.221261
0.000000	1.192966
0.000000	-0.140152
0.000000	0.092295
1.000000	0.463413
0.000000	-1.628054
0.000000	0.072427
1.000000	2.451672
0.000000	1.582732
1.000000	1.318581
0.000000	-0.531195
1.000000	0.947971
1.000000	0.708404
1.000000	0.838475
1.000000	-0.744504
0.000000	-1.221758
0.000000	-0.988718
0.000000	0.256045
1.000000	-0.398756
0.000000	-1.917588
0.000000	0.331354
0.000000	0.961938
0.000000	0.827658
0.000000	-0.321436
0.000000	2.794052
0.000000	0.371674
0.000000	-0.364869
0.000000	0.033266
0.000000	1.985455
1.000000	2.537012
0.000000	-0.977527
0.000000	0.546739
0.000000	-0.535936
0.000000	1.268285
0.000000	-1.082118
1.000000	-0.563723
0.000000	2.498945
0.000000	-1.166519
0.000000	0.296508
0.000000	1.120903
0.000000	-7.205056
0.000000	1.207654
1.000000	0.635494
0.000000	-1.312022
0.000000	1.015651
0.000000	0.793763
0.000000	0.107698
0.000000	2.019439
0.000000	1.026710
1.000000	1.404917
0.000000	0.317521
0.000000	0.751514
0.000000	-1.122212
0.000000	-0.471313
0.000000	-0.106378
0.000000	-0.086627
0.000000	-0.616128
1.000000	-0.017274
0.000000	0.594204
0.000000	1.736761
0.000000	2.657733
0.000000	-1.128075
0.000000	0.149513
0.000000	-0.180952
0.000000	-0.100823
1.000000	0.929693
0.000000	0.790122
0.000000	0.036931
1.000000	-1.254063
0.000000	0.325748
0.000000	-0.418422
1.000000	0.050725
1.000000	0.740682
0.000000	-0.011024
0.000000	-0.175771
1.000000	0.166032
0.000000	-0.006778
0.000000	0.518366
0.000000	0.468181
0.000000	-0.637634
0.000000	-0.201528
0.000000	0.344060
0.000000	0.829750
0.000000	0.396996
0.000000	0.582264
0.000000	-0.281240
0.000000	0.576290
0.000000	-0.079546
0.000000	0.230682
0.000000	-0.195446
0.000000	-0.344570
0.000000	0.030703
0.000000	-0.543504
0.000000	0.156350
0.000000	-0.664121
0.000000	-0.207044
0.000000	-0.140629
0.000000	-0.133595
1.000000	0.820036
0.000000	-0.370201
0.000000	0.276403
0.000000	-3.350271
0.000000	-0.192881
0.000000	0.084536
0.000000	-0.040640
0.000000	-0.682820
1.000000	0.489589
0.000000	0.251109
0.000000	-0.520842
0.000000	0.045817
0.000000	-0.069499
1.000000	0.271963
1.000000	0.809793
0.000000	0.504906
1.000000	0.540876
0.000000	0.458438
0.000000	0.653007
0.000000	0.211770
0.000000	0.405661
0.000000	-0.221528
0.000000	-0.308944
0.000000	0.413768
0.000000	0.476543
0.000000	-0.177918
0.000000	0.184927
0.000000	1.931245
0.000000	1.741823
0.000000	0.820406
0.000000	0.333747
0.000000	1.185445
0.000000	2.468263
0.000000	1.002225
1.000000	0.043547
0.000000	1.321352
1.000000	-0.697657
0.000000	-2.929564
0.000000	0.690299
0.000000	0.308710
0.000000	0.354740
0.000000	-0.488057
1.000000	0.653867
0.000000	0.288170
0.000000	-0.075920
0.000000	2.470254
0.000000	0.736845
0.000000	-1.147877
1.000000	0.992211
0.000000	0.569080
0.000000	-0.659299
0.000000	0.332046
0.000000	-0.085555
0.000000	0.594605
0.000000	0.870404
0.000000	-0.047406
0.000000	0.350839
0.000000	1.760232
0.000000	-0.944483
1.000000	0.725336
0.000000	0.395906
0.000000	-0.014170
0.000000	1.211747
0.000000	0.100276
0.000000	-7.290061
1.000000	-1.879518
0.000000	-2.448427
1.000000	0.084502
0.000000	1.256731
0.000000	-0.265780
0.000000	-0.920316
0.000000	0.986472
0.000000	0.077079
0.000000	-0.533143
0.000000	-0.205372
0.000000	0.868528
0.000000	0.406664
0.000000	1.009978
0.000000	-0.674552
1.000000	1.717568
0.000000	0.079524
0.000000	0.460512
0.000000	0.095286
0.000000	0.632832
0.000000	-0.301609
0.000000	0.105622
0.000000	-0.050469
0.000000	-0.759844
0.000000	-0.336434
0.000000	-0.321584
0.000000	0.796632
0.000000	0.583005
0.000000	0.289952
0.000000	-0.010697
0.000000	-0.358731
0.000000	0.116760
0.000000	-0.265224
0.000000	-0.301613
0.000000	-0.000268
0.000000	-0.320694
0.000000	0.541736
0.000000	-0.704266
0.000000	-0.233357
0.000000	0.268878
1.000000	0.082381
0.000000	0.027394
0.000000	0.457359
0.000000	-0.615138
1.000000	0.429410
1.000000	0.648452
0.000000	-0.572335
0.000000	-0.171979
0.000000	-0.095888
0.000000	-0.075057
0.000000	-0.895340
0.000000	1.045940
0.000000	0.072164
0.000000	0.165211
0.000000	0.296792
0.000000	-0.098553
1.000000	0.255510
0.000000	-0.437667
0.000000	-0.151598
1.000000	-0.084818
0.000000	-0.518211
0.000000	-3.213336
0.000000	-0.381843
0.000000	-0.436744
0.000000	-0.220092
0.000000	0.329383
0.000000	-0.289288
0.000000	-0.110007
0.000000	0.697081
0.000000	-0.424480
0.000000	-1.531608
0.000000	-0.064723
1.000000	0.696419
0.000000	-1.198640
0.000000	0.126132
1.000000	0.639668
0.000000	-0.137747
0.000000	0.159981
0.000000	0.008856
0.000000	-0.937456
0.000000	0.018204
0.000000	-0.344534
0.000000	0.338670
0.000000	-0.334527
0.000000	0.240415
1.000000	0.577561
0.000000	-0.132347
0.000000	1.166398
0.000000	-0.324195
0.000000	-0.106176
1.000000	0.660204
0.000000	-0.811056
1.000000	0.136117
0.000000	0.014893
0.000000	-0.168885
0.000000	0.487584
1.000000	0.334559
0.000000	0.383659
0.000000	0.252511
1.000000	1.095997
0.000000	-0.500248
0.000000	0.618818
0.000000	-0.565472
0.000000	0.316123
0.000000	0.540011
0.000000	-0.268111
0.000000	-0.891936
0.000000	0.193539
0.000000	-0.295741
0.000000	-0.093852
1.000000	0.679596
0.000000	-0.233901
0.000000	0.098996
0.000000	-0.705404
1.000000	-0.380125
0.000000	0.413715
0.000000	0.396373
0.000000	-0.235446
0.000000	0.175635
0.000000	0.056551
1.000000	0.080662
0.000000	-0.272587
0.000000	-3.338414
0.000000	0.067465
0.000000	0.025439
0.000000	0.661209
0.000000	0.438497
0.000000	-0.482356
0.000000	-0.923144
0.000000	-0.518169
0.000000	-0.000154
0.000000	0.226271
0.000000	0.078486
1.000000	-0.019933
0.000000	0.288302
0.000000	-0.069163
0.000000	0.036206
0.000000	0.742579
0.000000	-0.050336
0.000000	-0.165833
0.000000	0.135996
1.000000	0.653260
0.000000	-0.213089
0.000000	0.405839
0.000000	-1.239764
1.000000	0.782292
0.000000	0.121722
0.000000	0.022048
0.000000	0.401729
0.000000	-0.021752
0.000000	0.223677
1.000000	0.011895
0.000000	-0.497295
0.000000	-0.224560
0.000000	-0.484130
0.000000	-0.012396
0.000000	0.304822
0.000000	-0.051567
0.000000	0.014340
1.000000	0.234684
0.000000	-0.569061
0.000000	0.088855
0.000000	-0.164971
1.000000	0.086257
0.000000	-0.371571
0.000000	-0.051693
0.000000	0.833631
0.000000	-0.264315
0.000000	-0.661796
1.000000	0.320880
0.000000	-0.315271
0.000000	-0.010993
0.000000	0.108173
0.000000	-0.129518
0.000000	0.224867
0.000000	0.258588
0.000000	0.433319
0.000000	-0.128660
1.000000	0.153756
0.000000	-0.228579
0.000000	-0.064392
0.000000	-0.472779
1.000000	-0.612140
1.000000	-3.154643
0.000000	-0.873770
0.000000	-0.508220
0.000000	-0.050227
0.000000	-0.481695
1.000000	-0.173890
0.000000	-0.291405
0.000000	-0.199953
0.000000	0.421395
0.000000	-0.119236
1.000000	-0.095053
0.000000	0.554982
0.000000	-0.072377
0.000000	-0.124400
0.000000	-0.277589
1.000000	0.523013
0.000000	-0.352887
1.000000	1.081945
0.000000	-0.069421
1.000000	0.600702
0.000000	-0.144567
0.000000	-0.082345
0.000000	-0.164111
0.000000	-0.432658
0.000000	0.677546
0.000000	0.370245
1.000000	0.438527
1.000000	0.402154
0.000000	-0.231636
0.000000	0.712605
0.000000	0.898361
0.000000	-0.032065
0.000000	0.203535
0.000000	0.812006
0.000000	0.392176
0.000000	0.167172
0.000000	0.980749
1.000000	0.640908
0.000000	0.435948
0.000000	-0.067216
1.000000	-0.097741
0.000000	-0.742298
0.000000	0.063197
0.000000	0.601503
0.000000	-0.720881
0.000000	0.113544
0.000000	-0.106145
0.000000	-0.457323
0.000000	0.265086
0.000000	-0.730961
0.000000	-0.093360
0.000000	-0.281251
0.000000	0.193114
1.000000	1.023001
0.000000	-0.322482
0.000000	-0.023283
0.000000	0.594971
0.000000	-0.123994
1.000000	-0.657605
0.000000	-0.314428
0.000000	-0.091930
0.000000	-4.144549
0.000000	-0.155415
0.000000	-0.748175
0.000000	-0.119264
0.000000	-0.001615
0.000000	-0.302615
1.000000	-0.209311
0.000000	-0.208448
0.000000	-0.271614
0.000000	-0.384824
0.000000	-0.006636
0.000000	-0.310605
0.000000	-0.111345
0.000000	1.309291
1.000000	0.340237
0.000000	-0.188578
0.000000	0.165651
0.000000	-0.112129
0.000000	0.029533
0.000000	0.374027
0.000000	-0.360488
1.000000	0.142292
0.000000	1.059238
0.000000	-0.592614
0.000000	-0.638483
0.000000	-0.031670
0.000000	0.152878
0.000000	-0.193313
0.000000	0.533668
0.000000	-0.020983
0.000000	0.265698
0.000000	-0.258683
1.000000	0.805075
0.000000	0.957590
0.000000	0.097616
1.000000	0.123647
0.000000	-0.572704
0.000000	0.294783
0.000000	0.605872
0.000000	0.377770
1.000000	0.520404
0.000000	-0.218459
0.000000	0.525751
0.000000	0.663637
0.000000	0.806625
0.000000	0.124571
0.000000	0.289558
0.000000	-0.991082
0.000000	0.747107
0.000000	-0.051195
0.000000	0.896664
0.000000	0.750696
0.000000	-0.094535
0.000000	0.604036
0.000000	0.264194
0.000000	0.296215
0.000000	-0.047847
0.000000	2.430169
0.000000	0.829246
1.000000	0.307305
0.000000	0.014016
0.000000	-5.520994
1.000000	-0.368485
0.000000	0.410263
0.000000	0.197700
0.000000	0.311256
0.000000	-0.727443
0.000000	0.717966
0.000000	-0.284716
0.000000	0.228483
0.000000	-0.475898
0.000000	-0.291834
0.000000	-0.255838
0.000000	-0.210753
0.000000	0.257942
0.000000	0.512521
0.000000	-0.523783
0.000000	0.135123
0.000000	0.072063
0.000000	0.672249
0.000000	0.170492
1.000000	0.385225
0.000000	-0.841901
0.000000	-0.318279
1.000000	0.611719
0.000000	0.114053
0.000000	0.021432
0.000000	0.063918
0.000000	0.573775
0.000000	0.553883
0.000000	0.361204
0.000000	0.226664
0.000000	-0.323007
0.000000	-0.436344
0.000000	-0.221988
0.000000	0.972722
0.000000	-0.170078
0.000000	0.061953
0.000000	1.416229
1.000000	0.454327
0.000000	-0.536273
0.000000	0.187957
1.000000	0.652542
0.000000	-0.767821
0.000000	-0.326332
0.000000	-0.037402
0.000000	-0.005665
0.000000	1.101961
1.000000	-0.569788
0.000000	-0.094521
1.000000	0.534927
0.000000	-0.065108
0.000000	0.043804
0.000000	0.128888
0.000000	0.097526
0.000000	0.061275
0.000000	0.122245
0.000000	0.363627
0.000000	1.657382
0.000000	0.123918
0.000000	0.085157
1.000000	-0.884143
1.000000	-5.774477
0.000000	0.047949
0.000000	0.776989
0.000000	0.203093
0.000000	0.249318
0.000000	0.203664
1.000000	0.755534
0.000000	0.300125
0.000000	0.801281
0.000000	0.192689
0.000000	0.190027
0.000000	0.558418
0.000000	0.786724
0.000000	0.575104
0.000000	0.307718
0.000000	0.055008
1.000000	1.296807
0.000000	0.714180
0.000000	3.579420
0.000000	0.240549
0.000000	0.774402
0.000000	1.572912
0.000000	-0.306445
0.000000	0.809831
0.000000	1.214160
0.000000	0.740876
0.000000	2.198840
0.000000	-0.507930
0.000000	1.579688
0.000000	1.031046
0.000000	0.521675
0.000000	1.623272
1.000000	1.258805
0.000000	0.202069
0.000000	1.274758
0.000000	1.896372
0.000000	1.607914
0.000000	-0.016539
0.000000	1.140227
1.000000	1.118019
0.000000	1.579688
0.000000	1.465274
0.000000	1.291016
0.000000	-0.103430
1.000000	0.958663
0.000000	1.952957
1.000000	1.464688
0.000000	0.784070
0.000000	1.028251
0.000000	1.048498
0.000000	0.901828
0.000000	0.311197
0.000000	0.918270
1.000000	1.404029
0.000000	0.782908
0.000000	-0.038878
0.000000	0.572023
0.000000	0.823073
1.000000	0.848874
0.000000	0.417973
1.000000	1.207387
0.000000	-6.659427
0.000000	2.317883
0.000000	0.294175
0.000000	-0.277166
0.000000	-0.168504
0.000000	0.868513
1.000000	2.668399
0.000000	1.333557
0.000000	0.444261
0.000000	0.025467
0.000000	0.079830
1.000000	0.064235
0.000000	1.647035
0.000000	0.142383
0.000000	0.536123
0.000000	-0.504958
0.000000	-0.624449
0.000000	-0.033621
0.000000	0.014276
0.000000	-0.901327
0.000000	0.015123
0.000000	1.126984
0.000000	-0.176038
0.000000	0.013333
0.000000	-0.546910
0.000000	-0.163942
0.000000	-0.170034
1.000000	0.078918
0.000000	0.175415
0.000000	1.171068
0.000000	0.534162
0.000000	-0.043941
0.000000	0.446735
0.000000	1.038808
0.000000	0.450308
0.000000	-0.641154
0.000000	-0.379659
0.000000	0.465942
0.000000	-0.126747
0.000000	-1.102681
0.000000	-0.315715
0.000000	0.312741
1.000000	0.490193
0.000000	0.558914
1.000000	1.858516
0.000000	-0.073269
0.000000	-0.547073
1.000000	-0.127510
1.000000	0.437488
0.000000	0.624484
0.000000	-0.197393
0.000000	0.234813
0.000000	0.238524
0.000000	-0.037711
1.000000	0.187508
0.000000	0.006733
0.000000	-0.488676
0.000000	-0.004696
1.000000	0.683009
0.000000	-0.125851
0.000000	0.310316
0.000000	-3.332057
1.000000	0.754587
0.000000	0.100486
1.000000	1.515981
0.000000	-0.236490
0.000000	-0.474806
0.000000	1.227163
0.000000	0.192747
0.000000	-0.198697
0.000000	0.967453
0.000000	-0.251065
0.000000	-0.310522
1.000000	1.221116
0.000000	-0.215493
0.000000	0.613371
0.000000	-0.175486
1.000000	-0.008170
0.000000	0.283286
0.000000	0.052333
0.000000	0.048552
0.000000	0.708344
0.000000	0.122072
0.000000	0.257173
0.000000	-0.302550
0.000000	-0.889886
0.000000	1.074570
1.000000	-0.234767
0.000000	0.662990
0.000000	-0.214614
0.000000	0.231905
1.000000	0.348208
1.000000	0.349100
0.000000	-0.524653
0.000000	-0.022387
0.000000	-0.369186
0.000000	0.669503
0.000000	0.985978
0.000000	-0.169271
0.000000	-0.376821
0.000000	0.281896
0.000000	-0.000233
1.000000	0.705853
1.000000	-1.531694
0.000000	-0.884419
0.000000	-0.035718
0.000000	-0.371385
0.000000	-0.656655
0.000000	0.085601
0.000000	0.301671
0.000000	0.324989
0.000000	0.433527
0.000000	-0.675043
0.000000	-0.115312
0.000000	0.823078
0.000000	-0.921479
0.000000	-0.158355
0.000000	-0.356300
0.000000	0.336099
0.000000	0.860881
1.000000	0.044419
0.000000	0.678021
0.000000	-6.393512
0.000000	-0.870128
0.000000	-0.007145
0.000000	-0.339760
0.000000	0.865062
0.000000	-1.182578
0.000000	-0.419419
0.000000	-0.065939
0.000000	1.074457
0.000000	-0.327197
0.000000	0.478551
1.000000	0.851387
0.000000	-0.387582
0.000000	-0.016267
0.000000	-1.043825
0.000000	0.567963
1.000000	0.587974
0.000000	-0.269353
0.000000	-0.324613
0.000000	-0.461998
0.000000	0.265984
0.000000	-0.272470
0.000000	-0.367247
0.000000	-0.798182
0.000000	0.340065
0.000000	0.273738
0.000000	-0.814532
0.000000	-0.169675
0.000000	0.054223
0.000000	-0.109920
0.000000	-0.127905
0.000000	0.382522
0.000000	0.235496
0.000000	-0.423795
0.000000	0.015592
0.000000	0.104699
0.000000	0.091561
0.000000	-0.263943
0.000000	-0.320760
0.000000	0.205538
0.000000	-0.529743
0.000000	-0.781404
0.000000	0.573426
0.000000	0.079706
0.000000	0.196067
0.000000	-0.468714
0.000000	-0.928980
0.000000	-0.052528
0.000000	-0.042053
0.000000	-0.067336
1.000000	0.460547
0.000000	0.074510
0.000000	-0.750463
0.000000	0.138724
0.000000	-0.356775
0.000000	-1.529252
0.000000	-0.414094
0.000000	0.279458
0.000000	-0.596085
1.000000	-0.153668
1.000000	-0.300464
0.000000	-4.132129
0.000000	-0.966179
0.000000	-0.119775
0.000000	0.265134
1.000000	-0.024806
0.000000	-0.054647
0.000000	0.264765
1.000000	0.345356
0.000000	0.653547
0.000000	0.198529
0.000000	-0.417938
1.000000	0.408808
1.000000	0.467154
0.000000	-0.356105
0.000000	0.269113
0.000000	0.339345
0.000000	0.232863
0.000000	0.292152
0.000000	-0.607952
1.000000	0.511938
0.000000	-0.604886
0.000000	0.516594
0.000000	-0.710490
0.000000	0.007754
0.000000	0.322477
0.000000	1.103087
1.000000	-0.755271
0.000000	0.654915
0.000000	0.070469
1.000000	0.713144
0.000000	-0.562908
0.000000	-1.132119
0.000000	-0.914602
0.000000	-0.256560
0.000000	-0.903192
0.000000	-0.197157
0.000000	0.200644
0.000000	-0.007820
0.000000	0.382807
0.000000	-0.044086
0.000000	-1.032826
0.000000	0.224809
0.000000	0.227367
0.000000	0.908719
0.000000	-0.398954
0.000000	-1.106806
0.000000	-0.215839
0.000000	0.444262
0.000000	-0.351888
0.000000	0.433750
0.000000	0.163058
0.000000	-0.329963
0.000000	0.669550
1.000000	0.931733
0.000000	-0.050601
1.000000	0.995459
0.000000	-0.100615
0.000000	-0.695173
0.000000	1.037422
1.000000	-0.253949
0.000000	-0.715010
0.000000	-6.590787
0.000000	-0.187707
0.000000	2.124486
0.000000	-1.716891
0.000000	0.432508
0.000000	-0.032026
0.000000	-1.223092
0.000000	-0.305152
0.000000	-0.244428
0.000000	-0.529699
1.000000	0.176952
0.000000	-0.020245
-1.000000	-1.564072
0.000000	-0.555546
0.000000	0.283246
-1.000000	-2.313917
-1.000000	-0.604466
-1.000000	0.611633
0.000000	0.154118
0.000000	0.848604
0.000000	-0.333079
0.000000	-1.048626
-1.000000	0.184406
0.000000	0.459341
0.000000	1.036017
-1.000000	-2.133115
0.000000	-0.719535
0.000000	0.231755
0.000000	-2.038876
0.000000	1.379882
0.000000	-0.845446
0.000000	1.833355
0.000000	0.471524
0.000000	-0.943575
0.000000	-0.168942
0.000000	0.267907
-1.000000	0.795368
0.000000	-1.389947
0.000000	0.699056
-1.000000	0.040248
-1.000000	0.293406
-1.000000	0.229640
0.000000	-0.798902
-1.000000	-0.800568
0.000000	0.813385
0.000000	-0.103807
0.000000	1.184451
0.000000	-0.080479
-1.000000	0.172433
0.000000	0.548347
0.000000	0.569758
0.000000	-0.618975
-1.000000	0.114985
-1.000000	-1.727767
0.000000	-0.529356
0.000000	1.363271
0.000000	0.637749
-1.000000	-3.127804
0.000000	-0.307864
0.000000	0.819753
0.000000	-0.049478
0.000000	-7.105050
0.000000	1.604156
0.000000	1.262442
0.000000	-0.108015
0.000000	-0.304101
-1.000000	-1.974443
-1.000000	-3.492434
0.000000	-0.432931
0.000000	0.796648
0.000000	0.628567
0.000000	-0.283064
0.000000	-0.264302
0.000000	-0.455519
0.000000	0.077851
0.000000	0.698717
0.000000	0.047264
-1.000000	0.574896
0.000000	0.077190
0.000000	0.156037
0.000000	0.441743
-1.000000	0.867743
0.000000	-0.330854
-1.000000	-1.345736
0.000000	0.076838
0.000000	1.011643
0.000000	0.201063
0.000000	0.169573
0.000000	-0.326283
-1.000000	-0.647266
0.000000	-0.498850
-1.000000	0.153526
0.000000	0.606104
0.000000	-0.454880
0.000000	-0.101752
0.000000	0.838552
0.000000	-0.594081
0.000000	0.801478
0.000000	0.089496
-1.000000	1.083744
0.000000	0.503719
0.000000	0.217341
0.000000	0.579097
0.000000	0.446842
0.000000	0.854705
0.000000	-0.039746
0.000000	0.276385
0.000000	-0.392067
0.000000	0.387573
0.000000	-0.053662
0.000000	0.751341
0.000000	-0.089922
0.000000	-0.378963
0.000000	0.581559
0.000000	-0.320164
0.000000	0.110476
0.000000	0.359280
0.000000	0.177187
0.000000	0.617961
0.000000	0.552923
0.000000	0.690946
0.000000	0.290854
-1.000000	-3.115977
0.000000	0.387447
0.000000	0.240741
0.000000	-0.372759
0.000000	0.704185
0.000000	0.472003
0.000000	-0.411178
0.000000	0.110906
0.000000	0.039947
0.000000	0.085012
-1.000000	0.060232
-1.000000	-0.641615
-1.000000	-2.222590
0.000000	1.962532
0.000000	-0.022243
0.000000	0.887540
0.000000	0.339343
-1.000000	-2.617860
0.000000	0.817827
0.000000	2.088857
0.000000	1.481802
0.000000	0.102710
-1.000000	0.510385
0.000000	-0.484418
0.000000	-0.487948
0.000000	-0.219571
0.000000	1.591623
-1.000000	-1.732701
-1.000000	0.516588
-1.000000	0.062476
0.000000	0.134556
0.000000	-0.590303
0.000000	0.203947
0.000000	1.033826
0.000000	0.886385
-1.000000	-0.702718
0.000000	0.297426
0.000000	-0.131169
0.000000	-0.392585
0.000000	1.064521
0.000000	1.124193
0.000000	0.123342
-1.000000	-0.910559
0.000000	-0.509833
0.000000	0.031880
0.000000	-0.013819
-1.000000	0.396838
0.000000	0.152821
0.000000	-0.110898
0.000000	0.776837
0.000000	0.574276
-1.000000	-0.877188
0.000000	-0.507507
-1.000000	-0.647894
0.000000	-0.026385
0.000000	1.614896
0.000000	0.041769
0.000000	0.465361
0.000000	-0.361608
0.000000	0.755016
-1.000000	0.807892
0.000000	-3.375126
0.000000	0.291446
0.000000	-0.305955
0.000000	-0.115090
0.000000	0.987337
0.000000	0.387276
0.000000	-0.275724
0.000000	0.253027
0.000000	0.370413
0.000000	-0.053379
0.000000	0.022327
0.000000	0.523561
0.000000	0.775068
0.000000	0.485405
0.000000	0.044974
0.000000	-0.336483
0.000000	0.571250
0.000000	-0.894562
0.000000	-0.803653
0.000000	1.028259
0.000000	0.760160
0.000000	0.709277
0.000000	-0.447545
-1.000000	-0.408435
0.000000	0.158896
0.000000	0.649541
0.000000	2.878918
0.000000	-0.233188
0.000000	-0.848210
-1.000000	-0.398481
0.000000	0.399232
0.000000	0.440436
0.000000	0.275144
0.000000	0.024125
0.000000	-1.289281
0.000000	-0.409302
0.000000	1.724420
0.000000	1.489816
0.000000	-0.314790
0.000000	-1.320948
0.000000	0.164960
0.000000	-0.427437
0.000000	0.280036
0.000000	-0.090510
0.000000	0.190367
0.000000	0.096832
0.000000	0.717391
0.000000	1.203564
0.000000	1.962533
0.000000	-1.147138
0.000000	-0.089996
0.000000	-0.472510
0.000000	-0.238117
0.000000	0.020039
0.000000	1.272262
0.000000	0.166300
0.000000	0.459805
0.000000	0.114761
0.000000	-0.096229
0.000000	0.551407
0.000000	0.850800
-1.000000	-6.999658
0.000000	0.158991
0.000000	0.771392
0.000000	0.043771
0.000000	0.241799
0.000000	0.764404
0.000000	0.076065
0.000000	1.528617
0.000000	0.572026
0.000000	0.894242
0.000000	0.394173
0.000000	2.056083
-1.000000	2.047225
-1.000000	2.169530
0.000000	0.107440
0.000000	0.454796
0.000000	1.631705
0.000000	0.846470
0.000000	1.901841
0.000000	-0.021563
0.000000	0.792815
0.000000	3.671424
0.000000	0.474568
0.000000	0.363843
0.000000	-0.101645
0.000000	0.931969
0.000000	1.691509
0.000000	0.549907
0.000000	0.772560
0.000000	-0.524414
0.000000	0.266053
0.000000	2.585591
0.000000	0.159701
0.000000	1.830825
0.000000	0.260295
-1.000000	2.298870
0.000000	2.284065
-1.000000	3.154204
0.000000	3.318700
0.000000	2.101680
0.000000	2.632470
0.000000	1.019710
0.000000	0.364469
0.000000	0.593918
0.000000	2.257773
0.000000	0.255434
0.000000	1.320589
0.000000	0.491306
0.000000	-1.267640
0.000000	1.336923
-1.000000	-0.281209
0.000000	1.763477
-1.000000	-0.414389
0.000000	0.086214
0.000000	1.093746
0.000000	1.756626
0.000000	1.073166
0.000000	0.528261
-1.000000	-1.834902
-1.000000	-0.029467
0.000000	0.761104
0.000000	-7.184692
0.000000	-0.057058
0.000000	2.306985
0.000000	1.738742
0.000000	0.027542
0.000000	0.482990
0.000000	0.199276
0.000000	0.939407
0.000000	-0.101691
0.000000	-0.168418
0.000000	-0.186660
0.000000	0.576149
-1.000000	0.742163
0.000000	0.097410
0.000000	-0.248182
0.000000	0.223571
0.000000	0.646406
0.000000	0.597288
0.000000	0.060680
0.000000	1.058676
-1.000000	-1.570132
-1.000000	-1.711617
0.000000	0.140353
0.000000	-0.214923
0.000000	-0.723114
-1.000000	-0.166423
0.000000	-0.136631
0.000000	0.030830
0.000000	0.300612
0.000000	0.076241
-1.000000	-1.799371
0.000000	0.012665
0.000000	0.888802
0.000000	0.123281
0.000000	0.797321
0.000000	0.332308
0.000000	0.640220
0.000000	0.467256
0.000000	0.729035
0.000000	0.095650
0.000000	-0.104043
0.000000	0.166803
0.000000	0.259394
0.000000	-0.358957
0.000000	0.047337
-1.000000	0.184738
0.000000	0.914862
-1.000000	-0.716386
0.000000	0.883729
0.000000	0.425624
-1.000000	-1.671065
0.000000	-0.176693
-1.000000	1.131992
0.000000	0.302463
0.000000	1.080635
0.000000	-0.052965
0.000000	-0.104107
0.000000	-0.148514
0.000000	0.597699
0.000000	0.559867
0.000000	-0.232986
0.000000	-4.921264
-1.000000	-1.807144
0.000000	0.406504
0.000000	-0.265596
0.000000	0.115920
0.000000	0.332882
0.000000	0.233762
0.000000	-0.214973
0.000000	0.331442
0.000000	-0.222787
0.000000	0.244722
0.000000	0.141087
0.000000	-0.185395
0.000000	0.278343
0.000000	0.416791
0.000000	0.072705
0.000000	0.751496
0.000000	-0.280105
-1.000000	-0.188428
0.000000	-0.208222
0.000000	-0.743064
0.000000	0.194336
-1.000000	-3.360196
0.000000	-0.256596
0.000000	0.187300
-1.000000	-0.215023
0.000000	0.144120
0.000000	0.230243
0.000000	-0.050552
-1.000000	-1.620096
0.000000	0.144170
0.000000	0.059370
0.000000	0.209704
0.000000	-0.205086
0.000000	0.260711
0.000000	-0.546032
0.000000	-0.283393
0.000000	-0.056502
-1.000000	-0.260612
0.000000	-0.218571
0.000000	0.264740
0.000000	0.347310
0.000000	0.175634
0.000000	0.059260
-1.000000	1.012774
0.000000	0.927752
0.000000	-0.997201
-1.000000	-0.996985
0.000000	0.170195
0.000000	0.108669
0.000000	-0.118941
0.000000	0.896666
0.000000	0.367367
0.000000	0.434724
0.000000	0.069299
0.000000	-0.493387
0.000000	0.524058
0.000000	0.410634
0.000000	0.152251
0.000000	0.206343
0.000000	-1.081155
-1.000000	-2.894430
-1.000000	-1.357894
0.000000	0.184286
0.000000	0.116709
0.000000	-0.436926
0.000000	-0.052379
0.000000	0.644305
0.000000	-0.456064
0.000000	0.172804
0.000000	-0.055935
0.000000	0.766761
0.000000	0.041871
0.000000	0.447984
0.000000	-0.265108
0.000000	0.100067
-1.000000	0.127135
0.000000	-1.090488
-1.000000	-1.621238
0.000000	0.446179
0.000000	-0.578848
0.000000	0.109504
0.000000	-0.722931
0.000000	0.228799
0.000000	0.354417
0.000000	-0.336866
0.000000	-0.697201
0.000000	0.440457
0.000000	0.339948
0.000000	-0.572835
0.000000	-0.335431
0.000000	0.120659
0.000000	-0.152096
-1.000000	-1.226651
0.000000	0.503325
0.000000	0.045051
0.000000	-0.531787
-1.000000	-0.073969
0.000000	1.266886
0.000000	0.102619
0.000000	0.139896
0.000000	0.015035
0.000000	1.546454
0.000000	-0.095687
-1.000000	-1.837974
0.000000	-0.392018
0.000000	-1.098497
0.000000	-0.983423
0.000000	0.121704
0.000000	0.326504
0.000000	0.508916
0.000000	-0.308463
0.000000	0.719813
-1.000000	0.124026
0.000000	0.411167
0.000000	0.007763
0.000000	-0.976629
0.000000	0.777925
0.000000	-0.070162
0.000000	0.224258
0.000000	0.867566
-1.000000	-1.554073
0.000000	-6.237805
0.000000	0.225430
0.000000	-0.280497
0.000000	-0.152706
-1.000000	0.903694
0.000000	2.504326
0.000000	-0.308010
0.000000	0.810817
0.000000	-0.885311
0.000000	-0.752314
0.000000	0.160769
0.000000	0.868237
-1.000000	-0.807891
-1.000000	-0.992457
-1.000000	-0.688728
0.000000	1.634281
-1.000000	1.479442
-1.000000	-1.961670
0.000000	0.536781
0.000000	0.493780
-1.000000	-0.287936
0.000000	0.953241
0.000000	-0.243826
0.000000	0.572903
0.000000	0.644295
0.000000	-0.446627
0.000000	-0.012672
0.000000	-0.732646
0.000000	0.727885
-1.000000	0.406067
0.000000	0.289902
0.000000	0.316064
0.000000	-0.642319
0.000000	1.251671
0.000000	-1.277988
0.000000	0.787870
0.000000	-0.209345
0.000000	-0.155347
0.000000	0.103047
0.000000	-0.053580
-1.000000	-1.008096
0.000000	-0.004752
0.000000	0.275544
-1.000000	-0.190976
0.000000	2.349189
0.000000	-0.054444
0.000000	-0.585143
0.000000	0.143056
0.000000	-0.323777
0.000000	0.910677
0.000000	1.058275
0.000000	1.356148
0.000000	0.166330
0.000000	0.481800
0.000000	1.239649
0.000000	-0.977845
0.000000	0.514740
0.000000	0.099414
0.000000	-0.690992
0.000000	-0.095484
0.000000	0.975936
0.000000	-6.986899
0.000000	0.360621
0.000000	0.140817
-1.000000	1.636551
0.000000	-0.072858
0.000000	0.337987
0.000000	-0.348528
0.000000	2.416898
0.000000	0.904837
0.000000	0.921091
0.000000	1.160661
0.000000	-0.191531
-1.000000	-0.566714
0.000000	0.837494
0.000000	-0.037704
0.000000	0.494148
0.000000	-0.000430
0.000000	0.926113
0.000000	0.054168
0.000000	0.378617
0.000000	-0.171780
0.000000	0.345956
0.000000	-0.434625
0.000000	-0.823893
-1.000000	-3.133713
0.000000	0.168285
0.000000	-0.178510
0.000000	-1.117722
0.000000	0.297749
0.000000	0.792096
0.000000	-1.398947
0.000000	-0.229697
-1.000000	2.667734
0.000000	0.138973
-1.000000	2.016079
0.000000	0.125681
0.000000	0.844646
0.000000	0.127873
0.000000	-0.203246
0.000000	1.766990
0.000000	-0.004143
0.000000	-0.299624
0.000000	0.652207
0.000000	-0.181419
0.000000	1.097608
0.000000	0.986953
0.000000	0.665183
0.000000	0.628915
0.000000	2.034311
-1.000000	-1.186002
0.000000	-0.101643
0.000000	0.485112
0.000000	0.681957
0.000000	0.306953
-1.000000	1.555516
0.000000	-0.278754
0.000000	-0.312482
0.000000	-0.163426
0.000000	0.566098
0.000000	-0.287502
0.000000	0.340533
0.000000	-7.099985
