0.000000	-1.868242
0.000000	-0.269565
0.000000	0.301408
1.000000	-0.295864
0.000000	1.088132
0.000000	-0.267852
0.000000	-0.690463
0.000000	-0.286736
0.000000	-0.406080
0.000000	0.252863
0.000000	-0.243676
1.000000	0.140290
1.000000	-0.174070
0.000000	-0.243957
1.000000	-0.264523
0.000000	0.558840
0.000000	0.299239
0.000000	0.400584
0.000000	-0.344722
1.000000	-0.483888
1.000000	0.727547
1.000000	-0.321448
0.000000	-0.317897
0.000000	-0.412143
1.000000	-0.275448
0.000000	0.372637
1.000000	0.235930
0.000000	0.440064
1.000000	-0.384122
0.000000	-0.603069
0.000000	-0.526852
0.000000	-0.351484
0.000000	0.663358
1.000000	-0.441387
1.000000	-0.577341
1.000000	0.136131
0.000000	0.354422
1.000000	0.313832
0.000000	-0.292234
1.000000	-0.172912
1.000000	-0.263822
0.000000	-0.431814
0.000000	-0.311189
0.000000	-0.239522
0.000000	-0.191610
1.000000	0.259564
0.000000	-0.614165
0.000000	0.189375
0.000000	0.250075
0.000000	-0.436258
0.000000	0.457457
0.000000	0.341557
0.000000	-0.198577
0.000000	-0.630721
1.000000	-0.583059
1.000000	-0.161646
0.000000	-0.539084
1.000000	0.400549
1.000000	-0.124265
0.000000	0.246595
0.000000	-0.721593
1.000000	-1.404899
0.000000	0.220830
0.000000	-0.412715
0.000000	-0.400985
0.000000	-0.307719
1.000000	0.902679
0.000000	-0.267084
1.000000	-0.583595
0.000000	-0.611332
0.000000	-0.460865
0.000000	-0.251926
1.000000	-0.332477
0.000000	-0.339320
1.000000	-0.517507
0.000000	-0.321157
0.000000	-0.372241
0.000000	0.692656
1.000000	-0.384728
1.000000	0.343477
0.000000	-0.483038
1.000000	0.179775
0.000000	-0.766170
0.000000	0.213516
0.000000	-0.453324
0.000000	-0.496644
1.000000	-0.287962
0.000000	0.491439
0.000000	-0.433055
0.000000	-0.408254
0.000000	-0.323796
1.000000	-0.767085
1.000000	-0.383501
1.000000	-0.647089
1.000000	-0.832361
1.000000	0.122062
0.000000	-0.345481
0.000000	0.226900
1.000000	-0.559183
0.000000	-0.227579
0.000000	-0.409278
0.000000	-0.688698
0.000000	-0.287251
0.000000	-0.467553
1.000000	-0.417276
1.000000	0.616369
1.000000	-0.506320
1.000000	-0.461357
0.000000	-0.575559
1.000000	-0.363194
1.000000	-0.259141
0.000000	0.514426
1.000000	-0.108436
0.000000	-0.670239
0.000000	-0.460543
0.000000	-0.598910
0.000000	-1.207753
1.000000	0.689658
1.000000	-0.425488
0.000000	-0.601067
1.000000	1.682147
1.000000	1.362262
1.000000	-3.305008
0.000000	-0.916342
0.000000	0.622172
1.000000	2.585235
0.000000	0.662606
0.000000	2.158470
0.000000	1.550346
1.000000	0.893283
0.000000	2.695935
0.000000	2.980927
1.000000	2.169043
1.000000	3.047380
0.000000	2.273091
1.000000	1.116981
1.000000	1.223488
0.000000	-0.787928
1.000000	0.638828
0.000000	0.908143
0.000000	1.178862
1.000000	2.398720
1.000000	0.770110
0.000000	1.299715
0.000000	1.892413
1.000000	0.657073
1.000000	2.897993
1.000000	0.635112
0.000000	1.436176
1.000000	-1.141486
1.000000	1.360010
0.000000	1.209894
1.000000	0.667192
0.000000	1.084840
1.000000	0.511111
0.000000	1.062960
0.000000	0.757172
0.000000	2.634432
0.000000	1.774818
0.000000	2.935176
1.000000	2.910081
1.000000	0.403649
1.000000	2.492197
0.000000	2.327152
1.000000	2.906708
0.000000	-0.512534
1.000000	-0.664205
1.000000	2.772173
0.000000	0.679274
0.000000	1.475000
1.000000	2.662572
1.000000	0.368091
0.000000	1.418995
1.000000	1.360928
0.000000	1.547686
0.000000	1.053215
1.000000	2.334448
0.000000	1.170934
0.000000	3.017937
1.000000	3.079551
1.000000	0.545951
1.000000	1.434591
1.000000	1.870558
1.000000	-5.153158
1.000000	-1.972151
1.000000	-0.977424
0.000000	-1.265812
0.000000	-1.794984
1.000000	0.704868
1.000000	1.901241
0.000000	-0.685098
1.000000	-0.716639
1.000000	-0.344471
0.000000	-0.917977
1.000000	-1.098500
0.000000	2.539351
0.000000	2.138949
1.000000	1.318429
0.000000	2.789289
0.000000	-1.925733
0.000000	2.040192
0.000000	-1.824808
0.000000	1.286923
0.000000	-1.812199
0.000000	-0.715994
0.000000	1.198281
0.000000	0.672411
0.000000	-2.892810
1.000000	-1.526938
0.000000	0.873501
0.000000	1.717453
1.000000	0.442708
1.000000	1.226620
0.000000	-0.441432
0.000000	1.745210
1.000000	1.166250
1.000000	2.265589
0.000000	-1.036457
1.000000	0.822018
0.000000	-0.839446
0.000000	-0.586135
0.000000	1.481269
0.000000	-0.415282
1.000000	-0.811992
0.000000	0.688475
0.000000	-0.980943
1.000000	0.649809
1.000000	-0.511807
0.000000	1.891223
0.000000	0.687474
0.000000	-1.572673
0.000000	-1.795105
1.000000	0.219717
1.000000	0.482643
0.000000	-1.300823
1.000000	-0.722528
1.000000	0.542964
0.000000	1.866689
0.000000	-0.961902
0.000000	-0.791865
0.000000	-0.601833
0.000000	-1.407095
0.000000	0.600042
0.000000	-0.649656
1.000000	-2.290660
1.000000	-0.769642
1.000000	-0.300452
0.000000	-1.522300
0.000000	-1.457142
0.000000	-0.798364
1.000000	-0.470891
0.000000	-1.326990
0.000000	-1.076591
1.000000	-1.013951
0.000000	-1.000403
1.000000	-0.505060
0.000000	-1.197689
1.000000	1.269063
1.000000	-0.502159
1.000000	0.918432
0.000000	0.580544
0.000000	-0.960624
1.000000	-0.819377
0.000000	0.952198
1.000000	-1.083508
1.000000	-1.299645
0.000000	-1.135040
0.000000	0.403211
0.000000	-1.423087
1.000000	0.784759
0.000000	-0.448418
0.000000	-1.646029
1.000000	-0.639101
0.000000	-1.423333
1.000000	-1.064398
0.000000	-1.686566
0.000000	-1.340180
0.000000	-0.823462
0.000000	-1.077464
0.000000	-0.637264
0.000000	-0.440950
1.000000	-0.836293
0.000000	-0.585358
1.000000	-0.755864
0.000000	-1.199790
0.000000	0.842252
1.000000	-0.486432
1.000000	-1.187868
1.000000	-0.965615
1.000000	-1.120895
1.000000	-1.213716
1.000000	0.792048
1.000000	-2.470256
0.000000	-0.912454
0.000000	-0.749364
0.000000	-1.536743
0.000000	-1.305942
1.000000	-0.293364
0.000000	-0.896511
0.000000	-0.934607
0.000000	-0.232175
1.000000	-0.253886
1.000000	-0.450646
0.000000	-0.142551
0.000000	-0.604741
1.000000	-1.402855
0.000000	-1.002071
0.000000	-0.561086
1.000000	-0.322925
0.000000	0.544768
0.000000	-0.268702
0.000000	-0.759956
1.000000	-0.310801
0.000000	-0.468023
1.000000	-0.498439
1.000000	0.486657
1.000000	0.367286
1.000000	0.658079
1.000000	-0.332047
1.000000	-0.515980
1.000000	-0.624496
0.000000	-0.722100
1.000000	0.712449
0.000000	0.305152
0.000000	-0.384279
1.000000	0.193186
0.000000	-0.704613
0.000000	-0.638993
0.000000	-0.372509
0.000000	0.566998
0.000000	0.617101
0.000000	-0.285383
0.000000	0.405939
0.000000	-0.147077
0.000000	0.590456
0.000000	-0.131021
0.000000	0.197001
0.000000	-1.021267
0.000000	-0.329075
1.000000	-0.260040
0.000000	-0.237807
0.000000	-0.366363
1.000000	-0.242127
1.000000	-0.377932
0.000000	-0.689577
1.000000	-0.804853
0.000000	0.363393
1.000000	-0.509093
0.000000	0.145752
0.000000	-0.437906
0.000000	-0.448771
1.000000	-0.247868
1.000000	-0.123157
0.000000	-0.271466
1.000000	-0.138989
1.000000	0.334902
0.000000	-0.226898
0.000000	0.381309
1.000000	-0.480654
1.000000	-1.075531
0.000000	0.903404
1.000000	0.493040
0.000000	0.673140
0.000000	-0.240977
0.000000	-0.461489
0.000000	1.236843
1.000000	-1.362486
0.000000	0.880073
0.000000	0.612584
1.000000	0.649051
1.000000	1.803650
1.000000	1.407941
0.000000	0.976038
0.000000	1.765130
0.000000	0.928889
1.000000	0.902206
1.000000	0.332066
1.000000	-1.131067
0.000000	0.257673
1.000000	0.737224
1.000000	-0.330183
0.000000	1.428518
0.000000	0.449115
0.000000	-0.459475
1.000000	0.671822
0.000000	0.289054
1.000000	1.495082
1.000000	-1.111111
1.000000	0.568648
1.000000	0.787990
0.000000	0.656481
0.000000	0.573984
0.000000	0.380495
1.000000	0.622900
0.000000	-0.426656
0.000000	0.203739
1.000000	-0.322872
1.000000	1.593643
0.000000	0.813554
0.000000	1.332657
1.000000	1.500180
1.000000	-0.812449
1.000000	1.221981
0.000000	0.816572
1.000000	1.505692
1.000000	-0.694942
0.000000	0.694333
1.000000	1.749903
1.000000	0.422808
1.000000	0.834181
0.000000	1.237270
0.000000	0.648774
0.000000	0.982127
0.000000	0.578159
0.000000	0.493618
0.000000	0.600406
1.000000	1.430668
1.000000	0.532397
1.000000	1.649478
1.000000	1.924691
1.000000	-0.740134
0.000000	-0.311061
0.000000	-0.623394
0.000000	-0.449853
0.000000	-0.503977
1.000000	-0.639094
0.000000	0.703389
0.000000	-1.915285
1.000000	0.466618
1.000000	1.127437
0.000000	-0.220733
0.000000	-0.239068
0.000000	-0.280084
1.000000	0.344027
1.000000	-0.244962
0.000000	-0.542712
0.000000	0.785943
1.000000	0.668256
0.000000	0.902060
1.000000	0.594166
0.000000	1.209123
1.000000	-0.437120
0.000000	0.321099
0.000000	0.394406
0.000000	-0.221593
0.000000	0.601012
0.000000	0.175531
1.000000	0.312990
0.000000	0.677353
0.000000	1.203381
0.000000	0.359846
0.000000	0.414320
1.000000	0.825105
0.000000	-0.176686
0.000000	0.783285
0.000000	0.544299
0.000000	0.481395
0.000000	-0.427654
1.000000	0.206669
1.000000	-0.292441
0.000000	-0.079545
0.000000	-0.513808
0.000000	-0.478957
0.000000	0.151183
0.000000	0.259192
0.000000	0.813423
0.000000	-0.702569
0.000000	-0.132503
0.000000	0.382205
1.000000	0.368396
0.000000	-0.244393
0.000000	-0.638357
0.000000	0.252784
0.000000	0.530505
0.000000	-0.713022
1.000000	-0.518230
1.000000	0.415660
0.000000	1.435082
0.000000	-0.311391
0.000000	-0.179660
0.000000	0.736823
0.000000	0.564829
1.000000	0.901817
1.000000	-0.611687
0.000000	0.865240
1.000000	-0.428274
0.000000	-0.885089
0.000000	-0.318573
1.000000	-0.782680
0.000000	0.895877
0.000000	-0.109679
0.000000	-0.401372
0.000000	-0.502867
0.000000	0.459266
0.000000	-0.427758
1.000000	1.712161
1.000000	-1.462121
0.000000	0.942744
0.000000	0.651829
0.000000	-0.335462
1.000000	1.520508
0.000000	0.461188
0.000000	-0.712350
0.000000	1.380134
0.000000	-0.461989
0.000000	-0.764619
1.000000	-0.288544
1.000000	0.531050
1.000000	0.361746
0.000000	1.399252
1.000000	1.006932
0.000000	-0.185817
1.000000	0.536932
0.000000	-0.806667
1.000000	1.345232
0.000000	0.780534
0.000000	0.340741
0.000000	-0.444335
0.000000	-0.261394
0.000000	-0.515994
0.000000	-0.393759
1.000000	-0.344819
0.000000	-0.332644
0.000000	-0.388163
1.000000	-0.525390
0.000000	1.233620
0.000000	1.422013
0.000000	-0.246580
0.000000	0.849481
0.000000	0.439651
0.000000	-0.206933
0.000000	1.171943
1.000000	-0.090147
0.000000	-0.383496
1.000000	-1.249951
0.000000	0.581082
0.000000	0.649306
0.000000	0.924391
0.000000	-0.432847
1.000000	0.485815
0.000000	-0.620753
0.000000	-0.525011
0.000000	-0.440683
0.000000	1.051771
0.000000	-0.529610
0.000000	0.622913
0.000000	0.172939
1.000000	0.748372
1.000000	-0.281378
0.000000	-2.358934
0.000000	-0.306751
1.000000	-0.349606
0.000000	-0.168711
0.000000	0.198347
1.000000	-0.281867
1.000000	-0.571230
0.000000	-0.260515
0.000000	0.456410
0.000000	-0.335131
0.000000	0.742846
0.000000	0.263315
0.000000	0.431577
1.000000	-0.732249
1.000000	0.435175
0.000000	0.270977
0.000000	0.269621
0.000000	0.166953
1.000000	0.302404
0.000000	0.690862
0.000000	0.271861
1.000000	0.278426
0.000000	-0.538714
0.000000	0.240371
1.000000	-0.567412
0.000000	-0.830842
0.000000	0.163191
1.000000	-0.311623
1.000000	-0.150680
1.000000	-0.342422
1.000000	-0.380402
0.000000	-0.124632
1.000000	0.709812
0.000000	-0.257871
0.000000	-0.204403
1.000000	0.257355
1.000000	0.191491
0.000000	0.570487
1.000000	0.142840
1.000000	0.705725
0.000000	-0.378999
1.000000	-0.232228
0.000000	-0.239291
1.000000	-0.425549
0.000000	-0.349017
0.000000	0.050249
0.000000	0.566338
0.000000	-0.212571
1.000000	-0.567167
0.000000	0.391169
0.000000	0.260686
1.000000	0.449106
1.000000	-0.424695
1.000000	-0.685999
0.000000	0.898607
1.000000	-0.373419
0.000000	-0.865407
0.000000	1.823972
0.000000	0.766874
0.000000	1.113520
1.000000	1.126141
1.000000	-0.986191
0.000000	-0.910290
0.000000	-1.177964
1.000000	0.394192
0.000000	-0.742363
1.000000	-0.811174
1.000000	0.761178
1.000000	1.379594
1.000000	1.553750
1.000000	1.657178
0.000000	1.046349
0.000000	-2.194687
1.000000	1.651432
1.000000	1.887365
0.000000	-0.920441
0.000000	1.752428
0.000000	-0.327169
1.000000	1.171680
0.000000	1.231110
0.000000	1.632130
0.000000	-1.434897
1.000000	0.881297
0.000000	-0.839016
0.000000	0.896549
1.000000	-0.986524
0.000000	0.902770
1.000000	1.008999
1.000000	0.552529
0.000000	-0.562418
0.000000	-0.332336
0.000000	0.997554
1.000000	1.343494
0.000000	-0.634678
0.000000	-0.522520
0.000000	-0.672025
1.000000	1.385799
1.000000	0.700359
0.000000	-0.430230
0.000000	0.190066
1.000000	-2.114578
0.000000	-0.478520
0.000000	2.285430
0.000000	-0.242366
1.000000	0.783557
0.000000	-1.693459
1.000000	1.078928
0.000000	0.925622
0.000000	0.582888
1.000000	-0.463517
0.000000	0.340616
0.000000	0.817128
0.000000	1.867357
0.000000	1.132839
0.000000	-2.239222
1.000000	-1.980345
0.000000	-1.805326
0.000000	-2.522669
1.000000	-2.606941
0.000000	1.619817
0.000000	2.031815
1.000000	0.536689
0.000000	-2.522471
0.000000	0.797438
1.000000	-1.452372
1.000000	0.700592
1.000000	-0.933153
1.000000	1.551562
0.000000	-1.192049
1.000000	0.950704
0.000000	2.560345
0.000000	-1.880175
0.000000	-1.562011
0.000000	1.559540
1.000000	-1.665321
0.000000	0.987103
0.000000	1.560558
1.000000	-0.640383
1.000000	-2.276370
0.000000	-1.123736
0.000000	-1.908919
0.000000	0.717588
1.000000	1.889836
0.000000	1.453249
0.000000	2.055504
0.000000	1.344683
0.000000	1.102505
0.000000	1.492792
0.000000	-0.607362
0.000000	1.639879
1.000000	-1.814957
1.000000	-0.411613
0.000000	0.727877
1.000000	0.868994
1.000000	1.225409
0.000000	-1.243175
1.000000	-2.281607
1.000000	-0.516248
1.000000	-1.311713
0.000000	-0.225511
0.000000	1.095538
1.000000	0.449591
1.000000	-1.082678
1.000000	0.639528
0.000000	1.296622
0.000000	0.649342
0.000000	0.485096
0.000000	-0.966586
0.000000	-2.486475
1.000000	-1.219226
0.000000	-1.088186
1.000000	0.373001
1.000000	-0.531241
1.000000	-0.708209
1.000000	0.668549
1.000000	-0.557158
1.000000	0.359207
1.000000	0.477022
1.000000	-0.153138
1.000000	0.608300
1.000000	-0.659029
0.000000	-0.572869
0.000000	-0.164397
1.000000	-0.695654
1.000000	-0.208252
0.000000	0.360198
0.000000	0.636037
1.000000	0.331819
1.000000	-0.394279
0.000000	0.740171
0.000000	-0.244572
0.000000	-0.595720
1.000000	-0.528970
0.000000	-0.329037
1.000000	-0.119362
1.000000	0.478955
0.000000	0.967910
1.000000	-0.376715
0.000000	0.221364
1.000000	-0.563132
0.000000	-0.499663
0.000000	-0.228772
1.000000	0.323691
0.000000	0.848569
0.000000	-0.359141
0.000000	-0.675409
0.000000	1.179782
1.000000	0.741617
0.000000	-0.394584
0.000000	0.272459
1.000000	0.218881
0.000000	-0.476685
1.000000	0.950754
1.000000	0.250835
0.000000	0.394043
0.000000	-0.625594
1.000000	0.289402
0.000000	0.736646
1.000000	-0.456612
1.000000	1.175458
0.000000	-0.466209
0.000000	-0.429121
1.000000	0.451955
0.000000	-0.159125
1.000000	0.272656
0.000000	0.289997
0.000000	1.007765
1.000000	0.115043
0.000000	-0.296116
1.000000	-0.428660
1.000000	-0.146537
0.000000	0.797992
1.000000	0.807304
1.000000	-0.410291
0.000000	-0.738418
1.000000	1.216298
0.000000	-0.935210
1.000000	0.770399
0.000000	-0.950745
0.000000	1.015663
1.000000	0.616687
0.000000	0.101139
0.000000	-0.386808
0.000000	-0.302981
1.000000	-1.785249
1.000000	0.403685
0.000000	1.997805
0.000000	1.527984
1.000000	-0.686343
1.000000	0.571827
0.000000	-0.454413
1.000000	0.376142
0.000000	-0.354765
0.000000	1.088626
0.000000	-0.660037
1.000000	0.774731
0.000000	1.441842
1.000000	-0.611147
1.000000	-0.215834
0.000000	-0.823014
0.000000	0.609498
1.000000	0.860593
1.000000	0.874613
0.000000	1.574104
0.000000	0.693430
1.000000	-0.922691
1.000000	1.647233
0.000000	1.295545
0.000000	-0.143881
0.000000	0.702302
0.000000	-0.424650
0.000000	-0.826443
0.000000	1.344099
1.000000	-0.486134
1.000000	0.613251
0.000000	-0.545430
0.000000	0.479425
0.000000	1.338813
1.000000	-0.105347
1.000000	1.546413
0.000000	-0.755111
0.000000	-0.559559
1.000000	0.683069
0.000000	0.124448
0.000000	1.206374
1.000000	0.367820
0.000000	1.353864
0.000000	-0.869167
1.000000	-1.174667
0.000000	-0.688152
0.000000	-0.769207
1.000000	-0.366357
0.000000	-0.304141
1.000000	0.428977
0.000000	-0.144708
1.000000	-0.727780
1.000000	-0.413352
0.000000	0.380655
0.000000	-0.501538
1.000000	-0.364527
0.000000	-0.439382
0.000000	-0.194253
1.000000	-0.224452
0.000000	-0.288493
0.000000	-0.260380
1.000000	-0.538660
1.000000	0.354725
0.000000	-0.199693
0.000000	0.375075
1.000000	-0.470643
1.000000	0.252775
0.000000	0.503695
0.000000	-0.464244
0.000000	-0.650548
1.000000	-0.281022
0.000000	-0.239308
1.000000	-0.453099
0.000000	-0.275010
0.000000	0.378101
0.000000	-0.677730
1.000000	0.348327
0.000000	-0.253469
1.000000	-0.415783
1.000000	0.281895
1.000000	-0.340375
0.000000	-0.515828
0.000000	-0.496925
0.000000	-0.528321
1.000000	-0.563275
1.000000	-0.248062
0.000000	-0.317823
0.000000	-0.473490
1.000000	0.285040
1.000000	-0.264900
1.000000	-0.134242
0.000000	-0.325145
0.000000	0.382831
1.000000	-0.513367
0.000000	-0.303527
1.000000	-0.194856
0.000000	0.271491
1.000000	-0.565755
0.000000	0.647898
0.000000	-0.180918
0.000000	-0.463105
0.000000	-0.414363
0.000000	-0.826722
0.000000	-0.214392
0.000000	-0.371622
0.000000	-0.307521
0.000000	-0.410772
1.000000	-0.957772
1.000000	-0.738076
0.000000	0.722244
1.000000	0.665944
0.000000	0.559381
1.000000	-0.281923
0.000000	0.865307
1.000000	0.307277
1.000000	-0.837933
0.000000	-0.861299
0.000000	-1.485380
0.000000	-0.240851
0.000000	-0.407728
1.000000	0.391920
0.000000	-0.633582
0.000000	-1.298458
0.000000	-0.629490
0.000000	0.302559
0.000000	-0.862279
0.000000	0.762087
0.000000	0.839108
1.000000	-0.546058
0.000000	0.611270
0.000000	0.711267
1.000000	-0.600181
0.000000	-0.361764
1.000000	-0.138890
0.000000	1.054130
1.000000	-0.375739
0.000000	-0.646271
0.000000	-1.293972
1.000000	-0.601635
0.000000	-0.513299
0.000000	-0.580123
0.000000	-0.504544
0.000000	-0.638062
0.000000	0.261334
0.000000	0.586666
0.000000	-0.920340
0.000000	-0.584771
1.000000	-0.412826
1.000000	-0.291811
1.000000	-0.714378
1.000000	-0.517328
0.000000	-0.254726
0.000000	0.627934
1.000000	-0.796907
1.000000	-0.246965
1.000000	-0.330909
0.000000	-0.753000
0.000000	-0.178227
1.000000	0.523754
0.000000	1.056354
0.000000	-0.664522
1.000000	-0.763607
1.000000	-0.421882
1.000000	-0.487253
1.000000	0.514462
1.000000	-0.390992
0.000000	0.500498
0.000000	-0.541120
0.000000	-0.387744
0.000000	0.365626
0.000000	0.237720
1.000000	0.904524
1.000000	-0.373938
0.000000	-0.386104
0.000000	0.494451
1.000000	0.367136
0.000000	-0.772749
0.000000	-0.388470
0.000000	-0.269546
0.000000	-0.360490
0.000000	-0.508312
0.000000	-0.322864
0.000000	0.722068
0.000000	-1.414850
0.000000	-1.361010
0.000000	0.362773
0.000000	-0.814045
0.000000	-0.862271
0.000000	-0.817680
0.000000	-0.383055
0.000000	-0.943053
0.000000	-0.186742
0.000000	0.205576
1.000000	-0.603215
1.000000	-1.525693
1.000000	0.759352
0.000000	0.393754
0.000000	0.592797
0.000000	-0.153299
1.000000	-0.320592
0.000000	0.490463
1.000000	0.640791
0.000000	0.592577
0.000000	0.288414
0.000000	-0.406004
1.000000	-0.283220
0.000000	-0.907805
1.000000	-0.440345
0.000000	-0.579660
0.000000	-0.314321
0.000000	-0.359283
0.000000	-0.780782
0.000000	-0.811128
0.000000	0.876812
0.000000	-0.570286
0.000000	0.694731
0.000000	-0.672305
1.000000	-0.820544
1.000000	-0.867469
1.000000	0.294681
1.000000	0.371176
0.000000	-0.147084
0.000000	0.950782
0.000000	-0.375879
0.000000	0.341701
0.000000	-0.478193
0.000000	-0.598675
0.000000	0.771956
1.000000	0.573034
0.000000	-0.463399
0.000000	0.108214
1.000000	0.200757
1.000000	1.184857
1.000000	0.582589
0.000000	1.036798
0.000000	1.107433
0.000000	-0.319304
0.000000	1.215105
1.000000	1.161688
1.000000	0.808970
1.000000	1.412938
0.000000	0.925311
0.000000	0.744228
0.000000	0.411379
0.000000	-1.498097
0.000000	0.489358
0.000000	0.347450
0.000000	0.257449
0.000000	0.898695
1.000000	-0.546880
1.000000	0.715054
0.000000	0.750276
0.000000	0.608704
1.000000	1.513253
0.000000	0.455864
0.000000	0.486650
0.000000	0.456445
0.000000	0.428946
0.000000	0.736368
0.000000	0.551138
1.000000	0.684620
0.000000	0.293025
1.000000	0.922471
0.000000	0.516668
0.000000	1.533378
0.000000	0.735619
1.000000	1.134680
1.000000	1.265396
0.000000	0.438439
0.000000	1.300377
0.000000	0.956402
0.000000	1.462302
1.000000	0.640407
0.000000	0.434772
1.000000	1.463903
0.000000	0.476736
1.000000	0.742393
0.000000	1.126249
0.000000	0.765029
0.000000	0.770725
0.000000	0.599777
0.000000	0.644619
0.000000	0.489160
1.000000	1.364485
0.000000	0.381583
1.000000	1.291932
0.000000	1.284924
1.000000	-0.781336
0.000000	-0.576323
1.000000	1.121290
1.000000	1.079430
0.000000	-0.704348
0.000000	1.465322
0.000000	-1.688163
0.000000	1.475170
0.000000	-0.422997
0.000000	-0.511122
0.000000	0.289048
1.000000	-0.536423
0.000000	-0.322593
0.000000	0.324403
0.000000	1.014262
1.000000	0.918286
0.000000	-0.885945
1.000000	-2.059966
0.000000	-3.205154
0.000000	0.744825
1.000000	-1.410741
1.000000	0.782734
1.000000	-1.272616
0.000000	-1.249827
1.000000	0.495478
1.000000	0.277247
1.000000	0.485945
0.000000	-2.429371
1.000000	1.588709
0.000000	-1.254037
0.000000	1.921834
1.000000	-0.442559
1.000000	0.725719
0.000000	1.501581
1.000000	-1.011698
1.000000	-1.081732
0.000000	-0.846984
0.000000	1.329526
1.000000	0.330897
1.000000	0.619325
0.000000	0.746870
0.000000	0.465744
1.000000	-0.297224
1.000000	-0.229727
0.000000	0.674377
0.000000	-2.302448
0.000000	1.139800
1.000000	0.786636
0.000000	2.537075
0.000000	-0.900639
0.000000	1.071754
0.000000	-0.928120
0.000000	-0.208074
0.000000	1.029278
1.000000	0.431779
0.000000	0.847454
0.000000	-0.860281
1.000000	-1.156076
0.000000	0.659206
0.000000	0.569059
0.000000	0.703929
1.000000	0.720436
0.000000	-0.799770
0.000000	-0.259166
0.000000	-0.417775
1.000000	0.565859
0.000000	-0.404868
1.000000	-0.205727
1.000000	1.141144
1.000000	0.380284
1.000000	-0.796982
1.000000	-0.230029
0.000000	1.116763
1.000000	-0.831055
1.000000	0.944787
0.000000	-0.470200
1.000000	1.422245
1.000000	0.489045
0.000000	-0.822873
1.000000	-3.164348
0.000000	-1.620860
0.000000	-0.395510
1.000000	0.780481
0.000000	-0.387622
1.000000	0.796532
1.000000	0.667633
0.000000	-0.321626
1.000000	1.162735
1.000000	0.437355
1.000000	-1.143269
1.000000	-0.337738
1.000000	0.887282
0.000000	0.596040
0.000000	0.511752
0.000000	-1.128992
0.000000	0.846185
0.000000	1.045277
0.000000	-0.773578
0.000000	1.020314
1.000000	-0.253977
0.000000	-0.570874
1.000000	0.403421
1.000000	0.990072
1.000000	0.907031
0.000000	-0.449075
0.000000	0.688788
0.000000	-1.199386
0.000000	0.591989
1.000000	-0.315013
1.000000	0.515431
0.000000	-0.366685
0.000000	0.921999
0.000000	2.823793
0.000000	0.927606
0.000000	1.176338
0.000000	0.397309
1.000000	-0.145136
1.000000	0.549462
1.000000	0.529063
0.000000	-0.717657
0.000000	1.212727
1.000000	1.435856
0.000000	-0.794702
1.000000	-0.826109
0.000000	0.494460
0.000000	2.024995
1.000000	0.379579
0.000000	1.442583
0.000000	1.122454
1.000000	1.289702
0.000000	1.766495
0.000000	1.771955
1.000000	1.773001
0.000000	1.540313
0.000000	1.708718
1.000000	0.503714
0.000000	0.955416
1.000000	-0.292363
0.000000	0.348489
0.000000	-0.673499
0.000000	-1.775544
0.000000	1.197869
0.000000	0.980541
0.000000	-0.799431
0.000000	1.460658
0.000000	0.547643
0.000000	1.729527
1.000000	-0.220669
1.000000	0.883650
0.000000	-0.845722
1.000000	0.632232
1.000000	1.195274
0.000000	0.272196
1.000000	1.308855
0.000000	0.493378
0.000000	0.400041
0.000000	0.598681
1.000000	1.144483
1.000000	1.579313
0.000000	1.883263
1.000000	1.948329
0.000000	-0.284380
0.000000	2.118237
1.000000	1.621347
0.000000	1.610231
0.000000	-0.462604
1.000000	-0.422287
1.000000	1.746284
1.000000	0.120273
0.000000	1.683252
0.000000	1.484481
0.000000	-0.396107
0.000000	1.585903
0.000000	0.980227
1.000000	1.517112
1.000000	-0.229889
0.000000	1.673158
0.000000	0.789148
1.000000	1.924222
1.000000	1.735987
0.000000	-0.585746
0.000000	0.665002
1.000000	-1.836014
0.000000	-0.761116
0.000000	-0.508775
0.000000	-0.881810
0.000000	-0.697491
0.000000	-0.760267
0.000000	0.874456
0.000000	1.382230
1.000000	0.320693
0.000000	-0.670309
1.000000	-0.203765
1.000000	-0.450351
1.000000	-0.228082
1.000000	-0.602802
1.000000	0.942049
0.000000	-0.588201
0.000000	0.600743
0.000000	0.252217
1.000000	-0.256022
1.000000	-1.813225
1.000000	0.709107
1.000000	-0.498839
0.000000	0.355205
0.000000	1.083617
0.000000	-0.802041
0.000000	-0.211404
1.000000	0.687679
0.000000	0.725177
0.000000	-0.540608
0.000000	0.789323
0.000000	0.761306
0.000000	0.966298
0.000000	0.348459
1.000000	0.762030
0.000000	0.767969
1.000000	-0.441351
0.000000	0.560127
0.000000	-1.255825
1.000000	-0.723597
1.000000	0.263771
0.000000	-0.452420
0.000000	0.427200
0.000000	-0.605894
0.000000	-0.620533
0.000000	-1.078390
0.000000	-0.671279
0.000000	-0.420450
1.000000	0.578164
1.000000	-0.364346
0.000000	-0.637502
0.000000	-0.243163
0.000000	0.868543
1.000000	0.351252
1.000000	0.746060
0.000000	-0.465004
1.000000	-0.835814
1.000000	-0.585160
1.000000	-0.577686
0.000000	-0.908196
0.000000	-0.262039
1.000000	0.846776
1.000000	0.342616
0.000000	-0.851838
0.000000	0.264449
0.000000	-0.432352
1.000000	0.329143
1.000000	-0.147964
0.000000	-0.909372
1.000000	-0.374808
0.000000	-0.651142
0.000000	0.268207
0.000000	-0.295833
1.000000	0.093882
1.000000	-0.691589
1.000000	-0.378406
1.000000	0.732454
1.000000	-0.192692
0.000000	0.554244
0.000000	-0.700738
1.000000	-0.782200
0.000000	-1.920630
0.000000	0.624262
0.000000	-0.091535
1.000000	-0.463917
0.000000	-0.231519
1.000000	0.709423
0.000000	0.625724
1.000000	0.307556
0.000000	0.195606
1.000000	-0.446861
0.000000	-0.279256
0.000000	0.283563
0.000000	-0.423497
0.000000	-0.214876
0.000000	-0.298755
0.000000	-0.259435
0.000000	-0.065849
0.000000	-0.486583
1.000000	-0.286230
0.000000	-1.002731
0.000000	0.242973
0.000000	0.175696
1.000000	-0.268558
1.000000	0.597425
0.000000	-0.486325
0.000000	-0.325112
0.000000	0.433228
0.000000	0.218571
1.000000	-0.289708
1.000000	0.751184
0.000000	-0.194171
0.000000	-0.598621
1.000000	-0.227652
0.000000	-0.432395
0.000000	-0.309312
1.000000	-0.303132
1.000000	-0.093051
1.000000	-0.502018
0.000000	2.099950
1.000000	1.801649
1.000000	-1.509890
0.000000	0.598092
0.000000	-0.647067
0.000000	1.572485
0.000000	-0.452794
0.000000	1.335352
0.000000	2.470649
1.000000	1.536952
1.000000	2.867458
0.000000	2.246291
0.000000	2.289948
1.000000	2.253897
0.000000	2.362316
0.000000	1.166355
0.000000	1.965432
0.000000	-0.627121
0.000000	0.756658
0.000000	0.969073
0.000000	-1.393174
1.000000	1.904953
0.000000	1.678617
1.000000	-2.553992
1.000000	2.087964
1.000000	1.243535
0.000000	2.328822
0.000000	-0.371141
0.000000	1.336265
1.000000	0.731919
1.000000	1.384093
0.000000	2.126696
0.000000	1.170196
0.000000	2.133643
0.000000	-1.010414
1.000000	1.630375
0.000000	1.672176
0.000000	1.467397
1.000000	2.381825
1.000000	2.510480
1.000000	2.220896
0.000000	-1.139330
0.000000	2.729292
1.000000	2.170663
0.000000	2.460155
1.000000	-1.223516
0.000000	0.875627
1.000000	2.152671
1.000000	1.056321
0.000000	1.481880
0.000000	2.003291
1.000000	-0.952919
1.000000	1.526857
0.000000	2.153395
0.000000	1.762246
1.000000	1.444232
1.000000	1.536726
1.000000	-0.341427
1.000000	2.355562
1.000000	2.490628
1.000000	0.457376
0.000000	-0.462584
0.000000	-0.506301
1.000000	-0.343984
0.000000	-0.541329
1.000000	-0.550892
0.000000	-0.258333
1.000000	-0.376517
1.000000	-0.517654
1.000000	0.336673
0.000000	-0.177954
1.000000	-0.579807
1.000000	-0.375363
1.000000	-0.689644
0.000000	-0.513815
0.000000	0.529064
0.000000	-0.315540
0.000000	-0.372468
0.000000	0.416321
0.000000	-0.443581
1.000000	0.471151
0.000000	-0.816176
0.000000	0.388417
0.000000	-0.210573
0.000000	-0.483420
0.000000	-0.299554
0.000000	-0.433384
0.000000	-0.731241
0.000000	-0.317289
0.000000	0.290934
1.000000	0.616298
1.000000	-0.465908
0.000000	0.279379
1.000000	-0.459738
0.000000	0.898115
1.000000	0.178804
0.000000	-0.185969
1.000000	-0.238091
1.000000	-0.295238
1.000000	-0.485078
1.000000	-0.535391
0.000000	-0.569251
0.000000	-0.441832
1.000000	-0.335973
1.000000	-0.630124
0.000000	-0.765963
0.000000	0.376890
0.000000	-0.327897
0.000000	0.581319
1.000000	-0.455721
0.000000	-0.462509
0.000000	-0.429756
0.000000	-0.235727
0.000000	-0.415927
0.000000	-0.305402
1.000000	0.663512
0.000000	-0.578029
0.000000	-0.384193
0.000000	-0.692199
0.000000	-0.770183
0.000000	0.514863
0.000000	-1.066135
0.000000	0.742315
0.000000	-0.609555
0.000000	0.550820
0.000000	-0.876386
1.000000	0.836220
0.000000	0.449460
0.000000	-0.371919
0.000000	-0.945459
0.000000	-0.427289
1.000000	-1.210562
0.000000	-0.746854
0.000000	-1.176681
0.000000	-0.484590
0.000000	1.284061
1.000000	-0.597492
0.000000	0.433732
0.000000	-0.578819
1.000000	0.498676
1.000000	0.828897
0.000000	-0.934048
0.000000	0.609497
0.000000	0.728783
0.000000	-0.748494
1.000000	-2.064545
0.000000	-1.322408
0.000000	-0.843404
0.000000	1.060233
0.000000	0.419969
0.000000	1.008866
1.000000	-0.557724
0.000000	-1.211896
0.000000	-0.330413
0.000000	1.157238
1.000000	0.606998
1.000000	-0.589692
0.000000	-0.651005
0.000000	-0.763502
1.000000	-0.807694
0.000000	-0.193556
1.000000	-1.099021
0.000000	-0.803234
0.000000	-0.838748
0.000000	-1.239870
0.000000	-0.741175
1.000000	-0.608561
0.000000	-1.051738
1.000000	0.942577
1.000000	-1.547146
0.000000	-0.735535
1.000000	-1.064120
1.000000	-0.206630
1.000000	-0.456603
1.000000	-0.342740
1.000000	1.031197
1.000000	-0.620619
1.000000	1.083316
0.000000	-1.146934
1.000000	-1.102346
0.000000	-0.760293
0.000000	-0.416833
0.000000	0.491651
0.000000	0.369415
1.000000	-0.281090
0.000000	-0.483838
0.000000	-0.601415
0.000000	-0.827675
1.000000	-0.169501
0.000000	0.338752
1.000000	0.166261
0.000000	-0.280503
1.000000	-0.285031
0.000000	-0.376266
0.000000	-0.334978
1.000000	0.531961
1.000000	0.436994
1.000000	-0.610208
0.000000	0.283269
0.000000	-0.653756
1.000000	0.762275
0.000000	-0.253681
0.000000	0.314645
0.000000	-0.824864
1.000000	-0.188673
1.000000	0.154340
0.000000	-0.519267
1.000000	-1.290138
1.000000	0.257184
0.000000	-0.277786
0.000000	0.586205
0.000000	-0.344640
0.000000	0.407844
0.000000	-0.490939
0.000000	0.512805
0.000000	0.460536
0.000000	0.289840
0.000000	-0.226719
1.000000	-0.272404
1.000000	-0.643907
0.000000	-0.216136
1.000000	0.701655
1.000000	-0.424539
1.000000	-0.170783
0.000000	-0.241802
1.000000	-0.942348
0.000000	0.562580
1.000000	-0.159666
1.000000	0.432945
0.000000	-0.427763
0.000000	-0.373685
0.000000	-0.979077
1.000000	-0.259745
0.000000	0.341296
1.000000	0.192059
0.000000	0.429779
1.000000	-0.183115
0.000000	-0.408045
1.000000	-0.471389
1.000000	-0.185888
1.000000	2.596634
0.000000	3.673176
0.000000	0.798766
0.000000	-0.805768
0.000000	-0.442517
0.000000	1.656891
0.000000	-0.438878
0.000000	0.641555
0.000000	3.235784
0.000000	1.692292
0.000000	2.482719
1.000000	0.424930
0.000000	3.369634
0.000000	-0.871847
0.000000	2.935588
0.000000	0.780768
0.000000	2.609822
0.000000	0.645005
0.000000	2.557077
0.000000	-1.378480
1.000000	-1.537748
0.000000	1.320004
0.000000	2.720718
0.000000	-0.501485
1.000000	3.785587
0.000000	3.469791
0.000000	1.282520
0.000000	0.391462
0.000000	3.017281
1.000000	-1.249179
1.000000	-0.812286
1.000000	3.667056
0.000000	1.931616
0.000000	3.363867
0.000000	0.990354
1.000000	2.826009
1.000000	2.702188
0.000000	-1.932264
1.000000	3.324650
0.000000	0.670755
1.000000	2.046022
0.000000	1.932467
0.000000	2.533375
0.000000	3.493818
1.000000	1.462322
0.000000	1.083363
0.000000	1.421241
1.000000	1.017011
0.000000	0.799281
0.000000	2.753459
0.000000	1.532767
0.000000	-1.055200
0.000000	1.159190
1.000000	3.294348
0.000000	2.892610
0.000000	1.339646
1.000000	0.954839
1.000000	-0.664025
1.000000	1.221685
1.000000	-0.984476
1.000000	-0.689220
1.000000	-0.763688
0.000000	-0.351639
0.000000	0.235250
0.000000	-0.266858
1.000000	-0.413092
0.000000	-0.318608
0.000000	-0.411208
1.000000	-0.698581
0.000000	-0.270456
1.000000	-0.332032
0.000000	-0.325058
0.000000	-0.400129
1.000000	-0.536243
0.000000	-0.361232
0.000000	0.417979
0.000000	-0.325262
0.000000	0.782804
0.000000	0.219641
1.000000	0.212160
1.000000	-0.652318
0.000000	-0.289453
0.000000	-0.731953
0.000000	-0.277946
0.000000	-0.621493
0.000000	-0.874693
1.000000	-0.358017
0.000000	-0.124719
0.000000	-1.738960
0.000000	-0.228233
0.000000	0.545633
0.000000	-0.635052
0.000000	-0.625375
0.000000	-0.590217
1.000000	0.763238
0.000000	0.213570
0.000000	-0.179081
0.000000	-0.116623
1.000000	-0.713530
1.000000	0.202675
1.000000	-0.256579
1.000000	-0.668459
0.000000	-0.480093
1.000000	-0.451282
1.000000	-0.411231
1.000000	0.255276
0.000000	0.393824
1.000000	-0.300548
1.000000	-0.102381
0.000000	-0.395879
0.000000	-0.764237
1.000000	0.351998
1.000000	-0.253213
1.000000	-0.496710
1.000000	-0.435630
1.000000	-0.112308
0.000000	-0.388788
0.000000	0.353905
0.000000	-0.933080
1.000000	-0.567132
1.000000	0.483871
0.000000	0.539935
0.000000	0.603610
0.000000	0.311746
1.000000	1.019417
1.000000	0.443033
1.000000	-0.698085
0.000000	0.514254
1.000000	0.918933
0.000000	0.567450
0.000000	0.543446
1.000000	0.152555
1.000000	0.802940
1.000000	-0.891607
0.000000	0.779029
0.000000	0.392499
1.000000	0.551095
1.000000	-1.172849
0.000000	0.632071
0.000000	-1.685830
1.000000	-0.714830
0.000000	0.322712
0.000000	1.049631
0.000000	-0.856182
1.000000	0.824723
1.000000	0.812363
1.000000	0.335513
1.000000	0.041744
0.000000	0.411582
0.000000	-3.181434
0.000000	0.497628
0.000000	0.726478
0.000000	1.227863
0.000000	0.322599
0.000000	0.501533
0.000000	1.205038
0.000000	0.749808
0.000000	-0.883246
1.000000	0.746207
0.000000	-0.351508
1.000000	0.553535
0.000000	1.098419
0.000000	0.884287
0.000000	0.905335
0.000000	-0.306398
1.000000	-0.628485
0.000000	0.699454
0.000000	-0.681209
1.000000	-0.389135
0.000000	-0.543856
0.000000	-0.607699
0.000000	-1.031535
1.000000	0.533912
1.000000	0.502439
1.000000	0.735234
1.000000	1.011386
0.000000	-0.992351
0.000000	-0.796965
0.000000	0.642183
0.000000	-1.142983
0.000000	1.605848
1.000000	-0.932968
0.000000	1.200246
1.000000	1.020243
1.000000	1.488691
0.000000	0.436337
1.000000	1.453507
1.000000	1.057257
1.000000	0.443261
0.000000	-1.059677
0.000000	-0.981578
0.000000	0.331842
1.000000	0.375049
1.000000	0.854198
0.000000	0.428450
0.000000	-1.317119
1.000000	-1.075472
1.000000	0.638984
1.000000	-0.917969
0.000000	-1.082238
1.000000	0.355942
1.000000	0.466826
1.000000	-0.492492
0.000000	0.653156
1.000000	-0.612872
0.000000	0.557498
0.000000	0.381358
1.000000	0.478757
0.000000	-0.566707
0.000000	-0.696081
0.000000	-3.709622
0.000000	0.418146
0.000000	-0.789181
1.000000	1.212359
1.000000	2.056358
1.000000	-0.252976
0.000000	0.859751
0.000000	0.601438
1.000000	-0.729399
1.000000	-0.866153
0.000000	-1.303795
1.000000	-1.117650
0.000000	-0.319034
1.000000	-0.478850
1.000000	-0.420727
0.000000	0.644343
1.000000	0.490463
1.000000	0.552681
0.000000	-0.572059
1.000000	0.357035
0.000000	0.312664
0.000000	0.957852
0.000000	-1.004629
1.000000	-0.995665
0.000000	0.223955
0.000000	-0.583802
0.000000	-0.164709
0.000000	-1.080009
0.000000	-0.384204
1.000000	0.142543
1.000000	-0.357823
1.000000	-0.622536
0.000000	0.684188
0.000000	-0.307588
1.000000	-0.540114
0.000000	-0.705091
1.000000	1.111386
0.000000	-0.401519
1.000000	-0.794720
0.000000	-0.471019
0.000000	-0.359450
0.000000	-0.299073
1.000000	-0.952830
0.000000	-0.556398
1.000000	-0.745183
0.000000	0.272858
1.000000	-0.552046
1.000000	0.905374
0.000000	-0.582832
1.000000	0.530925
0.000000	1.092607
0.000000	-0.451333
1.000000	-0.657752
1.000000	1.030382
1.000000	-0.651265
0.000000	-0.816899
0.000000	-0.899004
0.000000	0.863331
0.000000	0.269385
1.000000	0.568601
0.000000	-0.333067
1.000000	-1.060597
1.000000	-0.332746
0.000000	-0.781464
0.000000	-0.543607
0.000000	-0.374811
0.000000	-0.508346
1.000000	-0.565745
1.000000	-0.776864
1.000000	-0.472923
1.000000	-0.598590
0.000000	0.301031
0.000000	-0.693265
0.000000	-0.622456
1.000000	-0.828439
1.000000	0.876565
0.000000	0.139414
0.000000	-0.855283
0.000000	-0.395861
0.000000	-0.843023
0.000000	-0.678569
0.000000	0.835904
0.000000	-0.260556
1.000000	-0.500717
0.000000	-0.456460
1.000000	-0.326276
0.000000	-0.945098
0.000000	0.530507
1.000000	-0.578890
0.000000	-0.648999
0.000000	-0.512921
0.000000	-0.571867
0.000000	1.020467
0.000000	0.860588
0.000000	1.787130
0.000000	0.850283
0.000000	1.782554
0.000000	0.900348
1.000000	0.256115
0.000000	0.449920
0.000000	-0.392700
0.000000	-0.852066
0.000000	0.248045
0.000000	-0.322416
0.000000	0.246022
1.000000	0.884649
1.000000	-1.124885
1.000000	0.876168
0.000000	-0.527949
0.000000	0.831681
0.000000	-0.866278
0.000000	-0.952787
1.000000	-0.613858
0.000000	0.924025
1.000000	0.141500
1.000000	0.578105
0.000000	-0.391551
0.000000	1.435777
0.000000	0.714614
1.000000	1.123218
0.000000	1.196068
0.000000	0.747111
0.000000	-2.393581
0.000000	0.781659
1.000000	1.253588
0.000000	0.457181
0.000000	0.463676
0.000000	0.614488
0.000000	-0.295153
1.000000	-0.641197
0.000000	-0.538572
0.000000	0.632842
1.000000	0.364225
0.000000	0.339396
0.000000	-0.556697
0.000000	1.275004
1.000000	-0.761418
0.000000	0.380129
1.000000	0.699673
0.000000	1.024253
0.000000	-0.904715
0.000000	1.664621
0.000000	-0.110946
1.000000	0.237220
0.000000	-0.467042
0.000000	0.114372
0.000000	-0.436002
1.000000	-0.414089
0.000000	-0.667889
0.000000	-0.735480
0.000000	-0.517502
1.000000	-0.777425
1.000000	0.699223
0.000000	-0.568518
1.000000	-0.606965
0.000000	-0.436275
1.000000	0.760302
0.000000	-0.141166
0.000000	-0.586444
1.000000	-0.522902
0.000000	-0.165327
0.000000	-0.092419
1.000000	-0.376069
0.000000	-0.333985
1.000000	-0.434036
1.000000	-0.269732
0.000000	-0.655401
0.000000	0.778285
0.000000	-0.446400
0.000000	0.649009
0.000000	0.515969
1.000000	0.216818
1.000000	-0.811582
1.000000	0.390324
1.000000	-0.463371
1.000000	-1.261253
1.000000	-0.300583
1.000000	0.482035
0.000000	-1.049955
0.000000	0.281485
0.000000	-0.352044
0.000000	-0.809547
0.000000	-0.372119
0.000000	-1.325695
1.000000	-0.711961
0.000000	0.266395
1.000000	-0.288521
0.000000	0.207435
1.000000	-0.486813
1.000000	-0.130492
0.000000	-0.350194
1.000000	0.319549
0.000000	-0.171805
1.000000	-0.407340
1.000000	-0.298811
0.000000	0.631469
1.000000	0.244993
1.000000	-0.323028
1.000000	-0.547347
1.000000	-0.878368
1.000000	-0.341711
1.000000	0.885636
1.000000	-0.324625
1.000000	-0.951721
1.000000	-0.255782
0.000000	-0.115234
0.000000	-0.438517
1.000000	-0.414218
0.000000	-0.426307
0.000000	-0.559198
0.000000	-0.687963
0.000000	-0.774508
0.000000	-1.158661
1.000000	-0.723326
0.000000	1.812851
0.000000	-0.995861
1.000000	-1.395505
1.000000	-1.054699
0.000000	-0.832485
0.000000	0.569717
1.000000	0.470283
0.000000	-0.459735
1.000000	-0.442264
0.000000	-0.541900
0.000000	-0.592844
1.000000	-0.457765
1.000000	-0.341988
0.000000	-1.826125
1.000000	-0.590508
0.000000	-0.505113
0.000000	-0.584718
0.000000	-0.605699
0.000000	-0.521487
0.000000	-1.320921
1.000000	-0.581696
0.000000	-0.671312
0.000000	-0.614225
0.000000	-1.708430
0.000000	-1.221037
0.000000	-0.762203
0.000000	-1.057729
1.000000	-0.530174
0.000000	-1.438709
0.000000	-0.912273
0.000000	-3.692803
1.000000	-1.340587
0.000000	-1.027486
0.000000	-0.933084
0.000000	-0.537519
1.000000	-0.312146
0.000000	-0.670686
0.000000	-1.248337
1.000000	-0.850899
0.000000	-0.711242
0.000000	-0.642543
1.000000	-1.274135
0.000000	-1.429713
0.000000	-1.129120
1.000000	-0.965352
1.000000	-1.027291
1.000000	-0.929246
1.000000	-1.395976
1.000000	-4.520568
0.000000	-0.424405
1.000000	-0.609380
1.000000	-0.671659
0.000000	-1.392697
0.000000	0.580350
0.000000	-0.411979
0.000000	-0.568559
0.000000	0.395714
1.000000	0.376557
0.000000	0.932415
0.000000	0.563378
1.000000	-1.199731
0.000000	-0.143029
0.000000	-0.566432
0.000000	-1.141022
0.000000	-0.647676
0.000000	0.459687
0.000000	0.137438
0.000000	-0.598740
0.000000	-0.206013
1.000000	-0.295153
1.000000	-0.279258
0.000000	-0.845560
1.000000	-0.469248
1.000000	-1.177181
0.000000	-0.535977
0.000000	0.753499
1.000000	1.028799
0.000000	0.503800
1.000000	0.376654
0.000000	0.592299
0.000000	-0.567125
0.000000	-0.742704
0.000000	-0.261677
0.000000	-0.522214
1.000000	-0.401603
0.000000	0.879414
1.000000	-0.907250
0.000000	-0.479006
0.000000	-0.485440
0.000000	0.715157
1.000000	0.383708
0.000000	-1.405989
1.000000	-1.043367
0.000000	-0.496964
1.000000	-0.169304
0.000000	0.698056
1.000000	-0.400766
1.000000	-0.939342
0.000000	-0.385406
0.000000	-0.394198
0.000000	0.226353
0.000000	-0.814217
1.000000	-1.003816
1.000000	0.508815
0.000000	0.349464
1.000000	0.285828
0.000000	-0.196608
0.000000	-0.350838
1.000000	0.288190
0.000000	-0.484370
0.000000	-2.331978
0.000000	-0.967210
0.000000	-1.098030
1.000000	-0.703925
1.000000	0.123460
0.000000	0.412696
0.000000	-1.793006
1.000000	-0.616438
1.000000	1.272954
0.000000	-1.418597
0.000000	0.694467
0.000000	0.590770
1.000000	-0.740789
0.000000	-1.500124
1.000000	0.221404
0.000000	-0.718775
0.000000	-0.629105
0.000000	-0.476377
0.000000	-0.203238
0.000000	-0.611825
1.000000	-0.498058
0.000000	0.906000
1.000000	-0.374002
0.000000	0.706228
0.000000	-1.252251
1.000000	-0.378233
1.000000	1.260564
0.000000	-0.948976
0.000000	-1.653778
1.000000	0.622076
0.000000	-0.310938
0.000000	0.677539
0.000000	-0.563184
0.000000	-0.244221
0.000000	-0.587014
1.000000	-0.993990
0.000000	-0.568206
1.000000	-0.749194
0.000000	0.669487
0.000000	-0.480804
1.000000	-0.724780
0.000000	-0.400397
1.000000	-1.769337
1.000000	-1.030536
0.000000	-0.450470
1.000000	-0.534968
0.000000	-1.078506
0.000000	-1.163847
0.000000	-0.174226
0.000000	-0.153329
0.000000	-0.895783
0.000000	0.904964
1.000000	1.319770
1.000000	-0.810304
0.000000	0.323439
0.000000	0.979672
0.000000	-0.864537
0.000000	-0.762333
0.000000	0.244131
0.000000	-0.364603
0.000000	-0.921503
1.000000	-1.243817
1.000000	-0.852026
0.000000	-0.782463
0.000000	-0.501205
1.000000	-0.637189
1.000000	0.628924
0.000000	0.369339
0.000000	0.696910
1.000000	0.314863
1.000000	-1.809172
0.000000	-0.665995
0.000000	-1.593186
1.000000	-0.905748
0.000000	0.831126
0.000000	-0.313824
0.000000	0.446632
1.000000	-0.345917
0.000000	0.358550
0.000000	0.224905
0.000000	0.211472
1.000000	-0.468595
0.000000	0.709679
0.000000	-0.939064
0.000000	-0.631205
1.000000	-0.516625
0.000000	0.455482
1.000000	0.249749
1.000000	0.416065
0.000000	-0.766512
0.000000	0.671136
0.000000	0.366487
1.000000	-0.549195
0.000000	-1.166467
1.000000	0.630241
1.000000	0.879327
0.000000	0.535436
0.000000	0.714162
0.000000	0.574248
0.000000	0.462610
0.000000	-0.764006
0.000000	-0.509183
0.000000	-0.467208
0.000000	-2.081259
1.000000	0.743969
0.000000	-0.523234
0.000000	0.520170
1.000000	-0.420432
0.000000	0.236821
1.000000	0.373655
1.000000	0.421642
0.000000	-1.540722
0.000000	0.518309
1.000000	-0.476262
1.000000	-0.614451
0.000000	-0.824785
1.000000	-0.040767
1.000000	-1.271483
0.000000	-0.637210
0.000000	0.887798
0.000000	0.591881
1.000000	-0.518859
0.000000	-0.324645
1.000000	-1.317423
0.000000	-0.436300
0.000000	0.281757
0.000000	-0.792443
1.000000	-0.459209
0.000000	0.389683
0.000000	0.191430
1.000000	1.050059
1.000000	-0.271431
0.000000	2.029432
0.000000	-0.337268
1.000000	-0.346183
0.000000	0.613591
0.000000	-0.521223
1.000000	0.280351
0.000000	-0.533734
1.000000	-0.536057
0.000000	-0.528588
1.000000	-0.182717
0.000000	-0.510483
0.000000	0.679536
0.000000	0.228717
0.000000	-0.352371
1.000000	0.433654
0.000000	0.329260
1.000000	-0.485882
0.000000	0.577568
1.000000	-0.536553
0.000000	-0.186063
1.000000	-0.154757
1.000000	1.086312
1.000000	-0.256796
1.000000	0.201966
1.000000	-0.666621
0.000000	-0.406868
0.000000	0.224330
1.000000	-0.380963
0.000000	0.644574
1.000000	0.439704
1.000000	0.421682
0.000000	0.495873
0.000000	-0.740523
1.000000	-0.301408
1.000000	-0.704025
1.000000	0.675383
0.000000	-0.339541
1.000000	-0.474796
0.000000	-0.242059
0.000000	1.261538
1.000000	0.227963
1.000000	-0.256703
1.000000	-0.669933
1.000000	-0.375692
0.000000	-0.325559
0.000000	0.860462
0.000000	-0.181469
0.000000	-0.890608
1.000000	-0.147364
1.000000	-0.380938
0.000000	-0.455157
0.000000	0.774636
0.000000	-0.588205
0.000000	-0.498673
0.000000	-0.935474
0.000000	0.551894
0.000000	1.344774
0.000000	-0.452769
0.000000	0.982248
0.000000	-0.315837
0.000000	-0.526507
0.000000	0.280085
0.000000	-0.862268
0.000000	1.034675
0.000000	0.269355
0.000000	-0.632251
1.000000	-0.629617
0.000000	-0.400284
1.000000	-0.889979
1.000000	0.314867
0.000000	-0.540853
0.000000	0.600289
1.000000	-0.592214
0.000000	0.689851
1.000000	-1.203528
1.000000	-0.441289
1.000000	0.488946
1.000000	0.652634
0.000000	-0.720027
0.000000	0.406719
0.000000	0.154673
0.000000	1.108978
1.000000	-0.509568
0.000000	-0.406337
0.000000	0.548146
0.000000	0.493028
0.000000	-0.622706
1.000000	0.400514
1.000000	-1.093643
1.000000	-0.200967
0.000000	-0.363678
0.000000	0.662565
1.000000	-0.727734
0.000000	-1.552606
1.000000	0.134634
0.000000	0.974912
1.000000	-0.698790
0.000000	-0.791088
0.000000	-0.288000
0.000000	0.997806
0.000000	-0.257008
0.000000	-0.334391
0.000000	-0.573972
1.000000	-0.689610
1.000000	0.308888
1.000000	1.011411
0.000000	-0.269575
1.000000	-0.418617
0.000000	-0.606107
0.000000	0.210357
0.000000	0.599190
0.000000	-0.478145
0.000000	-0.416107
1.000000	-0.312792
1.000000	2.140978
0.000000	1.869938
1.000000	0.807551
0.000000	0.697281
0.000000	-1.309728
1.000000	-0.392137
1.000000	-0.633895
1.000000	1.133338
1.000000	2.014123
1.000000	0.949147
0.000000	0.738719
0.000000	1.363650
1.000000	1.507808
0.000000	1.170595
1.000000	1.337206
0.000000	1.890963
1.000000	1.737458
1.000000	0.660488
0.000000	0.973556
0.000000	1.351378
1.000000	-1.366252
0.000000	1.715551
1.000000	2.849767
0.000000	0.606805
0.000000	1.616438
0.000000	2.208772
1.000000	1.304169
0.000000	0.633570
1.000000	0.570848
1.000000	1.338716
1.000000	1.656563
0.000000	2.547602
1.000000	2.138734
0.000000	1.993566
0.000000	0.801362
0.000000	2.166810
0.000000	2.233892
1.000000	0.233632
1.000000	1.867659
1.000000	-1.365271
0.000000	1.286606
1.000000	2.674611
0.000000	1.078369
0.000000	1.617389
0.000000	1.062848
1.000000	-1.121070
1.000000	1.141631
1.000000	0.816899
1.000000	-0.756941
0.000000	2.090891
0.000000	1.598532
0.000000	-0.675941
1.000000	-0.624691
0.000000	1.741581
0.000000	0.837151
1.000000	1.804439
0.000000	1.562092
0.000000	1.923318
1.000000	1.014930
0.000000	0.843823
0.000000	0.348038
0.000000	-0.421452
0.000000	1.035544
0.000000	-0.650960
0.000000	-0.633321
1.000000	-0.160250
1.000000	0.715994
0.000000	-0.579298
0.000000	0.219155
0.000000	1.000174
1.000000	-0.461238
1.000000	-0.838405
0.000000	-0.150567
0.000000	-0.703129
0.000000	-0.269597
0.000000	1.106432
1.000000	0.453027
0.000000	0.727210
0.000000	0.691039
0.000000	-0.447258
1.000000	0.593526
0.000000	-0.706018
1.000000	0.593743
0.000000	0.586744
1.000000	0.113511
0.000000	0.502817
0.000000	-0.449829
0.000000	0.366012
0.000000	0.470324
0.000000	0.871658
0.000000	0.632358
1.000000	0.298857
0.000000	0.621013
1.000000	-0.265948
0.000000	1.026594
0.000000	-0.379859
0.000000	0.386326
0.000000	-0.555121
0.000000	0.238663
1.000000	-0.519409
1.000000	-0.577755
1.000000	-2.081269
0.000000	0.051604
1.000000	-0.140387
1.000000	-0.542471
0.000000	0.576238
1.000000	0.458141
1.000000	-0.369093
0.000000	0.915879
0.000000	-0.337960
1.000000	-0.364711
1.000000	-0.713489
0.000000	0.171337
0.000000	-0.226939
1.000000	-0.357581
0.000000	-0.275489
0.000000	0.125393
0.000000	-0.516521
0.000000	-0.387647
0.000000	-0.526512
0.000000	0.297598
1.000000	-0.756856
1.000000	1.229673
0.000000	-0.979155
0.000000	0.752264
1.000000	-1.234671
0.000000	-0.746523
0.000000	0.970219
0.000000	-0.495215
0.000000	-0.887302
1.000000	-0.307096
0.000000	-0.572018
0.000000	-0.382225
0.000000	-1.115053
0.000000	-0.480556
1.000000	-0.602999
1.000000	0.797618
1.000000	-1.982907
0.000000	-1.248066
1.000000	-0.819716
0.000000	0.541532
0.000000	-0.304322
0.000000	0.506600
0.000000	-1.252968
0.000000	-0.788551
1.000000	-1.487057
0.000000	-0.647144
0.000000	-0.443395
0.000000	0.620207
0.000000	-0.815328
0.000000	0.840773
0.000000	-0.397731
1.000000	0.444406
1.000000	-0.782601
1.000000	-0.370634
1.000000	-0.130328
0.000000	0.172542
0.000000	-0.854646
0.000000	-0.557353
1.000000	-0.345600
1.000000	0.776168
0.000000	-0.624032
0.000000	-0.903747
1.000000	-0.778993
0.000000	-0.422045
1.000000	-0.946884
1.000000	1.082896
0.000000	-0.713879
0.000000	-0.891036
0.000000	-1.128528
1.000000	-0.365082
0.000000	-0.969390
0.000000	-0.756572
0.000000	-0.776901
0.000000	0.655048
0.000000	-0.431935
1.000000	1.080863
0.000000	-1.336948
0.000000	-0.662846
0.000000	0.189132
0.000000	-0.361705
0.000000	-0.276934
0.000000	-0.405787
1.000000	-0.512640
1.000000	0.340445
1.000000	-0.478073
1.000000	0.254863
0.000000	0.622782
0.000000	-0.305184
0.000000	-0.346920
0.000000	-0.393540
0.000000	0.241840
1.000000	-0.489638
1.000000	-0.611892
1.000000	-0.652373
1.000000	0.998337
0.000000	-0.557395
0.000000	0.575645
1.000000	-0.366637
0.000000	-0.418357
0.000000	0.589811
1.000000	-0.677801
0.000000	-0.517112
1.000000	0.379446
0.000000	-0.348946
0.000000	0.251024
0.000000	-0.611734
0.000000	0.114312
1.000000	0.526038
1.000000	-0.489084
1.000000	0.792535
0.000000	-0.280493
1.000000	0.325344
0.000000	-0.483895
0.000000	0.601439
0.000000	0.266748
1.000000	-0.256746
0.000000	-0.747441
0.000000	-0.296763
0.000000	0.262899
0.000000	-0.451665
1.000000	0.651437
0.000000	-0.499408
0.000000	-0.514595
1.000000	-0.740724
0.000000	-0.358557
1.000000	-0.408557
0.000000	-0.684471
0.000000	0.901371
1.000000	-0.512454
1.000000	-1.027980
1.000000	-0.236268
1.000000	-0.089119
1.000000	-0.212152
0.000000	-0.374725
0.000000	0.766733
0.000000	-0.975963
0.000000	-0.319487
0.000000	-0.497693
0.000000	-0.809925
1.000000	-0.731142
0.000000	-0.235019
1.000000	0.773091
0.000000	-0.464917
0.000000	0.485346
1.000000	-0.892646
1.000000	-1.019959
0.000000	-0.712407
0.000000	0.349045
1.000000	1.250079
0.000000	-0.271681
1.000000	-0.895647
0.000000	-0.582621
0.000000	-0.358203
1.000000	-0.648753
1.000000	-0.279151
0.000000	-0.449599
0.000000	0.534682
1.000000	0.860465
1.000000	-0.387395
0.000000	-1.424238
0.000000	-1.036933
1.000000	0.945942
0.000000	-0.588211
0.000000	-0.535741
0.000000	0.743616
1.000000	-0.666048
0.000000	-0.527724
0.000000	-0.938226
0.000000	1.001379
0.000000	-0.541610
1.000000	0.425345
1.000000	0.636186
0.000000	-0.617596
0.000000	0.652849
0.000000	0.758551
0.000000	1.029169
1.000000	0.258095
0.000000	-0.501101
0.000000	-0.956682
1.000000	-0.591808
1.000000	-1.066989
0.000000	-0.478041
0.000000	-0.459019
0.000000	-1.084909
1.000000	0.313776
0.000000	0.477093
0.000000	-0.815525
1.000000	-0.501941
1.000000	-0.604137
0.000000	-0.778709
0.000000	-0.347314
0.000000	-0.178144
1.000000	0.221133
0.000000	-0.165993
0.000000	0.751504
0.000000	-0.577245
1.000000	0.568428
0.000000	-0.830835
0.000000	-0.652610
1.000000	1.416118
0.000000	0.638521
0.000000	-0.934728
0.000000	-0.611787
0.000000	-0.948924
1.000000	2.518431
0.000000	-1.204784
1.000000	1.681412
1.000000	1.242310
0.000000	-1.292090
1.000000	3.288494
0.000000	2.889260
0.000000	2.088498
0.000000	3.168833
0.000000	1.848778
0.000000	-0.794750
0.000000	-0.811930
0.000000	-1.805294
0.000000	-0.632054
1.000000	1.147071
1.000000	1.578342
1.000000	2.116316
0.000000	0.314357
0.000000	-0.795712
0.000000	1.559335
1.000000	-0.729238
0.000000	3.446501
0.000000	-1.010824
1.000000	0.501422
0.000000	-1.045218
1.000000	1.084439
1.000000	0.824375
1.000000	-0.591905
0.000000	0.618518
1.000000	-1.126586
1.000000	-0.265259
0.000000	-0.760103
0.000000	2.888097
0.000000	1.527960
1.000000	2.560082
0.000000	3.567938
1.000000	0.813168
1.000000	2.745167
1.000000	1.324155
0.000000	3.023851
1.000000	-2.042972
1.000000	-0.898421
0.000000	3.499249
1.000000	-1.295877
0.000000	1.533032
0.000000	3.487183
1.000000	-1.225018
1.000000	2.331879
1.000000	1.264489
1.000000	2.160704
0.000000	-0.470509
1.000000	3.915637
0.000000	-0.970734
1.000000	2.623686
1.000000	3.248598
0.000000	-0.462194
0.000000	1.193204
0.000000	-1.267027
1.000000	-0.562512
1.000000	2.478968
0.000000	0.884446
1.000000	-0.735251
0.000000	-1.045916
0.000000	-0.516349
0.000000	-0.964592
1.000000	0.345299
0.000000	-0.895891
0.000000	0.519846
1.000000	-0.893105
1.000000	0.819283
0.000000	-0.346570
0.000000	0.810431
0.000000	-0.704492
1.000000	0.596606
1.000000	-0.455138
0.000000	-0.562687
0.000000	0.958347
1.000000	0.786897
0.000000	-0.736508
1.000000	0.775396
1.000000	0.547823
1.000000	0.814385
0.000000	-0.798554
1.000000	1.260503
0.000000	-0.870718
0.000000	1.343667
0.000000	1.011309
0.000000	-0.920996
1.000000	1.047739
0.000000	-1.611158
1.000000	-0.563528
0.000000	-0.625091
0.000000	1.207305
0.000000	0.292524
0.000000	-0.908200
1.000000	0.584592
0.000000	-0.556320
0.000000	-0.325519
0.000000	0.365604
0.000000	0.888975
1.000000	-0.656983
0.000000	-2.874398
0.000000	-0.682081
1.000000	1.116039
1.000000	1.338035
0.000000	0.766547
0.000000	-1.908517
0.000000	-0.255580
0.000000	0.488174
1.000000	0.614449
0.000000	-0.593916
1.000000	-1.047985
0.000000	-0.681253
1.000000	0.704809
0.000000	-0.845061
0.000000	-0.397006
1.000000	0.197539
0.000000	-0.924733
1.000000	-0.257709
0.000000	-0.428806
1.000000	-0.715680
1.000000	-1.310864
0.000000	-0.854918
0.000000	-0.113730
0.000000	0.742397
0.000000	0.380872
1.000000	0.150649
0.000000	-0.196912
0.000000	0.236846
1.000000	-0.303295
1.000000	0.096429
1.000000	0.661550
0.000000	0.322616
0.000000	0.292152
1.000000	0.404624
1.000000	-0.670897
1.000000	-0.394411
0.000000	-0.182175
1.000000	-0.869406
0.000000	-0.231854
0.000000	-0.491704
0.000000	0.494385
0.000000	-0.957308
0.000000	-0.631690
0.000000	-0.682749
1.000000	0.721831
0.000000	-0.131730
0.000000	-0.604101
1.000000	-0.349605
1.000000	0.650463
1.000000	0.221173
0.000000	0.304674
1.000000	-0.330409
0.000000	0.317906
0.000000	-0.505476
0.000000	0.613128
0.000000	-0.355732
0.000000	-0.308879
1.000000	0.225186
0.000000	0.349104
1.000000	-0.611746
0.000000	-0.508042
1.000000	-0.570833
1.000000	-0.554492
1.000000	-0.384185
1.000000	0.418532
0.000000	-0.863705
0.000000	-0.368513
1.000000	-0.097451
0.000000	0.322165
0.000000	-0.279619
1.000000	0.362535
0.000000	0.805946
0.000000	-0.250254
1.000000	-0.230356
0.000000	-0.719122
1.000000	0.492461
1.000000	-1.097987
0.000000	1.017890
1.000000	0.772316
1.000000	-0.801818
0.000000	0.641413
0.000000	-0.365630
0.000000	-0.628659
1.000000	-1.569412
0.000000	-0.547005
1.000000	0.305389
0.000000	-0.627436
1.000000	-0.545391
0.000000	-0.654049
1.000000	-0.428967
0.000000	-0.465317
1.000000	-0.670881
0.000000	-1.179856
0.000000	-0.496647
0.000000	0.586662
1.000000	-0.862718
1.000000	-0.835395
0.000000	-0.346956
0.000000	-0.624296
0.000000	-0.576237
0.000000	-0.603571
1.000000	0.683208
0.000000	-0.590749
0.000000	0.525682
1.000000	0.578316
0.000000	-0.827821
0.000000	-0.751882
0.000000	-0.346579
0.000000	-1.072733
1.000000	-0.276079
1.000000	-0.369477
1.000000	-0.680044
1.000000	-0.783472
0.000000	-0.802907
0.000000	-0.427337
0.000000	0.693135
0.000000	-0.559215
0.000000	-0.529606
0.000000	-0.229940
0.000000	0.436794
0.000000	-0.731409
0.000000	-0.485260
0.000000	-1.399192
0.000000	0.863079
0.000000	-0.502355
1.000000	0.431266
0.000000	-0.547484
0.000000	-0.666520
1.000000	-0.155421
0.000000	-0.952405
0.000000	0.526649
0.000000	-0.672501
0.000000	-0.540339
0.000000	-0.215293
0.000000	-0.584235
0.000000	-0.575734
0.000000	0.403711
0.000000	-0.491013
0.000000	0.898657
0.000000	0.227632
0.000000	-0.761782
1.000000	-0.457799
0.000000	0.282416
0.000000	-0.646512
0.000000	-0.294910
1.000000	-0.263425
0.000000	-0.309925
0.000000	-0.638964
0.000000	-0.302524
0.000000	0.551920
0.000000	-0.426284
1.000000	-0.756187
0.000000	0.164988
0.000000	-0.540354
0.000000	-0.835488
1.000000	-0.799553
1.000000	-0.276079
1.000000	0.811398
1.000000	-0.306193
1.000000	0.436380
1.000000	-0.569510
0.000000	-0.586275
1.000000	-0.281533
0.000000	-0.785514
0.000000	0.363006
1.000000	-0.371746
0.000000	-0.473260
0.000000	-0.349475
1.000000	-0.368394
0.000000	0.326751
0.000000	0.209600
0.000000	-0.766865
0.000000	-0.357784
0.000000	-0.312545
0.000000	-0.321496
1.000000	0.703305
0.000000	-0.311086
0.000000	-0.424249
0.000000	-0.502676
0.000000	-0.740030
1.000000	0.368337
0.000000	-0.763789
0.000000	0.401068
1.000000	-2.000422
1.000000	-0.625468
0.000000	-0.635280
1.000000	-0.302349
1.000000	-0.295280
0.000000	-0.202973
0.000000	0.848567
0.000000	-0.820644
0.000000	0.554204
0.000000	-0.197868
0.000000	-0.442939
-1.000000	-0.360745
0.000000	0.773813
0.000000	0.545326
-1.000000	-1.060291
0.000000	0.650340
0.000000	-0.536275
0.000000	0.509637
0.000000	-0.699607
-1.000000	1.256861
0.000000	0.510277
0.000000	-0.155100
-1.000000	-0.089008
-1.000000	0.388886
0.000000	0.251190
0.000000	0.382793
-1.000000	0.774123
-1.000000	1.044856
0.000000	0.669884
-1.000000	1.056701
0.000000	-0.230822
0.000000	0.574316
-1.000000	-0.715887
0.000000	1.268463
-1.000000	0.656972
0.000000	0.719510
0.000000	1.481366
0.000000	0.092312
-1.000000	-0.429784
0.000000	0.824627
0.000000	0.538162
-1.000000	-0.380421
0.000000	0.886650
0.000000	1.103834
0.000000	0.774425
0.000000	0.568584
-1.000000	1.555357
0.000000	1.328659
0.000000	-0.369732
0.000000	0.780764
-1.000000	-0.767198
-1.000000	-0.441656
-1.000000	1.103799
0.000000	0.265497
0.000000	0.854865
0.000000	0.355651
-1.000000	0.280202
0.000000	0.693774
-1.000000	-0.275388
-1.000000	0.556280
0.000000	-0.747040
-1.000000	-0.408066
0.000000	1.159948
-1.000000	0.180718
-1.000000	0.820787
-1.000000	0.536911
-1.000000	1.031193
-1.000000	-0.454476
0.000000	-0.588381
-1.000000	-0.329926
-1.000000	0.394970
0.000000	1.768293
-1.000000	2.219850
-1.000000	0.462725
-1.000000	0.690658
-1.000000	-0.551408
0.000000	2.134036
0.000000	-0.960284
0.000000	1.268872
-1.000000	2.291793
0.000000	0.502460
-1.000000	2.719950
-1.000000	1.731092
0.000000	2.198339
-1.000000	1.733930
0.000000	2.059368
-1.000000	0.626525
0.000000	1.326334
0.000000	-0.997400
-1.000000	0.945567
0.000000	-0.759184
-1.000000	-0.954152
-1.000000	1.629564
-1.000000	1.416343
0.000000	-0.541777
0.000000	2.026151
0.000000	1.867607
0.000000	2.268963
-1.000000	-0.977621
0.000000	1.425043
0.000000	-0.405086
-1.000000	0.305380
-1.000000	2.087684
0.000000	1.596468
0.000000	2.258286
-1.000000	0.865803
0.000000	1.382492
-1.000000	1.597718
0.000000	1.566207
0.000000	2.344824
0.000000	1.981512
0.000000	1.831237
0.000000	1.623509
0.000000	2.725104
-1.000000	2.162151
0.000000	2.315128
0.000000	-0.787236
-1.000000	1.704800
-1.000000	2.070431
-1.000000	1.515660
0.000000	1.541351
0.000000	1.766810
0.000000	-1.667548
-1.000000	1.568280
0.000000	2.029519
-1.000000	1.357884
0.000000	1.935474
0.000000	1.121687
0.000000	0.422732
0.000000	2.556363
0.000000	1.457637
-1.000000	-1.350219
0.000000	-0.748907
-1.000000	1.030102
-1.000000	1.123878
-1.000000	1.210409
-1.000000	0.905805
-1.000000	0.509068
0.000000	1.778043
-1.000000	0.295973
-1.000000	0.593716
0.000000	0.163392
-1.000000	0.441163
0.000000	0.315548
0.000000	0.820687
0.000000	-0.528497
0.000000	0.778268
-1.000000	2.571764
0.000000	1.531201
-1.000000	-0.592612
-1.000000	-0.663877
0.000000	-1.111581
0.000000	1.311214
0.000000	1.008802
-1.000000	1.857445
-1.000000	-0.232133
-1.000000	1.699450
0.000000	0.942019
0.000000	1.264866
0.000000	1.408775
0.000000	-1.867589
-1.000000	0.740002
0.000000	0.720619
0.000000	1.826865
0.000000	0.570354
-1.000000	0.418049
0.000000	1.693666
0.000000	1.591901
-1.000000	0.779986
0.000000	-0.399348
-1.000000	0.976404
-1.000000	0.615623
0.000000	2.797165
0.000000	0.689120
0.000000	-0.379226
0.000000	0.787800
0.000000	1.207632
-1.000000	1.638182
0.000000	0.566026
-1.000000	1.617028
0.000000	-1.014528
0.000000	1.130603
0.000000	1.292459
-1.000000	-0.461168
0.000000	1.024676
0.000000	0.757650
-1.000000	1.880584
0.000000	0.731210
0.000000	-0.907616
-1.000000	0.989023
-1.000000	0.915524
-1.000000	-0.305487
0.000000	-0.662284
-1.000000	0.237132
0.000000	-0.585380
0.000000	0.445747
0.000000	-0.301736
0.000000	1.235559
0.000000	-0.699265
-1.000000	-0.660152
0.000000	-0.573645
-1.000000	-0.640824
-1.000000	-0.344933
0.000000	-0.285365
-1.000000	-0.735289
0.000000	-0.433594
0.000000	0.496758
0.000000	-0.470522
0.000000	0.784686
0.000000	-0.288206
0.000000	0.329319
-1.000000	0.995135
0.000000	-0.896521
0.000000	-0.410122
-1.000000	0.527799
0.000000	-0.447842
-1.000000	-0.825034
0.000000	-0.512140
0.000000	1.441611
0.000000	-0.395732
-1.000000	0.451384
0.000000	-0.551877
0.000000	-0.958713
0.000000	-0.379693
-1.000000	-0.850590
-1.000000	0.511058
-1.000000	-0.334492
0.000000	-0.420302
0.000000	-0.906210
0.000000	-0.501523
0.000000	-0.339450
-1.000000	-0.594913
0.000000	-0.685778
-1.000000	-0.433657
0.000000	-0.357019
-1.000000	-0.652310
-1.000000	0.982018
0.000000	-0.788334
0.000000	-0.246042
0.000000	0.258275
-1.000000	-0.468116
-1.000000	-0.602918
0.000000	-0.546844
-1.000000	0.464191
0.000000	-1.041171
-1.000000	-0.600755
0.000000	-0.629379
0.000000	-0.356496
0.000000	-0.455956
0.000000	-0.431520
0.000000	-0.646353
0.000000	1.580479
0.000000	-0.660527
0.000000	1.833323
0.000000	1.977174
-1.000000	-1.353950
0.000000	-1.421193
0.000000	-2.039369
0.000000	0.590995
-1.000000	1.970634
-1.000000	2.481474
0.000000	-0.142384
0.000000	-1.237073
0.000000	2.162655
-1.000000	-0.844242
-1.000000	2.438279
0.000000	4.743699
-1.000000	1.518413
0.000000	-2.608997
-1.000000	2.149954
-1.000000	-2.473686
0.000000	-2.287902
0.000000	0.508822
0.000000	2.498705
0.000000	-3.263190
0.000000	2.101740
-1.000000	1.376836
0.000000	1.494559
0.000000	-1.197669
0.000000	-3.087355
-1.000000	-2.479961
0.000000	2.943846
0.000000	1.576484
0.000000	3.580570
0.000000	0.881415
0.000000	1.414230
0.000000	3.662927
0.000000	3.662442
0.000000	-1.135420
-1.000000	2.242023
-1.000000	1.628394
-1.000000	1.029906
0.000000	-1.288900
0.000000	0.986514
-1.000000	2.209617
0.000000	1.279257
-1.000000	-2.678837
-1.000000	2.803005
0.000000	1.788804
-1.000000	4.787032
0.000000	1.130577
0.000000	1.528596
0.000000	-2.493726
0.000000	0.193660
-1.000000	3.110927
0.000000	-2.352917
0.000000	3.859110
0.000000	-0.594024
-1.000000	2.654145
-1.000000	1.287858
0.000000	1.228622
0.000000	-0.202344
0.000000	-0.491296
0.000000	0.478376
-1.000000	0.632457
0.000000	-0.745646
-1.000000	-1.257397
0.000000	1.322319
0.000000	-0.554394
-1.000000	-0.404154
0.000000	-0.394434
0.000000	-0.763946
-1.000000	-0.343536
0.000000	-0.555000
-1.000000	-0.177185
0.000000	-0.651285
-1.000000	-0.585511
0.000000	-0.682326
0.000000	1.143497
-1.000000	0.307081
0.000000	0.659144
0.000000	0.357981
-1.000000	0.202971
-1.000000	-0.670209
-1.000000	0.599448
0.000000	-0.647177
-1.000000	-0.965464
0.000000	-0.452106
-1.000000	1.464005
-1.000000	-0.725406
0.000000	1.108984
0.000000	-0.469891
0.000000	-0.751620
-1.000000	-0.922617
0.000000	-0.748252
0.000000	0.508480
-1.000000	-1.377650
-1.000000	-0.411447
0.000000	-1.379616
0.000000	-0.481563
-1.000000	-0.162878
-1.000000	-0.718105
0.000000	-0.659410
-1.000000	-0.577844
0.000000	-0.349895
-1.000000	-0.403548
0.000000	1.077758
-1.000000	-1.026681
-1.000000	-0.666929
-1.000000	-0.713041
-1.000000	-0.486337
0.000000	-0.300445
-1.000000	1.215522
-1.000000	0.555729
0.000000	-0.382887
0.000000	-0.960175
-1.000000	-1.849572
-1.000000	0.167520
-1.000000	0.631232
0.000000	-0.731067
0.000000	-0.550808
0.000000	1.926409
0.000000	2.091856
0.000000	-2.062067
0.000000	1.214941
-1.000000	1.044293
0.000000	1.298615
0.000000	-1.411341
-1.000000	-1.695475
-1.000000	2.460074
0.000000	-1.769846
0.000000	0.508111
0.000000	-2.303871
0.000000	2.565585
0.000000	-1.067468
0.000000	2.573582
-1.000000	-0.495154
0.000000	2.040672
0.000000	-1.277647
0.000000	2.260568
-1.000000	1.734208
-1.000000	0.699622
0.000000	-1.523709
-1.000000	1.142639
-1.000000	-1.711824
0.000000	2.767071
0.000000	1.763427
-1.000000	-1.199878
0.000000	-1.477354
-1.000000	1.404898
0.000000	-1.552963
0.000000	-1.388139
0.000000	2.039944
-1.000000	2.145602
0.000000	2.175086
0.000000	0.477089
0.000000	2.033876
-1.000000	1.667689
-1.000000	-1.708696
0.000000	2.239474
-1.000000	-1.771219
0.000000	-1.159342
-1.000000	1.417743
0.000000	2.116483
-1.000000	2.985145
-1.000000	-1.170804
0.000000	-1.047099
0.000000	2.588357
-1.000000	-0.992460
0.000000	-0.622323
0.000000	1.104987
0.000000	-1.535596
-1.000000	-1.562536
0.000000	0.632499
-1.000000	2.505161
-1.000000	2.590116
0.000000	2.274079
0.000000	-1.746473
0.000000	-2.876227
-1.000000	1.590665
0.000000	-1.186366
0.000000	0.851818
0.000000	1.056807
0.000000	0.947610
0.000000	-0.871304
0.000000	-0.914533
-1.000000	0.207527
-1.000000	0.459533
-1.000000	-0.556732
-1.000000	1.389170
0.000000	0.922634
0.000000	0.694271
-1.000000	-0.662679
-1.000000	1.002255
-1.000000	-1.011089
0.000000	1.081227
-1.000000	0.770851
0.000000	1.064556
0.000000	0.608897
0.000000	-1.303551
0.000000	-1.434466
0.000000	-1.252215
0.000000	0.328799
0.000000	0.843306
-1.000000	-0.764326
0.000000	1.021933
-1.000000	-0.167841
0.000000	-0.826861
-1.000000	0.976604
0.000000	0.826556
0.000000	-1.090225
0.000000	1.078141
0.000000	1.247589
-1.000000	0.371288
0.000000	1.019741
0.000000	0.917421
-1.000000	0.153790
-1.000000	-0.305964
0.000000	-0.956130
0.000000	1.243541
0.000000	-0.472285
0.000000	0.150944
-1.000000	0.330175
-1.000000	0.801777
0.000000	1.095854
0.000000	-0.377176
-1.000000	0.326232
0.000000	0.849043
0.000000	-0.704749
-1.000000	-0.138995
0.000000	0.580757
0.000000	-0.513604
-1.000000	-0.371821
-1.000000	0.723530
0.000000	1.077376
-1.000000	0.682268
0.000000	-0.300130
0.000000	-0.370097
-1.000000	-2.103002
0.000000	0.210587
0.000000	-0.866189
0.000000	-0.661013
-1.000000	-0.429540
0.000000	0.513737
-1.000000	-0.460411
0.000000	0.509302
0.000000	-0.145074
-1.000000	0.558896
0.000000	-0.237290
-1.000000	-0.194735
-1.000000	-1.067131
-1.000000	-0.774217
0.000000	-0.567012
-1.000000	-0.448119
0.000000	-0.297421
-1.000000	-0.306993
0.000000	-0.337401
-1.000000	0.256127
0.000000	0.573590
0.000000	0.821093
-1.000000	0.726359
0.000000	-0.171897
0.000000	-0.878399
0.000000	-0.332147
-1.000000	0.571871
-1.000000	-0.306375
0.000000	0.378666
-1.000000	0.161350
-1.000000	1.070484
0.000000	-0.437130
0.000000	-0.476767
-1.000000	-0.423974
0.000000	-0.472780
-1.000000	0.434797
0.000000	-1.089170
0.000000	-1.261475
0.000000	1.147234
-1.000000	0.608555
0.000000	0.202933
-1.000000	-0.433194
-1.000000	-0.525793
-1.000000	-0.362195
0.000000	0.359278
-1.000000	-0.183124
0.000000	-0.285892
-1.000000	-0.299249
-1.000000	1.149240
-1.000000	-0.816561
-1.000000	-0.305186
0.000000	-0.395666
-1.000000	-0.456238
-1.000000	-0.490515
0.000000	0.811079
0.000000	0.183170
0.000000	-0.413674
0.000000	-0.421554
-1.000000	-0.213029
-1.000000	-0.304034
-1.000000	0.214499
-1.000000	-0.668146
0.000000	-0.447835
0.000000	-0.410826
0.000000	0.460473
0.000000	-0.842716
0.000000	0.368252
-1.000000	-0.458247
0.000000	-0.535269
0.000000	-0.554586
0.000000	-0.346653
0.000000	0.638051
0.000000	-0.409285
0.000000	-0.265123
0.000000	-0.177551
0.000000	0.319219
0.000000	0.215675
0.000000	0.192251
0.000000	0.294404
0.000000	0.380304
-1.000000	-0.555206
0.000000	0.453175
-1.000000	-0.775101
0.000000	-0.244557
0.000000	-0.210511
0.000000	-0.452595
0.000000	-0.556246
0.000000	0.143590
-1.000000	0.556878
0.000000	-0.326152
0.000000	-0.192178
0.000000	-0.420592
-1.000000	-0.450433
-1.000000	0.477264
-1.000000	0.443093
0.000000	0.453278
-1.000000	-0.391550
0.000000	0.297574
0.000000	1.392639
0.000000	0.929207
-1.000000	-0.833813
-1.000000	0.229852
-1.000000	-0.273577
-1.000000	-0.278083
-1.000000	0.533962
0.000000	-0.259756
-1.000000	0.252584
0.000000	-0.314262
0.000000	0.199480
0.000000	0.487172
0.000000	-0.212080
-1.000000	-0.255302
0.000000	0.342896
0.000000	0.229011
0.000000	0.292302
0.000000	-0.325904
-1.000000	0.278890
-1.000000	0.185988
-1.000000	1.043285
-1.000000	0.421730
-1.000000	-0.465026
0.000000	-0.684960
0.000000	-0.326578
