1.000000	3.884109
0.000000	0.551921
0.000000	0.716300
0.000000	2.700173
1.000000	2.223752
0.000000	1.049292
0.000000	2.577272
0.000000	2.820152
0.000000	1.141223
1.000000	0.534673
1.000000	1.864181
1.000000	1.114552
0.000000	1.814435
0.000000	1.435592
0.000000	1.981210
1.000000	2.904932
1.000000	3.047639
0.000000	2.560673
0.000000	1.045720
0.000000	-0.097744
1.000000	0.016257
1.000000	2.417300
1.000000	1.470353
0.000000	5.394959
0.000000	3.987992
0.000000	2.449964
0.000000	1.876480
1.000000	2.206084
0.000000	2.992536
0.000000	1.223664
0.000000	0.620128
0.000000	2.018114
1.000000	2.989664
0.000000	3.611523
0.000000	1.178210
0.000000	1.059786
0.000000	2.546165
0.000000	1.449638
0.000000	1.532821
0.000000	1.758856
0.000000	1.617506
1.000000	-1.360470
0.000000	-0.333950
0.000000	1.934069
0.000000	1.521745
0.000000	1.477385
1.000000	2.780213
1.000000	2.692979
0.000000	0.328057
1.000000	0.497583
0.000000	0.464232
0.000000	3.709124
1.000000	-0.653312
1.000000	1.697155
1.000000	1.778469
1.000000	0.505320
0.000000	-0.007412
1.000000	1.341060
1.000000	2.237105
0.000000	0.146136
0.000000	0.095918
0.000000	0.494173
0.000000	0.553429
0.000000	0.825160
0.000000	0.789243
1.000000	1.120099
0.000000	0.608828
0.000000	3.181516
1.000000	0.899566
0.000000	0.753068
0.000000	2.538694
0.000000	1.219827
0.000000	1.460974
1.000000	1.773114
0.000000	4.444801
0.000000	1.386602
0.000000	0.260069
1.000000	0.153705
1.000000	2.170101
0.000000	1.784844
1.000000	1.098586
0.000000	0.904694
0.000000	0.278836
1.000000	1.891188
1.000000	1.821776
1.000000	0.629650
0.000000	0.756641
1.000000	0.956813
0.000000	-0.593768
0.000000	0.964593
1.000000	1.330723
0.000000	1.054300
0.000000	-0.302338
1.000000	1.401352
1.000000	0.676063
0.000000	0.747680
0.000000	1.405979
1.000000	-0.265342
0.000000	3.214299
0.000000	1.441515
0.000000	-0.418792
0.000000	1.718512
1.000000	3.544214
0.000000	3.842714
0.000000	2.369977
0.000000	1.242284
0.000000	0.431999
0.000000	0.130925
0.000000	0.483110
0.000000	0.165594
0.000000	0.392355
0.000000	-0.458730
1.000000	2.484485
0.000000	1.721376
0.000000	1.577821
0.000000	1.977386
1.000000	0.526795
0.000000	2.008015
0.000000	0.847209
0.000000	0.799822
0.000000	0.182967
0.000000	0.110471
0.000000	-0.754172
0.000000	1.591019
1.000000	1.990696
0.000000	0.479301
0.000000	-0.402682
0.000000	0.973816
0.000000	0.317525
1.000000	1.854249
0.000000	0.775775
1.000000	-0.534488
1.000000	1.552516
0.000000	1.192612
0.000000	0.178363
0.000000	0.020718
0.000000	1.445391
1.000000	1.077779
0.000000	-0.547258
1.000000	0.181844
0.000000	-0.381397
1.000000	0.169633
0.000000	1.798402
0.000000	0.941654
0.000000	0.682152
0.000000	0.456037
1.000000	0.809452
0.000000	1.279117
0.000000	-1.085443
1.000000	-0.509001
0.000000	1.257231
1.000000	0.707786
0.000000	2.261119
0.000000	3.574867
0.000000	2.403284
1.000000	3.290659
0.000000	1.980122
1.000000	2.183294
1.000000	2.145895
1.000000	2.154197
0.000000	1.507520
1.000000	1.319751
0.000000	2.443928
0.000000	2.237029
0.000000	1.539658
0.000000	1.946600
0.000000	1.111543
0.000000	0.666759
1.000000	1.622080
1.000000	2.561523
0.000000	-0.035040
1.000000	2.500814
0.000000	0.678932
0.000000	3.596201
0.000000	4.237143
0.000000	1.554435
0.000000	1.310251
0.000000	0.874620
0.000000	2.514311
0.000000	1.802052
0.000000	0.628232
1.000000	1.347690
0.000000	1.938425
1.000000	1.499762
0.000000	0.833979
0.000000	1.796633
0.000000	1.688664
0.000000	1.939487
1.000000	1.300471
1.000000	0.504111
0.000000	-0.122610
0.000000	2.002056
1.000000	0.234343
1.000000	1.038376
1.000000	2.510321
0.000000	1.886286
0.000000	2.365746
0.000000	1.651706
0.000000	-0.098913
0.000000	0.376302
1.000000	0.620738
0.000000	2.519352
1.000000	1.239055
0.000000	3.130226
0.000000	3.550278
0.000000	1.062988
0.000000	2.565053
0.000000	2.153589
0.000000	1.276115
0.000000	0.775316
0.000000	1.297767
1.000000	1.074465
0.000000	1.740281
0.000000	1.623866
0.000000	1.789635
0.000000	2.042057
1.000000	-0.097738
1.000000	1.056684
0.000000	2.187031
0.000000	2.417003
0.000000	0.536537
0.000000	2.360637
0.000000	2.992064
0.000000	3.549430
0.000000	2.995516
0.000000	2.122356
1.000000	1.503206
0.000000	2.122871
0.000000	2.367453
0.000000	-0.006843
0.000000	1.390985
0.000000	1.961374
1.000000	1.769953
1.000000	2.404898
0.000000	1.684323
0.000000	1.870244
1.000000	1.413231
0.000000	1.712709
0.000000	0.671477
0.000000	1.309233
0.000000	1.302073
0.000000	0.685775
0.000000	0.185646
0.000000	1.623531
1.000000	1.670155
0.000000	2.089115
0.000000	2.297116
1.000000	2.743065
1.000000	0.946437
0.000000	-0.472359
1.000000	0.513469
1.000000	0.045359
0.000000	-0.150700
0.000000	1.711641
1.000000	-0.869525
0.000000	3.518985
0.000000	0.932374
1.000000	0.616899
0.000000	0.402955
0.000000	-0.507242
0.000000	0.281700
0.000000	0.555796
1.000000	0.370355
0.000000	0.949457
0.000000	1.860188
0.000000	1.188717
0.000000	1.172405
0.000000	1.167354
0.000000	0.569590
0.000000	1.494112
0.000000	0.388937
0.000000	0.822011
0.000000	0.686584
1.000000	3.030413
1.000000	2.915997
0.000000	1.781002
0.000000	-0.044889
0.000000	1.113040
1.000000	1.594191
0.000000	1.706786
0.000000	0.636112
1.000000	1.213105
0.000000	0.072258
1.000000	1.561243
0.000000	0.308293
1.000000	1.342786
0.000000	1.332065
1.000000	2.152095
0.000000	0.559063
0.000000	0.733064
0.000000	0.140888
0.000000	-1.181846
1.000000	0.938348
0.000000	0.708144
0.000000	0.187534
0.000000	2.230564
0.000000	2.713096
1.000000	1.662262
1.000000	-0.207227
0.000000	-0.830130
0.000000	2.341403
0.000000	1.750670
0.000000	-0.404941
0.000000	1.599187
1.000000	1.247438
0.000000	2.341907
1.000000	4.325782
0.000000	3.483356
0.000000	2.757633
1.000000	4.446585
0.000000	1.492026
0.000000	1.365227
0.000000	1.046450
0.000000	1.657053
0.000000	2.227346
1.000000	3.159513
0.000000	2.297704
1.000000	3.053235
1.000000	2.061859
1.000000	0.583643
0.000000	1.255784
0.000000	2.419161
0.000000	1.783621
0.000000	3.715189
0.000000	4.484150
0.000000	2.963256
1.000000	0.954417
1.000000	1.605665
0.000000	1.076996
1.000000	1.148015
0.000000	1.979489
0.000000	2.278869
0.000000	2.930004
1.000000	3.785562
1.000000	0.688683
1.000000	2.097562
1.000000	2.862453
1.000000	0.207308
0.000000	1.580993
0.000000	2.797492
0.000000	1.771118
0.000000	1.342120
1.000000	0.893922
0.000000	1.926628
0.000000	2.652428
1.000000	3.557211
0.000000	1.893330
1.000000	2.759416
1.000000	2.500352
0.000000	2.134666
0.000000	1.826121
0.000000	0.024311
0.000000	1.233899
0.000000	2.017873
1.000000	2.564000
0.000000	2.174326
0.000000	2.894069
1.000000	4.819874
0.000000	2.296499
0.000000	-0.117918
0.000000	3.229139
0.000000	1.588711
0.000000	3.198507
1.000000	1.677662
1.000000	3.414915
0.000000	2.167019
0.000000	2.081058
0.000000	1.583459
0.000000	1.815723
1.000000	1.641246
0.000000	-0.491492
1.000000	3.300577
1.000000	0.027603
0.000000	3.893022
0.000000	3.823848
0.000000	3.203951
1.000000	3.058282
0.000000	1.906102
0.000000	0.669439
0.000000	0.250675
1.000000	2.589577
0.000000	1.739421
0.000000	2.405786
1.000000	1.898766
0.000000	2.774559
0.000000	1.252028
1.000000	3.039433
1.000000	0.828925
1.000000	1.827419
1.000000	1.134649
0.000000	4.177983
0.000000	0.073273
0.000000	0.303258
0.000000	2.504190
0.000000	3.011528
0.000000	2.365075
0.000000	2.974029
0.000000	1.591008
0.000000	1.381022
0.000000	-0.836571
1.000000	1.174121
0.000000	2.302384
1.000000	0.264437
0.000000	1.623560
0.000000	1.711196
0.000000	1.222494
0.000000	-0.425608
0.000000	2.031737
0.000000	3.610644
0.000000	0.778162
1.000000	-0.760055
0.000000	-0.247398
1.000000	1.866668
1.000000	1.445557
0.000000	2.089709
0.000000	0.442607
0.000000	1.571867
0.000000	1.680889
0.000000	1.886595
0.000000	1.743261
1.000000	1.116408
0.000000	2.115213
0.000000	1.143754
1.000000	2.749090
1.000000	3.634156
0.000000	1.630425
1.000000	2.406382
0.000000	0.868982
1.000000	2.508446
1.000000	0.944182
0.000000	1.574185
0.000000	-0.114235
0.000000	-0.246828
1.000000	1.675491
0.000000	3.373329
0.000000	1.212296
1.000000	0.129327
0.000000	2.917745
1.000000	-0.026686
1.000000	1.010873
0.000000	0.792651
1.000000	1.430508
0.000000	0.806064
0.000000	1.224507
0.000000	0.885972
0.000000	0.496737
0.000000	1.740726
1.000000	0.289612
1.000000	0.932324
0.000000	1.040673
0.000000	2.138336
0.000000	0.346711
0.000000	-0.895432
1.000000	1.085779
0.000000	0.243329
0.000000	2.280242
1.000000	1.694633
1.000000	2.731169
1.000000	0.466253
1.000000	3.819998
0.000000	1.550404
0.000000	0.387449
0.000000	-0.423509
1.000000	-0.854452
0.000000	-0.540619
0.000000	1.792403
0.000000	1.606278
0.000000	1.269436
1.000000	1.156228
1.000000	-0.618732
0.000000	-0.101156
0.000000	0.900598
0.000000	0.762573
1.000000	2.624309
0.000000	4.998341
0.000000	0.840018
0.000000	-0.872952
1.000000	0.382998
0.000000	2.746252
0.000000	1.460572
1.000000	0.568838
0.000000	1.033116
1.000000	0.416969
1.000000	0.195905
0.000000	0.747301
0.000000	0.508599
0.000000	1.237488
0.000000	0.176719
1.000000	1.210056
0.000000	0.603334
0.000000	0.728545
0.000000	0.727382
0.000000	1.489409
0.000000	0.846722
0.000000	1.717316
1.000000	-0.759578
0.000000	-0.013892
1.000000	0.444850
0.000000	-0.404573
0.000000	1.175840
0.000000	2.838007
1.000000	0.659340
0.000000	0.812093
0.000000	1.364083
0.000000	3.180838
0.000000	0.353067
0.000000	2.515405
0.000000	3.690752
1.000000	1.223413
0.000000	0.280058
0.000000	2.830269
0.000000	0.840587
0.000000	3.067399
0.000000	2.426546
0.000000	2.137940
0.000000	3.473429
0.000000	2.403588
0.000000	2.012939
1.000000	3.436981
0.000000	0.728650
0.000000	2.204542
0.000000	4.064247
1.000000	1.368200
1.000000	2.596529
1.000000	2.874561
0.000000	2.320675
0.000000	1.602020
0.000000	2.751068
1.000000	0.203259
0.000000	-0.237938
0.000000	1.763508
0.000000	0.900334
0.000000	1.825081
0.000000	1.425751
0.000000	1.412645
0.000000	1.897183
1.000000	2.111555
0.000000	0.364926
0.000000	2.179735
1.000000	2.531827
0.000000	3.078211
1.000000	1.036704
0.000000	0.452274
1.000000	1.989225
0.000000	1.288330
0.000000	2.301976
0.000000	2.682195
0.000000	1.902959
0.000000	0.358233
1.000000	2.285445
0.000000	1.395166
0.000000	1.330452
1.000000	0.789014
1.000000	1.705187
0.000000	0.365585
0.000000	0.362131
1.000000	2.607549
0.000000	2.421745
1.000000	2.925071
0.000000	1.215112
1.000000	1.403050
0.000000	4.431575
1.000000	2.381981
0.000000	2.509059
0.000000	0.924231
1.000000	2.503650
0.000000	1.062391
0.000000	2.308779
0.000000	1.674276
0.000000	1.005811
0.000000	-0.736966
0.000000	1.808538
0.000000	1.927949
1.000000	3.306139
0.000000	3.729398
0.000000	0.005236
1.000000	0.285242
1.000000	2.229077
0.000000	2.500622
0.000000	1.265551
0.000000	1.650131
1.000000	1.955927
1.000000	1.598500
1.000000	2.115844
1.000000	0.262327
1.000000	1.759926
1.000000	2.820549
0.000000	1.083839
0.000000	1.652976
0.000000	2.349673
1.000000	0.561753
0.000000	0.296703
0.000000	1.533459
1.000000	1.584521
0.000000	1.954409
0.000000	2.862321
1.000000	1.849514
0.000000	2.072369
0.000000	2.296822
1.000000	1.978804
0.000000	-0.066086
0.000000	-0.502069
0.000000	0.046320
0.000000	2.384288
0.000000	1.221072
0.000000	0.233444
0.000000	0.504571
0.000000	1.202559
1.000000	1.146450
0.000000	0.482286
0.000000	0.000144
1.000000	0.667073
0.000000	3.047743
0.000000	1.099761
1.000000	0.789876
1.000000	0.814723
1.000000	1.399352
1.000000	3.693158
1.000000	1.019998
1.000000	1.726339
0.000000	1.794741
0.000000	2.290436
0.000000	1.187425
0.000000	1.309461
0.000000	3.024841
0.000000	0.812683
0.000000	2.084109
0.000000	0.628896
0.000000	2.999699
0.000000	0.285276
0.000000	1.216573
0.000000	-0.040205
0.000000	-0.025143
0.000000	0.482640
1.000000	1.082461
1.000000	0.255400
0.000000	0.561562
0.000000	2.248539
1.000000	-0.720780
1.000000	-0.151989
0.000000	0.806472
0.000000	0.651334
1.000000	0.435193
0.000000	-0.223223
1.000000	0.707054
0.000000	1.802310
1.000000	0.993510
0.000000	1.107851
1.000000	0.607805
1.000000	1.469665
0.000000	-0.048510
0.000000	2.480286
1.000000	0.371684
0.000000	1.547792
1.000000	0.070766
1.000000	0.601075
0.000000	0.812702
1.000000	0.594824
1.000000	2.807427
0.000000	1.016057
0.000000	-0.062235
0.000000	-0.331111
1.000000	1.301440
0.000000	3.527549
0.000000	0.935499
0.000000	0.498323
0.000000	-0.247478
0.000000	2.099598
0.000000	2.400930
0.000000	2.435199
0.000000	1.434281
1.000000	1.350586
0.000000	1.077072
1.000000	1.871919
0.000000	1.925443
1.000000	0.069475
0.000000	2.053531
1.000000	0.111983
1.000000	1.939170
0.000000	1.890317
1.000000	1.494719
0.000000	0.653275
0.000000	-0.154326
0.000000	1.480717
0.000000	2.435580
0.000000	-0.116973
0.000000	0.570994
0.000000	1.806552
0.000000	-0.758821
0.000000	0.774312
0.000000	0.981435
0.000000	1.071204
0.000000	1.006516
0.000000	-0.255049
1.000000	-0.758242
0.000000	1.123265
1.000000	1.768659
1.000000	1.258291
1.000000	1.939493
1.000000	-0.687005
1.000000	0.693021
1.000000	2.173432
0.000000	0.430557
0.000000	0.298774
0.000000	1.811995
1.000000	-0.167625
0.000000	1.584281
0.000000	1.464814
0.000000	4.297503
0.000000	2.434664
0.000000	0.892320
0.000000	0.230508
0.000000	2.438401
0.000000	2.401919
0.000000	3.008924
0.000000	1.184119
1.000000	1.441778
0.000000	1.868173
0.000000	0.440879
0.000000	2.429737
0.000000	1.539305
0.000000	1.989403
0.000000	1.679807
1.000000	1.630125
0.000000	3.432860
1.000000	-0.780552
0.000000	2.176109
1.000000	1.655297
1.000000	1.283243
0.000000	1.067944
0.000000	2.406539
0.000000	-0.500063
0.000000	0.255322
0.000000	0.403099
1.000000	2.114185
1.000000	1.273695
0.000000	2.291550
0.000000	2.945436
0.000000	-0.129083
1.000000	1.804247
1.000000	3.023059
1.000000	0.641808
0.000000	0.511735
0.000000	1.053670
0.000000	1.683143
0.000000	1.993967
0.000000	1.006728
1.000000	1.349232
1.000000	1.816966
1.000000	0.411801
0.000000	1.570021
0.000000	0.255812
0.000000	1.993961
0.000000	1.897419
0.000000	2.475644
1.000000	0.335598
1.000000	3.259347
0.000000	2.604134
0.000000	3.132759
0.000000	1.933450
0.000000	2.464140
1.000000	1.467388
0.000000	0.546853
0.000000	2.049488
0.000000	3.123488
0.000000	3.390952
0.000000	1.560109
0.000000	1.444229
0.000000	0.570970
0.000000	1.043249
0.000000	-0.985451
1.000000	3.705681
0.000000	0.657602
0.000000	3.975974
0.000000	2.105745
0.000000	1.866112
0.000000	1.041487
0.000000	1.729921
0.000000	2.449610
1.000000	-0.087348
0.000000	0.967752
0.000000	0.911065
1.000000	1.386455
0.000000	1.909205
1.000000	0.460634
0.000000	1.336238
1.000000	2.621456
1.000000	1.553940
1.000000	1.280306
1.000000	0.721273
1.000000	2.024819
1.000000	1.388539
0.000000	-0.151411
0.000000	1.564288
1.000000	1.799309
1.000000	0.462716
0.000000	2.259946
1.000000	2.444482
0.000000	0.567280
0.000000	-0.904088
0.000000	1.943448
0.000000	-0.785960
0.000000	1.158189
0.000000	1.210838
0.000000	2.770384
0.000000	1.214926
0.000000	1.971769
1.000000	1.619927
0.000000	1.513723
1.000000	1.587243
1.000000	0.306012
1.000000	0.715757
0.000000	3.813466
0.000000	1.139674
0.000000	3.294401
0.000000	0.926061
0.000000	5.056162
1.000000	2.810919
1.000000	0.861137
0.000000	2.669237
0.000000	1.370128
0.000000	2.164330
0.000000	1.421375
0.000000	2.573139
1.000000	4.356938
0.000000	0.844163
1.000000	2.567665
1.000000	2.406906
1.000000	2.338673
1.000000	3.697262
0.000000	1.529164
1.000000	2.128691
0.000000	1.014168
0.000000	1.684441
1.000000	2.418599
0.000000	1.475858
0.000000	2.383972
0.000000	2.185747
0.000000	2.097166
0.000000	1.818357
1.000000	1.213998
0.000000	-0.459600
0.000000	2.794871
0.000000	0.289850
1.000000	2.070666
0.000000	0.103950
0.000000	2.808380
1.000000	0.231132
0.000000	-0.214428
0.000000	0.829494
1.000000	1.664450
1.000000	1.519969
0.000000	1.843745
0.000000	3.158343
0.000000	1.022105
1.000000	1.732329
1.000000	1.922523
1.000000	2.789412
0.000000	2.155371
0.000000	2.260375
0.000000	2.220278
0.000000	2.011517
0.000000	1.453327
0.000000	-0.038867
1.000000	1.104435
0.000000	3.720297
1.000000	2.612347
1.000000	5.146857
0.000000	1.317305
1.000000	0.669860
0.000000	0.786769
1.000000	1.919737
1.000000	0.429410
0.000000	2.687918
0.000000	4.298821
1.000000	2.160440
0.000000	1.295075
0.000000	-0.651150
0.000000	3.007705
0.000000	3.434367
0.000000	1.093646
0.000000	1.978538
0.000000	2.274003
1.000000	2.970406
1.000000	0.459942
0.000000	2.892383
1.000000	1.524229
0.000000	0.731989
1.000000	1.427911
0.000000	1.062423
0.000000	3.081075
1.000000	1.731385
1.000000	0.665432
1.000000	2.111736
0.000000	1.236153
0.000000	1.229175
0.000000	1.138198
1.000000	1.934641
0.000000	1.018354
0.000000	0.412370
0.000000	-0.605100
0.000000	1.829026
1.000000	1.037501
1.000000	1.980050
0.000000	2.008710
0.000000	0.441299
1.000000	0.877395
0.000000	1.596546
0.000000	1.389852
1.000000	-0.456208
0.000000	0.697970
0.000000	-0.147404
0.000000	2.586842
0.000000	1.609338
1.000000	1.079896
0.000000	0.320141
0.000000	0.754933
0.000000	2.230822
0.000000	3.422979
0.000000	2.132574
0.000000	0.829253
1.000000	0.975018
0.000000	0.325808
1.000000	2.290232
1.000000	4.158639
0.000000	1.050289
0.000000	0.325550
0.000000	0.855654
0.000000	1.045364
1.000000	1.398120
0.000000	1.561320
0.000000	-0.651774
0.000000	-0.111831
1.000000	1.991925
0.000000	0.989673
0.000000	0.546530
0.000000	0.042448
1.000000	2.261069
1.000000	-0.182652
0.000000	-0.371280
1.000000	1.479791
0.000000	2.503551
0.000000	1.681429
0.000000	0.854780
0.000000	-0.201318
0.000000	1.580443
0.000000	1.931276
1.000000	1.005293
0.000000	-0.384807
0.000000	1.288223
0.000000	0.539869
0.000000	2.816684
0.000000	1.168501
0.000000	1.588529
0.000000	1.170494
0.000000	1.342071
1.000000	1.089392
0.000000	1.808569
0.000000	1.171806
0.000000	1.368770
0.000000	-0.374138
0.000000	0.369825
0.000000	1.614878
0.000000	0.416171
0.000000	0.585614
0.000000	1.728401
1.000000	2.718067
0.000000	1.457854
0.000000	1.060123
0.000000	3.265300
0.000000	1.256574
0.000000	2.100071
1.000000	0.886090
1.000000	1.655637
0.000000	3.535640
0.000000	0.864295
1.000000	0.647140
0.000000	0.052378
0.000000	1.358953
0.000000	1.780319
0.000000	2.779162
1.000000	0.338038
1.000000	0.435277
0.000000	0.370819
0.000000	2.073861
0.000000	0.051161
1.000000	1.359375
1.000000	1.035912
0.000000	-0.649227
0.000000	1.799454
0.000000	0.799951
1.000000	0.717037
0.000000	1.705001
0.000000	0.998315
1.000000	1.841996
0.000000	1.565653
1.000000	1.589595
0.000000	0.888157
1.000000	1.535968
0.000000	0.462621
1.000000	0.422820
0.000000	2.051158
0.000000	1.209895
0.000000	0.897226
0.000000	1.428922
0.000000	0.702840
0.000000	1.026859
0.000000	0.209036
0.000000	2.725665
0.000000	1.211736
1.000000	0.146477
0.000000	-0.017902
0.000000	2.123081
0.000000	0.543273
0.000000	1.802542
0.000000	0.628110
0.000000	0.695249
0.000000	1.032525
0.000000	1.309841
0.000000	1.448949
1.000000	3.305125
0.000000	0.488996
0.000000	0.742512
1.000000	2.224555
0.000000	1.340437
0.000000	1.635827
1.000000	1.111652
0.000000	0.173485
1.000000	0.506218
0.000000	1.642523
0.000000	1.123155
0.000000	0.338490
1.000000	-0.356027
0.000000	1.092092
0.000000	1.857791
1.000000	0.777624
0.000000	1.189586
0.000000	2.137671
1.000000	-0.554283
0.000000	-0.278505
1.000000	1.691238
0.000000	1.673164
0.000000	0.722376
1.000000	0.395634
1.000000	1.252081
0.000000	-0.398006
0.000000	0.088150
0.000000	-0.451606
1.000000	0.722616
1.000000	2.125464
0.000000	1.050209
1.000000	1.981087
1.000000	1.267088
0.000000	4.688642
0.000000	2.899002
0.000000	1.050152
1.000000	1.540963
1.000000	4.179703
0.000000	2.271862
0.000000	1.578354
1.000000	2.072723
0.000000	1.751075
0.000000	1.505366
1.000000	2.900043
0.000000	2.207327
0.000000	3.189399
1.000000	1.494001
0.000000	2.731810
0.000000	1.877254
0.000000	1.743953
0.000000	1.631583
0.000000	4.582154
1.000000	1.133182
1.000000	3.413695
0.000000	2.993310
0.000000	2.088409
0.000000	1.647931
0.000000	1.298855
1.000000	2.269767
0.000000	0.463456
1.000000	1.622765
0.000000	1.806139
1.000000	1.920483
1.000000	3.774992
0.000000	0.214484
1.000000	2.624281
0.000000	1.978895
0.000000	1.995407
1.000000	2.599979
0.000000	1.777348
1.000000	2.760483
0.000000	0.072831
0.000000	-0.083355
1.000000	3.456005
1.000000	2.584528
0.000000	2.539149
0.000000	2.871451
0.000000	2.594384
0.000000	1.556099
0.000000	0.130904
0.000000	0.310447
1.000000	0.028108
0.000000	-0.920222
0.000000	0.429533
1.000000	1.563728
0.000000	-0.068246
0.000000	0.671077
0.000000	2.324822
0.000000	-0.680067
1.000000	0.254872
1.000000	1.304517
0.000000	-0.483275
0.000000	-0.064892
1.000000	1.446153
0.000000	0.389105
0.000000	1.768435
0.000000	0.575840
0.000000	0.665249
0.000000	-0.941626
0.000000	-0.773404
1.000000	0.407511
0.000000	2.535887
1.000000	3.361683
1.000000	2.529581
1.000000	3.383193
1.000000	1.941973
0.000000	0.255204
0.000000	0.054399
0.000000	-0.192653
0.000000	0.141203
0.000000	0.108957
1.000000	-0.617621
1.000000	-0.109252
0.000000	2.063810
0.000000	-0.367493
0.000000	-0.407938
0.000000	1.160614
1.000000	-0.314662
1.000000	0.224651
0.000000	0.573347
0.000000	1.030303
0.000000	0.139967
0.000000	-0.443860
1.000000	-0.685037
1.000000	0.572610
0.000000	0.723528
1.000000	1.228530
0.000000	0.247125
1.000000	0.707789
1.000000	0.638585
0.000000	0.813531
1.000000	3.054764
0.000000	0.998994
0.000000	2.587581
1.000000	3.568759
0.000000	1.102882
0.000000	2.173218
0.000000	3.353981
0.000000	2.504555
1.000000	-0.476931
0.000000	1.744236
1.000000	2.267056
0.000000	3.011381
0.000000	3.146708
0.000000	2.696837
1.000000	3.323239
0.000000	2.764179
0.000000	3.237278
0.000000	2.418551
1.000000	3.215081
1.000000	1.315373
0.000000	2.890572
0.000000	0.951947
1.000000	6.418691
0.000000	4.656416
1.000000	2.346682
0.000000	1.627112
0.000000	2.222834
0.000000	2.792256
0.000000	1.385477
0.000000	1.552866
0.000000	1.807648
0.000000	1.908919
0.000000	3.676310
0.000000	1.945234
0.000000	1.492295
0.000000	1.947422
1.000000	3.535415
0.000000	2.055936
1.000000	2.094377
1.000000	2.642366
0.000000	0.520471
0.000000	-1.463867
1.000000	2.621655
1.000000	1.363366
0.000000	2.732614
0.000000	3.117776
0.000000	3.709658
0.000000	-0.427270
0.000000	0.445992
0.000000	2.132227
0.000000	1.588680
1.000000	0.305047
0.000000	4.313492
0.000000	1.680360
0.000000	1.670652
1.000000	2.402639
1.000000	2.982523
0.000000	1.552507
0.000000	1.129169
0.000000	2.217236
1.000000	1.017227
0.000000	2.047256
0.000000	1.248438
1.000000	2.771949
0.000000	4.053443
1.000000	0.908778
0.000000	3.640657
1.000000	1.661536
0.000000	1.901126
1.000000	0.744197
1.000000	3.496967
0.000000	2.296583
0.000000	4.610800
1.000000	6.891710
0.000000	1.461863
0.000000	1.219887
0.000000	1.382862
0.000000	1.294859
0.000000	1.496810
0.000000	2.809154
0.000000	1.861764
1.000000	1.061055
0.000000	1.753063
0.000000	0.163068
1.000000	2.458091
1.000000	3.424062
0.000000	3.488952
0.000000	1.787673
0.000000	1.938744
0.000000	1.513478
0.000000	1.326850
1.000000	0.957224
0.000000	2.332048
0.000000	3.778850
0.000000	2.171640
0.000000	2.201568
0.000000	3.531800
1.000000	0.998528
1.000000	-0.268782
1.000000	1.216972
0.000000	1.295370
0.000000	0.330096
0.000000	2.756683
0.000000	0.495119
1.000000	1.822117
0.000000	1.883990
0.000000	2.563648
0.000000	1.474338
1.000000	0.191468
1.000000	0.822651
0.000000	0.841664
0.000000	0.755457
0.000000	2.350500
1.000000	3.072123
0.000000	2.440092
1.000000	1.631721
0.000000	1.756805
0.000000	-0.240284
0.000000	1.064984
0.000000	0.073923
1.000000	1.724652
1.000000	1.851342
0.000000	2.945396
1.000000	4.190412
0.000000	3.192605
1.000000	2.056325
0.000000	0.514236
0.000000	1.590156
1.000000	0.190835
0.000000	0.194894
0.000000	1.166663
0.000000	0.279262
1.000000	2.395466
1.000000	-0.216964
1.000000	1.143827
0.000000	1.209736
0.000000	0.758708
1.000000	1.045817
0.000000	2.262955
1.000000	1.330617
0.000000	-0.498164
0.000000	0.025165
0.000000	0.794502
0.000000	0.689633
0.000000	2.587894
0.000000	2.129140
0.000000	1.555557
0.000000	2.793735
1.000000	1.426745
1.000000	0.659179
0.000000	1.045614
0.000000	-0.650792
0.000000	0.603575
0.000000	-0.261454
0.000000	1.447130
0.000000	0.850162
0.000000	1.830533
0.000000	0.903612
0.000000	0.058102
0.000000	-0.165529
0.000000	-0.959629
0.000000	1.064751
1.000000	0.526399
1.000000	0.801620
1.000000	0.865575
0.000000	2.812434
1.000000	1.856356
0.000000	0.731047
0.000000	1.793771
1.000000	2.240913
0.000000	1.431618
0.000000	-0.601739
0.000000	2.288651
0.000000	2.331744
0.000000	1.909029
1.000000	3.088342
1.000000	0.500307
1.000000	3.562269
0.000000	2.301075
0.000000	3.848133
0.000000	-0.784002
0.000000	-0.011421
0.000000	0.652769
1.000000	1.840486
0.000000	0.788032
1.000000	0.432836
0.000000	1.549055
1.000000	0.059721
0.000000	1.023467
0.000000	0.275203
1.000000	0.491440
1.000000	0.132623
0.000000	-0.910613
0.000000	0.681629
0.000000	0.596822
0.000000	1.807243
0.000000	-0.010665
0.000000	-0.002309
0.000000	0.098230
0.000000	2.572743
0.000000	0.476552
0.000000	-0.912007
1.000000	2.579580
0.000000	1.066605
0.000000	2.317655
0.000000	1.277409
1.000000	1.209430
0.000000	1.084304
0.000000	0.343574
1.000000	-0.243317
1.000000	0.924215
1.000000	1.920968
0.000000	0.813230
0.000000	1.801365
1.000000	1.174946
0.000000	1.830978
0.000000	3.671784
1.000000	1.086988
0.000000	2.107647
1.000000	1.434118
0.000000	1.491561
0.000000	0.032862
0.000000	2.911036
1.000000	3.642314
0.000000	2.073697
0.000000	1.510281
0.000000	3.710388
0.000000	2.516945
1.000000	3.070303
1.000000	1.668273
0.000000	1.185101
0.000000	2.194411
1.000000	1.953083
0.000000	0.770659
1.000000	0.921280
0.000000	1.014601
0.000000	1.921691
0.000000	0.930729
1.000000	1.401756
0.000000	0.395068
0.000000	-0.283118
0.000000	1.068999
1.000000	0.828755
1.000000	1.236938
0.000000	2.398461
1.000000	1.062069
1.000000	0.979116
0.000000	1.518518
0.000000	-0.685320
1.000000	0.778520
0.000000	0.853758
0.000000	1.354614
0.000000	2.139719
0.000000	2.389613
0.000000	1.351913
0.000000	2.334849
0.000000	1.776618
1.000000	2.900477
0.000000	0.640232
0.000000	0.878712
1.000000	0.898380
0.000000	1.230242
1.000000	1.036256
0.000000	0.683722
1.000000	1.103532
0.000000	2.528457
0.000000	2.457896
0.000000	1.683444
1.000000	1.677623
0.000000	1.976919
0.000000	2.781881
0.000000	-0.511904
0.000000	3.431207
1.000000	3.538673
0.000000	1.000131
0.000000	2.461773
1.000000	1.313016
0.000000	4.387625
0.000000	2.938861
0.000000	2.940822
0.000000	0.279173
0.000000	-0.145226
1.000000	0.463305
0.000000	3.206778
0.000000	1.068961
1.000000	1.767009
0.000000	1.492288
0.000000	0.920627
1.000000	-0.074171
0.000000	1.965285
0.000000	2.307949
0.000000	4.143058
1.000000	0.246825
0.000000	1.215702
0.000000	-1.074334
0.000000	2.003640
0.000000	1.630705
0.000000	0.184016
0.000000	-0.154567
1.000000	0.631920
0.000000	-0.589278
0.000000	-0.111786
1.000000	0.648883
1.000000	1.552903
0.000000	2.892226
1.000000	1.565861
0.000000	2.073231
1.000000	0.909111
1.000000	1.003445
0.000000	0.855177
0.000000	0.825698
0.000000	0.890501
0.000000	0.512047
0.000000	0.443729
0.000000	0.994153
0.000000	1.684945
1.000000	0.108612
0.000000	-0.485043
1.000000	-0.546724
1.000000	-0.166333
0.000000	0.965235
1.000000	1.396833
1.000000	1.278898
1.000000	2.986357
0.000000	0.475740
0.000000	0.840700
0.000000	-0.014220
1.000000	1.026998
1.000000	3.501170
0.000000	0.614806
0.000000	2.501043
0.000000	2.234968
0.000000	1.938373
0.000000	1.727588
1.000000	1.939582
1.000000	0.806307
0.000000	0.016034
0.000000	0.898163
0.000000	0.131036
1.000000	1.998364
0.000000	0.540721
0.000000	1.240189
0.000000	0.522573
0.000000	1.135850
1.000000	1.347347
1.000000	0.922129
0.000000	2.367560
1.000000	1.222387
0.000000	0.003125
0.000000	-0.501559
0.000000	2.264361
0.000000	1.249870
0.000000	1.644854
0.000000	2.690835
1.000000	1.134931
0.000000	1.665631
0.000000	2.163658
0.000000	2.410683
1.000000	1.053330
0.000000	0.438270
0.000000	1.698265
0.000000	1.474872
1.000000	2.213383
0.000000	2.121885
0.000000	1.060964
0.000000	1.683660
0.000000	2.296446
1.000000	0.513227
0.000000	2.673981
0.000000	1.782478
1.000000	2.350623
1.000000	2.343851
0.000000	3.556501
1.000000	2.647764
1.000000	1.428180
0.000000	0.593913
0.000000	1.418319
1.000000	2.176185
0.000000	1.080177
0.000000	3.305980
1.000000	1.153813
0.000000	1.089252
0.000000	1.521197
0.000000	1.068238
0.000000	1.469174
0.000000	1.155833
0.000000	3.047178
0.000000	1.128705
0.000000	0.652670
0.000000	2.026870
0.000000	2.774944
1.000000	1.606508
0.000000	0.390670
1.000000	2.474675
0.000000	1.252512
0.000000	1.461343
1.000000	1.741066
0.000000	0.904650
0.000000	0.683576
0.000000	1.535480
0.000000	-0.229098
0.000000	1.418299
0.000000	1.769443
1.000000	0.937486
0.000000	2.177960
1.000000	1.347010
0.000000	1.961859
0.000000	1.400823
0.000000	1.266408
0.000000	2.724566
0.000000	-0.093417
0.000000	0.724402
0.000000	-1.275259
0.000000	1.227131
0.000000	2.142852
0.000000	1.009730
0.000000	4.563070
1.000000	-0.690338
0.000000	0.807771
0.000000	0.163267
0.000000	2.249140
0.000000	0.934689
0.000000	2.949216
1.000000	2.705881
0.000000	1.193479
1.000000	0.403956
0.000000	1.334181
0.000000	1.447191
0.000000	1.685273
1.000000	-0.171272
1.000000	2.798117
0.000000	0.597866
0.000000	2.972022
0.000000	1.696759
0.000000	1.989575
0.000000	1.800788
0.000000	-0.258217
0.000000	0.710885
0.000000	1.034379
0.000000	-0.527493
0.000000	0.723119
0.000000	0.239778
0.000000	0.946359
0.000000	2.496410
0.000000	0.477187
1.000000	3.300378
0.000000	1.386940
0.000000	0.330182
0.000000	3.381899
0.000000	3.009958
0.000000	0.402391
0.000000	1.196974
0.000000	3.377376
1.000000	1.601050
0.000000	0.972636
0.000000	2.245128
0.000000	1.727620
0.000000	-0.376110
0.000000	0.246332
0.000000	0.966233
0.000000	1.246787
0.000000	0.896894
0.000000	-0.533682
0.000000	1.557361
0.000000	0.986238
1.000000	1.735551
1.000000	2.070205
0.000000	-0.110293
1.000000	-0.416201
0.000000	0.565377
0.000000	1.416188
0.000000	-0.028238
1.000000	3.091413
0.000000	3.174412
1.000000	2.346729
1.000000	-0.383627
1.000000	1.077494
0.000000	1.053937
1.000000	0.592370
0.000000	0.997548
0.000000	1.625246
1.000000	3.288696
0.000000	1.975587
0.000000	0.678144
1.000000	0.694536
0.000000	1.392040
1.000000	0.460367
0.000000	0.098964
0.000000	1.710903
0.000000	-1.036238
1.000000	-0.119504
0.000000	1.092694
0.000000	0.195366
1.000000	0.539444
0.000000	0.440728
0.000000	0.512834
0.000000	1.083870
0.000000	-0.883247
0.000000	1.066174
1.000000	2.296041
0.000000	1.299116
0.000000	1.032756
1.000000	2.404342
0.000000	3.658478
0.000000	1.694877
0.000000	3.071841
0.000000	4.163821
1.000000	2.488095
0.000000	2.219616
0.000000	2.035259
1.000000	0.546110
0.000000	1.793610
0.000000	0.163574
0.000000	2.627509
1.000000	3.420949
0.000000	0.145781
1.000000	2.929362
0.000000	3.166934
0.000000	2.218316
0.000000	2.718446
0.000000	2.050082
1.000000	3.458124
1.000000	4.046316
0.000000	4.839131
1.000000	1.573084
0.000000	2.032397
0.000000	2.486917
0.000000	3.486693
0.000000	-0.258128
1.000000	0.915860
1.000000	1.163384
0.000000	1.988603
1.000000	4.163577
0.000000	1.378594
1.000000	0.699912
0.000000	4.048784
0.000000	0.149401
0.000000	1.197394
0.000000	1.227029
1.000000	1.290008
1.000000	0.673843
1.000000	0.173444
0.000000	1.775845
1.000000	3.531289
0.000000	2.329692
0.000000	4.084198
0.000000	2.879604
0.000000	1.557489
1.000000	1.262815
1.000000	0.579171
1.000000	2.013695
0.000000	0.752393
0.000000	2.032263
0.000000	1.365153
0.000000	1.006624
1.000000	0.842994
0.000000	2.523149
0.000000	1.175036
1.000000	0.149545
0.000000	0.333596
1.000000	0.849855
1.000000	2.397733
1.000000	1.359068
0.000000	2.349644
0.000000	2.179688
0.000000	1.544247
0.000000	1.942378
0.000000	2.229637
0.000000	3.169492
0.000000	2.631045
0.000000	1.491020
0.000000	1.263064
1.000000	2.448765
1.000000	2.894923
0.000000	1.001563
0.000000	-0.196962
0.000000	0.499028
1.000000	2.399885
0.000000	2.328012
1.000000	2.475275
0.000000	0.778286
0.000000	0.518538
0.000000	0.274286
0.000000	3.675742
0.000000	-0.185890
0.000000	1.337950
0.000000	2.356360
0.000000	-0.336765
0.000000	1.399618
0.000000	1.362346
0.000000	-1.422113
0.000000	0.938747
1.000000	-0.002413
0.000000	0.180617
0.000000	0.222881
1.000000	1.569894
0.000000	0.162742
0.000000	1.962258
0.000000	0.594673
0.000000	2.288571
1.000000	2.119896
0.000000	-0.047071
0.000000	1.316775
0.000000	2.227677
0.000000	0.359247
0.000000	1.998571
0.000000	2.790666
0.000000	-0.119449
1.000000	2.465690
1.000000	1.384722
1.000000	1.492609
0.000000	3.483884
0.000000	0.408354
0.000000	1.988069
0.000000	1.272336
1.000000	2.728419
1.000000	1.846605
0.000000	0.436923
0.000000	1.122152
1.000000	1.355008
0.000000	2.981123
0.000000	-0.055578
0.000000	3.568854
0.000000	4.298237
0.000000	1.951831
0.000000	1.050376
0.000000	1.647708
0.000000	2.942972
0.000000	0.410105
0.000000	2.389822
1.000000	1.784524
0.000000	1.349792
0.000000	2.714451
0.000000	3.031572
0.000000	3.118756
0.000000	2.286120
0.000000	2.893946
0.000000	2.008317
1.000000	0.355680
0.000000	1.846203
0.000000	0.753842
0.000000	-0.567878
1.000000	1.042913
0.000000	2.830191
1.000000	0.998089
1.000000	2.122626
1.000000	1.434068
0.000000	0.955880
0.000000	1.647578
0.000000	2.089191
0.000000	2.187051
0.000000	0.459441
0.000000	2.862317
0.000000	1.916451
1.000000	2.767099
1.000000	2.597014
0.000000	2.521342
0.000000	1.985532
0.000000	1.209460
0.000000	1.934357
1.000000	3.017688
0.000000	3.227224
0.000000	1.928619
0.000000	2.260683
0.000000	3.219578
1.000000	3.676176
0.000000	2.142770
1.000000	1.669037
0.000000	1.132411
1.000000	0.088261
0.000000	4.376820
0.000000	2.800906
1.000000	3.400993
1.000000	3.250235
0.000000	2.803039
0.000000	-0.228987
1.000000	2.597428
0.000000	1.448001
0.000000	2.568865
0.000000	2.470983
0.000000	2.242116
0.000000	1.609717
1.000000	2.862099
0.000000	2.373798
1.000000	3.098355
0.000000	3.684675
0.000000	1.598888
0.000000	2.025297
0.000000	3.378868
0.000000	1.968110
0.000000	2.307397
0.000000	1.383194
0.000000	1.620576
1.000000	2.254965
0.000000	1.499264
0.000000	1.828778
0.000000	1.437477
1.000000	1.363989
0.000000	0.849793
0.000000	0.170975
0.000000	2.355708
1.000000	1.236962
0.000000	1.344535
0.000000	1.849423
0.000000	-0.206134
0.000000	0.989795
1.000000	1.427582
0.000000	1.106321
0.000000	1.586269
0.000000	0.158491
1.000000	-0.056055
1.000000	1.522015
0.000000	1.262994
1.000000	2.122272
1.000000	0.287487
0.000000	2.595753
0.000000	2.294042
0.000000	1.047502
0.000000	0.126087
0.000000	1.391006
0.000000	2.572598
1.000000	-0.348256
1.000000	2.196309
0.000000	3.222013
0.000000	0.692205
0.000000	1.084890
0.000000	0.880408
1.000000	1.887269
1.000000	1.304175
1.000000	1.378761
1.000000	-0.671116
0.000000	-0.124248
0.000000	1.316275
1.000000	1.364944
1.000000	1.130474
0.000000	0.589141
0.000000	2.910458
0.000000	-0.264240
1.000000	0.558509
0.000000	0.508340
0.000000	-0.081796
0.000000	1.377852
0.000000	1.139835
0.000000	0.550311
1.000000	1.143091
1.000000	2.604824
0.000000	0.910248
1.000000	0.828510
0.000000	2.021628
1.000000	2.174636
0.000000	1.040194
0.000000	-0.671488
0.000000	1.433952
0.000000	1.532973
1.000000	1.343263
0.000000	3.412896
0.000000	2.386478
0.000000	0.659353
0.000000	0.882097
0.000000	2.162780
1.000000	1.420522
0.000000	1.757080
1.000000	1.815197
0.000000	1.563064
0.000000	2.166400
1.000000	0.942441
0.000000	1.399711
0.000000	1.239347
0.000000	0.861004
1.000000	0.974091
0.000000	1.642046
1.000000	0.686964
0.000000	2.066222
0.000000	3.896862
1.000000	1.735098
0.000000	-0.501403
1.000000	2.950032
0.000000	0.221746
1.000000	2.274372
0.000000	0.437180
0.000000	0.241958
0.000000	2.023014
1.000000	2.816933
1.000000	-0.449774
1.000000	3.170491
0.000000	1.978511
0.000000	1.450689
1.000000	2.073833
0.000000	1.581525
1.000000	1.080603
0.000000	0.669003
1.000000	-0.426132
0.000000	0.885201
0.000000	2.335269
0.000000	1.147709
0.000000	1.815637
1.000000	1.944136
0.000000	0.189905
0.000000	0.158702
0.000000	0.795400
0.000000	1.291948
0.000000	0.978568
1.000000	1.235949
0.000000	3.153057
1.000000	-0.988617
0.000000	1.311147
0.000000	0.708041
1.000000	2.766645
0.000000	0.768568
0.000000	0.533338
0.000000	1.035907
0.000000	2.912572
0.000000	2.369925
0.000000	1.956331
0.000000	1.417737
1.000000	1.561289
1.000000	1.390669
1.000000	1.890344
0.000000	1.662390
0.000000	2.575018
1.000000	1.601522
1.000000	2.467317
0.000000	2.716963
0.000000	2.571036
0.000000	-0.208744
1.000000	1.914672
1.000000	1.775714
0.000000	2.865745
1.000000	0.500131
0.000000	3.020925
0.000000	0.719519
1.000000	0.917083
0.000000	0.998551
0.000000	1.489123
0.000000	1.130834
0.000000	1.354004
0.000000	2.172784
0.000000	0.130539
0.000000	3.201017
0.000000	1.662611
0.000000	2.130319
0.000000	0.025892
0.000000	0.491224
0.000000	1.157838
1.000000	2.789806
1.000000	1.659605
1.000000	1.057290
0.000000	2.426547
0.000000	1.077700
-1.000000	0.088324
0.000000	1.668472
0.000000	1.510118
0.000000	1.215060
0.000000	1.737314
0.000000	-0.293591
0.000000	0.687443
0.000000	1.390804
-1.000000	1.347830
0.000000	1.048973
0.000000	-0.429605
-1.000000	-0.149102
-1.000000	0.643413
-1.000000	1.622861
0.000000	0.592887
0.000000	0.503741
0.000000	1.221073
0.000000	1.773926
0.000000	1.054301
-1.000000	2.083898
-1.000000	1.589419
0.000000	2.390269
-1.000000	0.882398
0.000000	2.184044
0.000000	2.482391
0.000000	2.225363
0.000000	2.317702
0.000000	0.532091
0.000000	2.849487
0.000000	1.394083
0.000000	4.026535
0.000000	-0.655750
0.000000	0.073652
-1.000000	0.619315
0.000000	2.378100
0.000000	0.309605
0.000000	1.479537
-1.000000	2.851391
-1.000000	-0.788911
0.000000	-1.558242
0.000000	2.534022
-1.000000	1.267175
0.000000	1.049406
0.000000	-1.051067
0.000000	0.772792
0.000000	1.146081
-1.000000	2.999143
0.000000	1.348716
0.000000	1.802133
0.000000	0.913252
-1.000000	1.778548
-1.000000	2.587564
0.000000	0.338301
0.000000	0.669568
0.000000	1.839295
-1.000000	-0.463176
0.000000	0.454877
0.000000	0.939901
0.000000	0.993767
0.000000	0.899597
-1.000000	-0.421488
-1.000000	0.515521
0.000000	4.364658
0.000000	2.638389
0.000000	1.606018
0.000000	0.580896
0.000000	0.097472
0.000000	0.886221
0.000000	2.457281
-1.000000	1.532952
0.000000	1.135640
0.000000	0.682997
-1.000000	-0.008545
0.000000	1.431852
0.000000	2.072349
0.000000	1.361600
-1.000000	-0.397061
-1.000000	-0.288355
0.000000	2.543378
0.000000	0.124379
-1.000000	1.947130
-1.000000	0.679369
0.000000	0.976264
0.000000	0.800371
-1.000000	2.948351
0.000000	2.386536
0.000000	0.114514
0.000000	2.595657
0.000000	-0.295610
0.000000	0.676520
0.000000	0.799971
0.000000	3.078035
0.000000	-0.167274
-1.000000	1.607901
0.000000	0.967980
-1.000000	1.213932
-1.000000	-0.867265
-1.000000	0.635374
-1.000000	1.426313
-1.000000	1.918621
0.000000	-0.174390
-1.000000	0.615142
-1.000000	-2.596658
0.000000	1.093869
0.000000	1.703697
0.000000	1.184681
0.000000	0.157894
0.000000	2.159414
-1.000000	1.573934
0.000000	-0.187633
-1.000000	0.435572
-1.000000	-0.057903
0.000000	1.983957
-1.000000	0.348333
0.000000	1.009256
-1.000000	1.315583
0.000000	1.115815
-1.000000	1.347145
0.000000	2.391964
0.000000	1.078272
0.000000	2.013852
0.000000	0.896108
0.000000	1.056164
0.000000	2.312914
0.000000	3.721352
0.000000	0.465105
-1.000000	1.035533
0.000000	0.371288
0.000000	-0.063818
0.000000	0.155078
-1.000000	1.231178
0.000000	-0.104165
-1.000000	-1.015661
-1.000000	1.970206
0.000000	0.545318
-1.000000	1.729666
0.000000	0.132247
-1.000000	2.113880
0.000000	0.153770
0.000000	-0.251729
-1.000000	1.506052
0.000000	0.099891
0.000000	3.806969
0.000000	1.884148
0.000000	1.058406
0.000000	0.802344
0.000000	0.932832
0.000000	1.255943
-1.000000	0.554763
-1.000000	0.646959
0.000000	0.800216
-1.000000	0.179093
-1.000000	1.511575
0.000000	2.744065
0.000000	2.697468
-1.000000	-0.506047
0.000000	2.279300
0.000000	1.752525
0.000000	2.469226
-1.000000	0.381661
0.000000	1.611751
0.000000	0.288614
-1.000000	2.584083
0.000000	1.180354
0.000000	1.812320
0.000000	2.197598
0.000000	1.631295
0.000000	3.400666
-1.000000	2.493453
0.000000	1.302227
-1.000000	0.350197
0.000000	1.175272
-1.000000	0.199920
0.000000	2.548909
0.000000	3.064143
0.000000	2.485250
0.000000	0.565964
0.000000	0.428669
0.000000	1.037770
-1.000000	-0.174802
-1.000000	1.156613
0.000000	0.687430
0.000000	0.487730
0.000000	2.720335
-1.000000	1.792570
-1.000000	0.946469
0.000000	1.702077
-1.000000	1.328175
0.000000	1.289774
-1.000000	1.087539
0.000000	1.550818
0.000000	-0.140877
-1.000000	0.299275
0.000000	3.400979
0.000000	1.522925
0.000000	1.519472
-1.000000	2.871110
0.000000	1.208320
-1.000000	0.835372
-1.000000	1.486122
0.000000	2.338337
0.000000	0.329686
0.000000	0.969318
0.000000	3.327918
-1.000000	3.671630
0.000000	1.048496
0.000000	3.221085
0.000000	3.038287
0.000000	1.724161
0.000000	1.278372
0.000000	2.874643
0.000000	2.618645
0.000000	2.034883
0.000000	3.107937
0.000000	1.484778
0.000000	2.284401
-1.000000	1.769581
0.000000	2.545245
-1.000000	3.409243
-1.000000	0.303304
-1.000000	-0.168636
0.000000	3.444523
-1.000000	2.338061
0.000000	4.271732
0.000000	4.404979
0.000000	3.447884
-1.000000	0.355739
-1.000000	2.584609
0.000000	2.065296
0.000000	1.858889
0.000000	0.678881
0.000000	2.089312
0.000000	1.696945
0.000000	3.364065
0.000000	1.386006
-1.000000	2.481776
0.000000	4.330727
0.000000	1.482595
0.000000	3.032765
0.000000	2.817687
-1.000000	2.592146
-1.000000	1.775957
-1.000000	1.047083
0.000000	1.876747
0.000000	4.094849
0.000000	2.438187
0.000000	1.623980
0.000000	2.629216
0.000000	0.216402
0.000000	0.892279
0.000000	0.729447
-1.000000	1.721397
-1.000000	1.084652
0.000000	1.708898
-1.000000	1.611100
0.000000	1.282657
0.000000	1.627297
0.000000	1.763954
0.000000	3.240037
0.000000	-0.070180
0.000000	0.024519
-1.000000	-0.705363
0.000000	2.078366
-1.000000	1.821844
-1.000000	2.635937
0.000000	2.344349
0.000000	2.143219
0.000000	2.008624
-1.000000	1.060950
0.000000	2.515551
-1.000000	2.350357
0.000000	1.190531
0.000000	2.517093
0.000000	3.208327
0.000000	2.791022
0.000000	1.817602
-1.000000	0.247763
0.000000	2.011843
0.000000	1.623679
-1.000000	0.429673
0.000000	2.971704
0.000000	2.026584
0.000000	0.921232
0.000000	1.241436
-1.000000	2.934006
0.000000	1.021798
-1.000000	2.120166
-1.000000	2.758675
0.000000	0.471657
0.000000	2.217693
0.000000	2.213361
-1.000000	0.634534
-1.000000	0.342389
-1.000000	0.172097
-1.000000	1.278239
0.000000	3.171815
0.000000	1.223979
-1.000000	0.181761
0.000000	2.643422
-1.000000	0.987778
0.000000	2.263720
0.000000	1.526535
0.000000	0.323960
0.000000	1.459178
0.000000	1.143920
0.000000	1.637628
-1.000000	1.548307
0.000000	2.607506
0.000000	1.454019
-1.000000	1.687630
0.000000	0.976263
0.000000	0.707771
0.000000	1.516502
-1.000000	1.250606
0.000000	2.406300
0.000000	2.422205
-1.000000	0.453986
0.000000	2.885753
0.000000	1.322736
0.000000	2.378107
0.000000	2.521521
0.000000	2.316356
0.000000	1.270802
0.000000	3.577097
0.000000	5.051210
0.000000	3.440015
-1.000000	0.950818
0.000000	2.432291
-1.000000	1.463301
-1.000000	1.357365
0.000000	3.077901
0.000000	0.209414
0.000000	2.066431
0.000000	1.989849
-1.000000	2.264417
0.000000	2.537306
0.000000	2.974370
0.000000	2.469870
-1.000000	1.484178
-1.000000	1.655364
0.000000	1.953771
-1.000000	0.278847
0.000000	0.369108
0.000000	1.553317
0.000000	2.139823
0.000000	2.184593
0.000000	4.285241
0.000000	1.785478
-1.000000	1.713185
0.000000	0.299495
0.000000	2.522311
0.000000	1.208767
0.000000	1.526030
0.000000	3.100002
0.000000	1.519867
0.000000	1.816516
0.000000	2.289925
0.000000	2.122370
-1.000000	1.493957
-1.000000	1.596937
0.000000	1.083875
0.000000	1.479875
0.000000	1.049446
0.000000	1.036750
-1.000000	4.706673
0.000000	2.300509
0.000000	0.423103
0.000000	1.279230
0.000000	1.722096
0.000000	1.649359
0.000000	1.666457
0.000000	1.729943
0.000000	1.441536
0.000000	3.200522
0.000000	2.980689
0.000000	1.854931
0.000000	1.131245
-1.000000	2.978319
0.000000	1.206965
0.000000	1.863446
0.000000	1.554808
0.000000	1.573639
-1.000000	1.273095
0.000000	1.731576
0.000000	1.556097
0.000000	2.208077
0.000000	2.526153
0.000000	2.448714
0.000000	1.150271
0.000000	1.780521
-1.000000	1.878928
0.000000	2.102412
0.000000	0.967915
0.000000	2.252067
0.000000	2.234062
0.000000	2.745279
0.000000	1.016575
0.000000	4.133140
-1.000000	1.991584
-1.000000	1.163902
0.000000	0.588239
-1.000000	1.266854
0.000000	1.000653
0.000000	0.613012
0.000000	2.281095
-1.000000	0.082755
0.000000	0.286040
0.000000	1.293313
-1.000000	1.262995
0.000000	0.200206
0.000000	0.328210
0.000000	0.218208
0.000000	0.599289
-1.000000	2.466117
0.000000	1.491068
0.000000	0.761752
0.000000	0.873131
0.000000	1.456786
0.000000	0.165217
-1.000000	1.168379
-1.000000	1.946492
0.000000	1.933885
0.000000	2.430823
-1.000000	3.115115
0.000000	3.981298
-1.000000	0.486238
0.000000	-0.612816
0.000000	0.055304
0.000000	1.096092
0.000000	0.809373
0.000000	0.483703
0.000000	-1.095627
-1.000000	0.844002
0.000000	0.999605
0.000000	1.960735
0.000000	-0.707490
0.000000	2.038881
-1.000000	0.632482
0.000000	0.010025
-1.000000	-0.524582
-1.000000	0.472832
-1.000000	1.351303
0.000000	1.696040
-1.000000	-0.576505
-1.000000	1.028966
0.000000	1.876626
0.000000	2.380895
0.000000	1.022924
0.000000	2.984524
0.000000	1.081835
0.000000	1.186335
-1.000000	0.852457
-1.000000	1.981702
0.000000	1.770056
0.000000	0.372680
-1.000000	-0.504550
-1.000000	0.221233
0.000000	0.484008
-1.000000	1.862216
0.000000	0.332749
0.000000	-0.442977
0.000000	-0.764276
0.000000	2.123568
0.000000	0.840794
-1.000000	-0.792383
0.000000	1.316788
-1.000000	0.758282
-1.000000	0.833128
0.000000	1.052668
0.000000	-0.080114
0.000000	2.325385
0.000000	0.352550
0.000000	0.898212
-1.000000	2.279314
0.000000	1.939367
0.000000	-0.944829
0.000000	-0.246714
-1.000000	0.085906
-1.000000	2.760873
0.000000	1.359471
0.000000	0.031856
-1.000000	0.432227
0.000000	-0.084114
-1.000000	1.139982
0.000000	1.829831
-1.000000	-1.266823
0.000000	0.892414
0.000000	0.177655
-1.000000	-0.534763
0.000000	1.263222
-1.000000	0.624896
-1.000000	0.394961
0.000000	0.764231
0.000000	0.185360
0.000000	0.208567
-1.000000	1.925465
0.000000	0.268277
-1.000000	0.572482
0.000000	1.119055
0.000000	3.762467
