0.000000	3.988210
0.000000	1.287572
0.000000	0.102163
0.000000	0.991780
1.000000	2.306917
1.000000	0.331816
0.000000	1.238886
1.000000	0.268454
1.000000	0.598968
0.000000	-0.026542
0.000000	0.155201
0.000000	0.707776
0.000000	1.096653
1.000000	2.092725
0.000000	-0.875409
0.000000	0.410614
1.000000	0.972937
0.000000	0.875832
1.000000	1.756210
0.000000	1.151070
0.000000	-0.607719
1.000000	0.414444
0.000000	-0.508752
0.000000	1.706200
0.000000	0.931277
0.000000	1.468032
0.000000	-0.514038
0.000000	-0.116859
0.000000	1.028913
1.000000	1.161021
0.000000	-0.568992
1.000000	0.123001
0.000000	0.572802
0.000000	1.058372
1.000000	0.444007
0.000000	1.330770
0.000000	0.553908
1.000000	0.476164
1.000000	0.492501
0.000000	1.954488
0.000000	1.252597
0.000000	3.083331
0.000000	0.905366
0.000000	0.382426
1.000000	3.040993
1.000000	1.514199
0.000000	2.106506
1.000000	1.794322
0.000000	1.100759
0.000000	1.480050
1.000000	1.787473
1.000000	3.769702
1.000000	1.445823
0.000000	3.034698
1.000000	0.950456
1.000000	2.143225
0.000000	2.884127
0.000000	0.841981
0.000000	-0.208390
1.000000	0.871071
0.000000	1.946171
1.000000	1.185742
0.000000	-0.951196
0.000000	2.623692
1.000000	1.664357
0.000000	0.739260
0.000000	0.653479
1.000000	-1.127116
1.000000	1.203683
0.000000	0.907347
1.000000	2.124235
0.000000	-0.214108
0.000000	-0.048232
0.000000	0.990616
1.000000	1.597949
1.000000	0.609080
0.000000	1.171870
0.000000	1.206628
0.000000	1.669390
1.000000	2.550794
0.000000	1.244862
1.000000	1.609792
0.000000	1.506058
0.000000	0.973619
1.000000	0.786542
1.000000	1.210391
0.000000	1.833109
0.000000	0.398512
0.000000	2.192927
0.000000	0.164989
0.000000	1.229825
1.000000	1.224907
0.000000	0.602374
1.000000	1.328110
0.000000	1.544745
0.000000	2.617417
1.000000	0.974072
1.000000	0.209019
0.000000	1.681241
0.000000	2.320362
1.000000	1.220284
1.000000	-1.137386
1.000000	4.284316
0.000000	1.643012
0.000000	1.382597
1.000000	2.129629
0.000000	0.469249
1.000000	1.615446
0.000000	1.801414
0.000000	0.025603
1.000000	1.279647
0.000000	0.367287
0.000000	2.178367
1.000000	-0.191464
0.000000	1.563944
1.000000	1.911598
1.000000	-0.135648
1.000000	1.361562
1.000000	2.265797
1.000000	1.293627
0.000000	1.612877
0.000000	0.015001
1.000000	1.652864
1.000000	0.861139
0.000000	0.903010
0.000000	1.435509
0.000000	1.350984
0.000000	0.977424
1.000000	2.429208
0.000000	0.643390
1.000000	0.600583
0.000000	1.855406
0.000000	-0.184902
0.000000	1.025178
1.000000	-0.469637
0.000000	0.934992
1.000000	-0.114587
0.000000	0.626560
0.000000	2.183409
1.000000	1.866039
0.000000	1.733381
0.000000	1.651223
0.000000	0.914520
1.000000	0.169535
0.000000	-0.422468
0.000000	0.207664
0.000000	1.645120
1.000000	1.634436
0.000000	1.161572
0.000000	0.660156
0.000000	0.883894
0.000000	1.299978
1.000000	-0.154116
1.000000	4.270810
0.000000	-0.165412
0.000000	1.007910
0.000000	1.093011
0.000000	1.262558
0.000000	0.852991
0.000000	-0.614981
0.000000	2.460224
0.000000	1.347042
0.000000	1.016222
0.000000	0.760612
0.000000	2.783760
1.000000	0.538670
0.000000	0.407508
0.000000	0.207860
0.000000	-0.387935
0.000000	1.610895
1.000000	0.636706
0.000000	0.478619
0.000000	0.793721
0.000000	2.520583
1.000000	1.236618
0.000000	1.947872
0.000000	1.513407
1.000000	0.753891
0.000000	0.725453
1.000000	2.676704
0.000000	2.841648
1.000000	2.823759
1.000000	1.333223
1.000000	1.451199
0.000000	1.448222
1.000000	2.332699
1.000000	1.377913
0.000000	0.381623
0.000000	2.454847
1.000000	1.525994
1.000000	2.196788
0.000000	0.616466
0.000000	1.471141
1.000000	0.007377
0.000000	1.713016
0.000000	0.031908
1.000000	2.081519
0.000000	-0.171330
1.000000	0.686762
0.000000	-0.901702
1.000000	0.322773
0.000000	0.148966
0.000000	0.619603
0.000000	-0.185908
1.000000	3.856046
0.000000	0.501220
0.000000	1.151442
0.000000	0.482444
0.000000	-0.593909
1.000000	0.632499
0.000000	0.831634
1.000000	1.057208
0.000000	0.927192
0.000000	1.013060
0.000000	-0.143965
1.000000	1.033431
0.000000	-0.154618
0.000000	0.141166
1.000000	0.207517
0.000000	1.107584
0.000000	2.035089
1.000000	2.121868
1.000000	1.220150
1.000000	0.194381
0.000000	0.925786
1.000000	2.411821
0.000000	-0.957115
0.000000	0.096923
1.000000	1.340062
1.000000	-0.887330
0.000000	0.061920
0.000000	1.103685
0.000000	-0.095914
1.000000	-0.786947
0.000000	-0.859180
0.000000	1.824496
0.000000	0.237247
0.000000	-0.112997
0.000000	0.942625
0.000000	0.711178
0.000000	1.340611
0.000000	-0.108166
0.000000	-0.985282
0.000000	0.229668
0.000000	0.467064
0.000000	0.640006
0.000000	0.432983
0.000000	0.704563
0.000000	1.668583
1.000000	2.744591
0.000000	0.977001
0.000000	-0.342428
0.000000	1.460748
0.000000	1.101990
0.000000	0.011677
0.000000	3.790943
1.000000	0.615098
1.000000	1.630032
0.000000	0.354663
0.000000	-0.720443
0.000000	1.920638
0.000000	-0.046576
0.000000	1.219765
1.000000	2.017271
1.000000	1.171532
0.000000	0.913546
1.000000	-1.300521
0.000000	1.738105
0.000000	0.092676
1.000000	1.334836
1.000000	-0.461991
0.000000	0.840839
1.000000	1.769640
0.000000	-0.775007
0.000000	0.219761
0.000000	0.441773
0.000000	1.099538
0.000000	-0.595273
1.000000	1.385300
0.000000	2.739617
1.000000	0.986697
1.000000	0.202418
0.000000	0.896140
1.000000	-1.362407
0.000000	2.013903
0.000000	1.075426
0.000000	0.878288
0.000000	0.206423
0.000000	2.329331
0.000000	0.497704
1.000000	1.140609
1.000000	0.584804
1.000000	0.788110
0.000000	-1.215288
0.000000	1.109219
0.000000	1.539407
0.000000	1.510668
0.000000	-0.086884
1.000000	0.685923
0.000000	-0.523509
0.000000	0.523199
0.000000	1.734071
1.000000	1.276590
0.000000	1.844574
1.000000	-0.021958
0.000000	1.203266
0.000000	4.268296
1.000000	-0.586779
1.000000	0.925534
1.000000	-1.053377
1.000000	3.084773
0.000000	3.226112
0.000000	1.025261
0.000000	0.205822
0.000000	2.554292
0.000000	1.884863
0.000000	1.023439
0.000000	1.844027
0.000000	1.161381
1.000000	-1.037854
0.000000	3.037007
1.000000	0.938921
0.000000	0.837302
1.000000	0.497328
1.000000	0.494714
0.000000	-0.406414
1.000000	2.090271
1.000000	0.413529
1.000000	1.038172
0.000000	1.554369
0.000000	0.736947
0.000000	1.446408
1.000000	1.759323
0.000000	1.125222
0.000000	0.315551
1.000000	1.154260
0.000000	0.315223
1.000000	1.115087
1.000000	1.732649
1.000000	0.298308
0.000000	1.407886
1.000000	0.949494
0.000000	1.739303
1.000000	1.616981
0.000000	2.503457
1.000000	1.540743
0.000000	0.955150
0.000000	0.108170
0.000000	-0.239414
1.000000	1.424581
0.000000	0.052064
0.000000	0.626578
0.000000	-0.257318
0.000000	0.614779
0.000000	0.340055
1.000000	1.081179
1.000000	1.533110
0.000000	2.864520
1.000000	-0.035313
1.000000	-0.630846
0.000000	0.835249
0.000000	1.482996
1.000000	0.348683
1.000000	-0.201232
0.000000	0.726291
1.000000	1.070562
0.000000	-0.219777
0.000000	0.609465
0.000000	0.290029
0.000000	0.532139
1.000000	0.093846
0.000000	1.081379
0.000000	1.476409
1.000000	1.337002
0.000000	-0.301985
0.000000	1.241315
1.000000	-0.146243
1.000000	0.543714
0.000000	0.669520
0.000000	0.762467
0.000000	0.455966
0.000000	1.125259
0.000000	-0.281929
1.000000	-0.946522
1.000000	0.589445
1.000000	1.098240
0.000000	0.407593
1.000000	0.775120
1.000000	1.144736
0.000000	0.364206
0.000000	-0.089681
1.000000	-0.090099
1.000000	1.109054
0.000000	-1.105988
0.000000	0.990235
0.000000	-0.935838
0.000000	-1.455930
0.000000	-0.794770
0.000000	0.070101
0.000000	-0.422435
0.000000	1.405036
0.000000	0.568384
0.000000	0.882271
1.000000	2.173377
0.000000	1.808887
0.000000	-0.011489
1.000000	-0.305369
1.000000	1.993162
0.000000	3.414250
0.000000	0.564950
1.000000	0.296501
0.000000	1.479233
0.000000	0.712704
0.000000	0.429625
0.000000	0.407279
0.000000	1.810278
0.000000	0.125736
1.000000	0.792655
1.000000	0.063936
0.000000	0.856845
0.000000	0.116912
1.000000	0.479364
1.000000	2.249076
1.000000	0.240433
0.000000	1.362024
0.000000	1.576942
0.000000	0.334762
0.000000	2.113368
1.000000	0.777736
1.000000	0.743059
1.000000	1.455691
0.000000	0.890612
0.000000	0.835723
0.000000	0.560291
1.000000	1.227635
0.000000	0.584912
0.000000	0.102139
1.000000	0.359330
0.000000	-0.551282
0.000000	1.424783
1.000000	-0.682656
1.000000	0.612188
0.000000	1.073924
1.000000	0.260647
1.000000	2.160905
1.000000	0.174896
0.000000	-0.885438
1.000000	-0.067231
0.000000	0.435955
1.000000	0.822193
0.000000	1.356313
0.000000	1.352428
1.000000	0.626232
0.000000	2.011428
0.000000	0.651722
0.000000	-0.503511
0.000000	-1.290350
0.000000	0.658969
0.000000	1.153590
1.000000	3.781455
0.000000	0.955094
1.000000	1.170043
0.000000	-1.380675
1.000000	1.223911
1.000000	1.595702
0.000000	0.827625
0.000000	0.985918
1.000000	-1.472542
0.000000	0.642760
1.000000	-0.852547
1.000000	-0.745410
0.000000	0.420626
0.000000	0.032017
0.000000	0.935061
0.000000	1.270553
1.000000	1.166312
0.000000	0.213734
1.000000	0.947092
1.000000	0.261340
1.000000	0.718431
1.000000	0.979301
0.000000	-0.586006
0.000000	0.505410
1.000000	1.519851
0.000000	-0.112070
1.000000	1.063189
1.000000	0.263498
1.000000	-0.333477
1.000000	0.239411
1.000000	2.022678
0.000000	1.307957
0.000000	1.188157
1.000000	1.509860
0.000000	1.475655
1.000000	0.063367
0.000000	0.629291
1.000000	0.915161
0.000000	0.344569
0.000000	0.133748
0.000000	1.251900
0.000000	0.559521
1.000000	-1.520176
0.000000	2.868971
1.000000	2.877350
0.000000	1.297676
0.000000	0.389986
1.000000	0.339260
0.000000	0.008205
0.000000	-0.241666
1.000000	2.310298
1.000000	4.769148
1.000000	-0.396572
1.000000	1.286292
0.000000	0.521025
1.000000	1.812150
0.000000	1.622617
0.000000	0.886115
0.000000	0.635961
1.000000	0.124282
0.000000	0.445843
1.000000	0.702026
1.000000	0.035129
0.000000	0.321043
0.000000	1.032901
0.000000	0.671881
0.000000	-0.365403
1.000000	-0.351549
0.000000	2.289955
1.000000	2.467972
0.000000	1.406039
0.000000	1.583661
0.000000	1.926329
1.000000	-0.805848
0.000000	-0.186749
0.000000	1.407644
1.000000	2.519246
0.000000	2.661270
1.000000	1.002451
0.000000	1.852370
0.000000	2.588866
0.000000	2.102707
0.000000	1.788950
0.000000	0.992884
0.000000	0.038156
0.000000	0.929869
0.000000	0.482704
1.000000	3.524981
0.000000	0.452392
0.000000	0.856939
1.000000	0.756455
0.000000	0.642903
0.000000	0.125203
0.000000	0.934295
0.000000	1.486203
0.000000	2.078122
0.000000	1.690611
0.000000	1.040844
0.000000	0.167592
0.000000	0.164479
1.000000	1.635849
0.000000	0.883958
1.000000	3.781621
0.000000	0.570713
0.000000	0.764228
0.000000	0.500841
1.000000	1.363918
1.000000	1.758802
1.000000	0.740173
1.000000	1.387836
1.000000	0.439310
0.000000	0.961211
1.000000	0.544899
0.000000	0.349549
0.000000	2.597231
1.000000	2.145712
1.000000	0.933644
0.000000	0.410790
0.000000	1.656329
1.000000	2.164100
1.000000	0.232851
1.000000	-1.053934
1.000000	0.820521
1.000000	-0.497841
1.000000	1.284638
1.000000	0.937854
0.000000	0.228466
1.000000	1.707831
0.000000	0.185690
0.000000	1.625047
0.000000	1.737113
0.000000	-0.207362
1.000000	2.131246
1.000000	0.363293
1.000000	0.247391
0.000000	1.391741
0.000000	1.953279
1.000000	0.670390
0.000000	0.983504
0.000000	-0.201998
1.000000	0.841718
0.000000	0.186135
1.000000	0.385132
0.000000	1.346250
0.000000	2.903551
0.000000	-0.116373
1.000000	0.411667
1.000000	0.009821
1.000000	0.245004
1.000000	-0.682486
0.000000	-0.500559
0.000000	2.138702
0.000000	1.290538
0.000000	3.392024
1.000000	0.216467
0.000000	2.093338
0.000000	2.018855
0.000000	0.431322
0.000000	0.439832
1.000000	0.405305
0.000000	-0.075344
0.000000	0.412806
0.000000	1.921994
0.000000	-0.468318
1.000000	2.089132
1.000000	1.342627
0.000000	2.593524
0.000000	1.751907
0.000000	0.828938
1.000000	1.826763
0.000000	0.267131
1.000000	0.252453
1.000000	2.270066
0.000000	1.180435
0.000000	2.796772
0.000000	-0.545293
1.000000	1.429721
1.000000	0.448095
0.000000	1.937503
1.000000	2.035450
0.000000	1.086821
0.000000	1.609801
0.000000	0.308115
1.000000	-0.277128
1.000000	0.415969
0.000000	0.237436
1.000000	-0.193303
1.000000	2.400920
1.000000	0.588644
1.000000	0.592167
0.000000	1.117258
1.000000	1.529701
1.000000	2.142400
0.000000	-0.135137
0.000000	1.735691
0.000000	0.214023
1.000000	-0.054997
1.000000	0.682303
0.000000	-0.973649
0.000000	-0.212157
0.000000	2.297405
0.000000	1.384499
0.000000	1.729487
0.000000	-0.706435
0.000000	3.680492
0.000000	1.476361
0.000000	1.439398
0.000000	-0.217545
0.000000	0.735902
1.000000	0.905609
0.000000	0.252314
1.000000	1.380038
0.000000	0.102127
1.000000	0.988999
0.000000	1.006150
0.000000	1.638659
0.000000	0.210048
1.000000	0.196205
1.000000	0.687252
0.000000	-0.187174
1.000000	0.840356
0.000000	0.390568
1.000000	-0.711819
1.000000	-1.180122
0.000000	0.967844
1.000000	0.517446
1.000000	0.292380
0.000000	0.870971
1.000000	0.087374
0.000000	0.877921
1.000000	1.935317
1.000000	0.509765
1.000000	2.226348
1.000000	-0.040592
1.000000	1.364286
0.000000	1.819113
0.000000	-0.437602
0.000000	0.038654
0.000000	-0.560225
0.000000	1.162716
1.000000	1.212168
0.000000	0.852805
0.000000	2.105946
0.000000	2.803930
0.000000	2.914690
1.000000	2.128779
0.000000	0.502672
0.000000	2.594638
0.000000	-0.235974
0.000000	1.528961
0.000000	-0.081118
1.000000	1.806386
0.000000	0.674709
1.000000	0.997407
1.000000	-0.757721
1.000000	4.441532
0.000000	0.692807
1.000000	0.056311
1.000000	0.116107
0.000000	1.075554
0.000000	1.689606
0.000000	1.136655
1.000000	0.123568
1.000000	1.204239
0.000000	1.647213
0.000000	2.411976
0.000000	0.874896
0.000000	1.729243
1.000000	0.944359
0.000000	2.224017
0.000000	0.476263
0.000000	0.172641
1.000000	1.859592
1.000000	2.197843
0.000000	0.230477
0.000000	1.008219
1.000000	3.032996
0.000000	1.597399
0.000000	-0.329184
0.000000	2.713736
0.000000	0.950523
0.000000	3.233285
1.000000	2.040670
0.000000	0.757462
0.000000	0.833537
0.000000	-0.198745
0.000000	0.142146
0.000000	0.633110
1.000000	1.605161
0.000000	1.251103
1.000000	2.405844
0.000000	-0.606935
1.000000	-0.015710
1.000000	2.242795
0.000000	1.868710
0.000000	0.953013
0.000000	1.057679
0.000000	2.993395
0.000000	1.334120
0.000000	1.572217
0.000000	0.152954
1.000000	0.737635
0.000000	0.100438
0.000000	0.853979
1.000000	1.288231
0.000000	1.326295
1.000000	4.780199
0.000000	0.930034
1.000000	1.371618
0.000000	2.744065
1.000000	-1.380170
0.000000	1.114541
0.000000	2.059340
1.000000	2.904463
1.000000	0.831420
1.000000	1.576829
0.000000	0.232488
1.000000	2.878488
1.000000	0.530313
0.000000	2.192679
0.000000	0.152138
0.000000	1.259361
1.000000	1.131906
0.000000	-0.394635
0.000000	0.956682
0.000000	1.162026
1.000000	1.844601
1.000000	1.296001
0.000000	1.382577
1.000000	1.644625
1.000000	1.384624
1.000000	2.026300
1.000000	1.719180
0.000000	0.209205
0.000000	-0.755070
1.000000	0.998916
1.000000	-0.139423
0.000000	1.065804
0.000000	1.074551
1.000000	0.228018
1.000000	-0.442800
0.000000	0.310160
0.000000	-0.409621
0.000000	0.541634
1.000000	1.090845
0.000000	0.741172
0.000000	0.591400
1.000000	1.206419
1.000000	0.421360
0.000000	1.255808
0.000000	0.706024
0.000000	0.339170
0.000000	-0.053592
0.000000	-0.524941
0.000000	-0.055909
0.000000	0.218147
1.000000	1.565690
0.000000	3.004897
0.000000	-0.577905
0.000000	1.686598
0.000000	0.507808
0.000000	0.972076
0.000000	0.452858
0.000000	1.201397
1.000000	-0.209593
0.000000	1.650608
1.000000	-0.661543
0.000000	0.396790
0.000000	-0.394508
0.000000	0.698473
1.000000	0.779396
1.000000	1.316148
1.000000	0.926397
0.000000	-0.856695
0.000000	0.839008
1.000000	0.385211
1.000000	0.885411
0.000000	-0.127786
1.000000	-0.501631
0.000000	0.815828
1.000000	0.691646
0.000000	-0.559805
1.000000	-0.298460
0.000000	0.073820
1.000000	0.916895
0.000000	0.490096
1.000000	-0.013697
0.000000	-0.236358
1.000000	0.989913
1.000000	0.383654
0.000000	0.397392
1.000000	0.932494
0.000000	-0.495509
0.000000	0.241114
1.000000	-0.288583
0.000000	1.340194
0.000000	0.589444
0.000000	0.553390
0.000000	0.428377
1.000000	-0.383887
0.000000	-0.505311
1.000000	3.199639
0.000000	0.573452
0.000000	0.295541
0.000000	1.188587
1.000000	0.804400
1.000000	0.388168
0.000000	0.213187
1.000000	4.172561
0.000000	2.205866
0.000000	-0.634633
0.000000	1.635301
0.000000	0.303590
1.000000	1.133335
0.000000	0.681107
0.000000	3.628069
0.000000	1.486440
0.000000	0.640439
1.000000	0.307398
0.000000	1.040846
1.000000	1.193517
0.000000	0.454887
1.000000	-0.110245
1.000000	0.610933
1.000000	-0.455180
1.000000	-0.803350
1.000000	0.646363
0.000000	-0.488148
0.000000	-1.245446
0.000000	0.185849
0.000000	2.760319
0.000000	0.910485
1.000000	-0.043413
0.000000	0.565715
0.000000	1.386213
1.000000	0.460557
1.000000	-0.246945
1.000000	0.386175
0.000000	1.038695
0.000000	1.467736
1.000000	1.372724
0.000000	1.950276
0.000000	-0.387775
1.000000	0.152170
0.000000	2.416711
0.000000	1.858385
0.000000	1.578839
0.000000	-0.174774
1.000000	-0.233913
0.000000	1.304816
0.000000	1.937815
1.000000	2.564426
1.000000	0.717032
1.000000	1.366966
0.000000	-0.747273
0.000000	1.196943
1.000000	1.296096
0.000000	1.799006
1.000000	0.853212
1.000000	3.936532
0.000000	1.707342
1.000000	0.589252
0.000000	1.475388
1.000000	2.660744
0.000000	1.679027
0.000000	1.409331
0.000000	-0.110492
0.000000	0.445544
0.000000	-1.026883
0.000000	1.934463
1.000000	1.092795
0.000000	1.836046
0.000000	0.472912
1.000000	-1.362310
0.000000	0.449347
1.000000	1.423524
1.000000	0.741864
0.000000	1.077771
0.000000	-1.371349
0.000000	1.853542
0.000000	2.848844
0.000000	1.589843
0.000000	1.705458
0.000000	0.446810
0.000000	0.957993
1.000000	1.403954
0.000000	1.196155
0.000000	0.464826
0.000000	1.498321
0.000000	0.478410
0.000000	0.073087
1.000000	0.024101
0.000000	0.590408
1.000000	1.946011
0.000000	0.777304
0.000000	-0.403371
0.000000	2.287787
0.000000	1.611307
0.000000	0.117164
0.000000	0.101012
0.000000	-1.357352
0.000000	0.914757
0.000000	1.653836
0.000000	1.510810
0.000000	0.096094
1.000000	0.981047
1.000000	2.404925
0.000000	-0.752023
0.000000	-0.198454
0.000000	-0.802875
0.000000	4.479852
0.000000	0.651261
1.000000	0.162104
1.000000	0.768490
0.000000	0.566039
0.000000	1.068454
1.000000	-0.876388
0.000000	-1.023145
0.000000	0.505280
0.000000	1.516510
0.000000	1.539503
0.000000	2.736494
0.000000	0.039447
0.000000	0.106542
0.000000	-0.702439
0.000000	2.031177
1.000000	0.571213
1.000000	2.080138
1.000000	0.240321
0.000000	2.709929
0.000000	1.195627
1.000000	0.864482
0.000000	1.383107
1.000000	-0.651698
0.000000	0.840085
1.000000	0.887418
1.000000	0.910229
0.000000	0.895508
1.000000	1.355590
0.000000	1.096553
1.000000	-0.484977
0.000000	-0.882303
0.000000	0.580266
0.000000	1.283838
1.000000	2.872256
0.000000	1.529808
0.000000	0.698166
0.000000	1.405155
1.000000	0.064837
0.000000	-1.542436
0.000000	-0.187342
0.000000	2.596213
1.000000	-0.816378
0.000000	1.284153
1.000000	1.178191
1.000000	1.098444
0.000000	0.261817
0.000000	-0.252185
1.000000	-0.856373
1.000000	0.809713
0.000000	-0.116097
1.000000	3.754400
1.000000	-0.261455
1.000000	0.353758
1.000000	3.104483
1.000000	0.578025
1.000000	1.470868
1.000000	0.866266
1.000000	-0.774029
0.000000	0.591254
1.000000	0.011201
0.000000	1.367344
0.000000	0.868181
1.000000	0.299205
0.000000	0.645825
0.000000	0.608323
0.000000	0.348750
0.000000	0.526328
1.000000	0.256778
1.000000	0.660576
0.000000	2.606851
1.000000	0.248884
1.000000	0.833972
1.000000	-0.172457
1.000000	-0.021356
0.000000	-0.851706
0.000000	-0.496051
0.000000	0.192714
0.000000	-0.268423
0.000000	2.895018
0.000000	-0.724230
0.000000	-1.711913
1.000000	-0.008482
0.000000	-0.187870
0.000000	1.643362
0.000000	1.579652
0.000000	0.684833
0.000000	0.613758
0.000000	1.009832
0.000000	2.179245
0.000000	0.885313
0.000000	1.588696
0.000000	0.653431
1.000000	-0.670638
0.000000	0.677790
1.000000	1.712740
1.000000	2.640745
0.000000	1.777079
1.000000	0.302926
0.000000	0.838935
1.000000	-0.518945
0.000000	0.895160
1.000000	3.800902
1.000000	1.850422
0.000000	0.825822
0.000000	0.208820
0.000000	0.474716
0.000000	2.640501
1.000000	-0.806488
0.000000	1.808099
1.000000	1.093255
1.000000	1.012555
0.000000	0.716931
1.000000	0.437493
0.000000	0.941857
0.000000	1.027809
0.000000	2.053078
1.000000	2.067461
0.000000	0.136553
1.000000	0.749027
0.000000	0.427810
0.000000	0.658146
0.000000	0.149359
1.000000	1.001392
0.000000	-1.306245
1.000000	0.464112
1.000000	0.550005
0.000000	0.476795
1.000000	0.484372
1.000000	1.669536
0.000000	0.862734
0.000000	0.334240
1.000000	0.427469
0.000000	1.598997
1.000000	2.044886
0.000000	1.786857
0.000000	0.596979
1.000000	0.155549
1.000000	1.971295
1.000000	2.935347
0.000000	-0.194567
1.000000	2.536008
1.000000	0.240030
1.000000	2.173931
0.000000	1.490742
1.000000	2.835790
0.000000	2.233129
1.000000	-0.202911
1.000000	2.938172
0.000000	0.997284
1.000000	-0.446309
0.000000	1.567899
0.000000	1.531297
1.000000	3.542164
0.000000	0.887441
0.000000	2.190744
1.000000	1.284237
1.000000	1.309517
0.000000	0.818055
1.000000	3.015080
0.000000	2.217412
1.000000	1.355859
0.000000	-1.231266
1.000000	-0.211861
0.000000	-1.019924
0.000000	1.433498
0.000000	0.214956
0.000000	1.278539
1.000000	0.988371
0.000000	1.308169
0.000000	1.437935
0.000000	0.176301
0.000000	0.165193
0.000000	0.244643
1.000000	-1.223794
0.000000	0.196591
0.000000	-0.430974
0.000000	0.686202
1.000000	0.417907
0.000000	0.371349
0.000000	0.220150
0.000000	1.241337
0.000000	2.342065
1.000000	0.934238
0.000000	2.984380
1.000000	0.452455
0.000000	1.774325
0.000000	2.422219
0.000000	0.881375
1.000000	-0.571763
0.000000	0.489040
0.000000	2.057526
0.000000	-0.602074
0.000000	2.193463
0.000000	-1.943390
0.000000	1.194261
1.000000	2.638591
0.000000	1.143240
1.000000	-0.450353
0.000000	-0.694613
1.000000	0.917069
0.000000	2.043439
0.000000	0.168944
0.000000	-1.544279
0.000000	4.211305
0.000000	0.980758
0.000000	1.228908
0.000000	2.141438
1.000000	1.457068
1.000000	0.896103
0.000000	0.193718
1.000000	1.224178
1.000000	1.847727
0.000000	0.641301
1.000000	0.708583
0.000000	1.608929
0.000000	1.628075
1.000000	2.323708
1.000000	-0.255062
0.000000	1.323848
1.000000	2.323587
1.000000	0.642277
0.000000	1.202169
0.000000	0.169260
0.000000	0.624033
0.000000	1.164855
0.000000	1.261917
1.000000	1.138277
1.000000	1.526528
1.000000	0.175625
0.000000	0.290328
0.000000	0.086790
1.000000	0.305023
1.000000	1.647998
0.000000	2.162578
1.000000	1.351796
0.000000	1.846097
1.000000	1.815464
0.000000	0.745830
0.000000	-1.209614
0.000000	0.065102
0.000000	1.376020
0.000000	0.011316
1.000000	1.668148
0.000000	-0.176665
1.000000	1.173412
1.000000	2.145998
0.000000	-0.891762
0.000000	1.638559
0.000000	0.510451
0.000000	0.498142
0.000000	-0.168917
0.000000	-0.542793
1.000000	0.651950
0.000000	0.486193
1.000000	4.753669
1.000000	2.002570
0.000000	0.452203
1.000000	-0.598599
1.000000	0.601120
0.000000	0.535641
1.000000	0.716462
1.000000	0.845506
1.000000	1.011906
1.000000	1.206882
0.000000	0.330864
0.000000	0.024625
0.000000	1.623229
1.000000	-0.273833
1.000000	1.510241
0.000000	0.577837
0.000000	1.176963
0.000000	0.780780
0.000000	0.133387
0.000000	0.580584
0.000000	0.556636
0.000000	1.105112
1.000000	1.222696
1.000000	0.066100
0.000000	0.386281
1.000000	2.164770
0.000000	0.678184
0.000000	1.971319
0.000000	-0.145508
1.000000	2.040334
1.000000	0.005646
0.000000	0.776495
1.000000	1.097385
1.000000	1.554146
1.000000	-0.791801
1.000000	1.198414
1.000000	0.847402
1.000000	0.104367
0.000000	0.693016
0.000000	1.003030
1.000000	1.256749
0.000000	0.239741
0.000000	-1.846937
1.000000	0.439807
0.000000	-0.163835
0.000000	0.622527
0.000000	0.051525
0.000000	1.541509
0.000000	-0.508628
0.000000	0.804727
1.000000	1.273893
1.000000	4.531394
0.000000	1.652410
0.000000	0.565383
0.000000	1.520028
0.000000	-0.511878
1.000000	1.079378
1.000000	2.423867
0.000000	1.584733
0.000000	1.204539
0.000000	0.432675
0.000000	1.156665
1.000000	0.095413
0.000000	1.284613
1.000000	0.825140
0.000000	0.024497
1.000000	0.374353
0.000000	0.882381
0.000000	1.316868
0.000000	0.326716
0.000000	2.252323
0.000000	-0.410164
0.000000	1.041215
0.000000	0.115785
1.000000	0.115266
0.000000	0.172641
0.000000	0.677077
0.000000	0.607319
1.000000	1.866146
1.000000	2.105114
1.000000	0.827053
0.000000	0.818569
1.000000	0.306701
0.000000	0.121288
0.000000	0.342874
0.000000	-0.281744
1.000000	0.975493
0.000000	-0.407588
0.000000	-0.635057
1.000000	0.718450
1.000000	0.477709
0.000000	1.571411
1.000000	-0.504150
1.000000	0.221537
0.000000	-0.444880
0.000000	-0.366725
1.000000	0.246214
1.000000	-0.803138
0.000000	0.493831
0.000000	0.700085
1.000000	0.623004
1.000000	0.938072
0.000000	2.930713
0.000000	0.636277
0.000000	0.457459
1.000000	0.221610
1.000000	-0.883060
0.000000	0.121887
0.000000	0.668740
1.000000	0.506021
0.000000	1.064839
1.000000	0.099675
1.000000	0.858418
0.000000	0.014212
0.000000	0.300656
0.000000	0.731450
0.000000	-0.450518
0.000000	2.061214
0.000000	2.295143
1.000000	-1.415217
0.000000	-0.141532
1.000000	1.332165
0.000000	1.346664
0.000000	1.745150
1.000000	1.003539
0.000000	0.614601
1.000000	0.673564
1.000000	-0.076123
0.000000	0.820862
1.000000	2.612821
1.000000	0.624113
1.000000	-0.608777
0.000000	2.052127
0.000000	-0.634010
0.000000	0.653988
0.000000	-0.210616
1.000000	1.088945
0.000000	1.393802
0.000000	2.595760
1.000000	-0.557154
0.000000	2.272368
0.000000	0.638332
0.000000	-0.427097
0.000000	1.176656
1.000000	0.416457
0.000000	-0.068830
1.000000	1.591210
0.000000	-1.104156
1.000000	-0.114411
1.000000	2.219062
1.000000	1.766810
0.000000	0.031217
1.000000	0.539155
0.000000	3.652293
1.000000	1.231771
0.000000	-0.512309
0.000000	-0.581521
1.000000	2.102611
0.000000	0.203866
0.000000	-0.214662
0.000000	0.837369
0.000000	-0.205535
0.000000	0.568048
1.000000	1.007398
1.000000	0.845975
0.000000	0.407318
1.000000	1.165693
0.000000	0.215300
0.000000	1.380181
1.000000	-0.835281
0.000000	-0.045912
0.000000	-0.438364
0.000000	0.973182
0.000000	1.537657
0.000000	-0.861710
1.000000	1.451820
0.000000	0.538385
1.000000	0.306329
0.000000	-0.062929
0.000000	2.174780
0.000000	1.998225
1.000000	1.463782
0.000000	1.289705
0.000000	-0.342054
1.000000	-0.442133
1.000000	-0.008832
1.000000	1.869638
0.000000	-0.102310
0.000000	1.762283
0.000000	0.479494
0.000000	2.155009
1.000000	1.836690
1.000000	-0.905142
1.000000	1.379908
0.000000	-0.918592
0.000000	1.124962
0.000000	0.286900
0.000000	1.294364
1.000000	1.374323
1.000000	0.663274
0.000000	-0.269393
0.000000	1.344399
1.000000	-0.351085
1.000000	0.766124
1.000000	4.619116
0.000000	0.967373
0.000000	2.334800
1.000000	1.641776
0.000000	0.088971
0.000000	-0.446063
1.000000	1.007410
1.000000	2.967626
0.000000	-0.366768
1.000000	1.728841
0.000000	2.311921
0.000000	3.155649
1.000000	2.546050
0.000000	-1.231277
0.000000	0.819807
1.000000	-0.075809
1.000000	0.941169
0.000000	1.766512
0.000000	1.415272
0.000000	0.039991
1.000000	1.992593
0.000000	0.054906
1.000000	1.149977
0.000000	-0.951168
0.000000	0.688251
0.000000	0.879964
1.000000	1.609945
0.000000	0.659954
1.000000	-0.252595
0.000000	2.006311
0.000000	0.044617
1.000000	-1.728733
1.000000	0.568308
0.000000	2.796495
1.000000	0.378009
0.000000	0.167715
1.000000	1.784952
0.000000	1.404954
1.000000	2.180436
0.000000	0.664268
0.000000	2.449508
1.000000	0.789414
0.000000	0.758210
0.000000	1.143950
0.000000	0.896522
0.000000	1.723646
1.000000	-0.844323
0.000000	-0.355511
0.000000	0.759231
0.000000	0.834922
0.000000	0.987846
0.000000	3.635968
1.000000	2.057222
1.000000	0.630815
0.000000	0.871168
0.000000	0.876286
0.000000	2.554386
0.000000	0.852737
1.000000	0.102484
0.000000	0.788928
1.000000	1.611528
1.000000	2.250903
0.000000	0.320356
0.000000	0.368020
0.000000	1.453353
0.000000	1.209563
0.000000	0.019169
0.000000	-0.110309
1.000000	0.091412
0.000000	0.837360
0.000000	1.526479
0.000000	0.208237
0.000000	1.711166
0.000000	0.513891
0.000000	1.863555
1.000000	1.499887
1.000000	-0.273705
0.000000	0.650895
0.000000	0.884624
0.000000	0.628321
1.000000	0.875997
1.000000	0.406390
0.000000	1.553297
0.000000	1.196367
1.000000	-0.035940
1.000000	1.330658
0.000000	2.572681
1.000000	1.193632
0.000000	1.372762
0.000000	1.418813
0.000000	0.843736
1.000000	-0.110330
1.000000	1.306106
1.000000	0.600042
1.000000	-0.228205
0.000000	1.808800
1.000000	0.280190
1.000000	0.742153
1.000000	-0.231030
0.000000	0.420669
1.000000	1.603989
0.000000	1.692990
0.000000	3.597868
1.000000	1.260094
0.000000	1.314675
0.000000	0.310072
1.000000	1.882628
1.000000	1.532317
0.000000	1.985166
0.000000	0.499819
0.000000	1.001491
1.000000	2.892154
0.000000	2.038049
0.000000	1.085523
0.000000	0.614253
1.000000	2.030496
0.000000	0.117720
1.000000	-0.888264
0.000000	0.097417
0.000000	-0.304881
1.000000	1.697496
1.000000	0.832335
0.000000	2.021192
0.000000	0.516315
0.000000	1.442562
0.000000	1.953554
0.000000	2.833871
1.000000	2.038318
0.000000	1.392446
1.000000	0.318615
1.000000	0.419248
0.000000	0.265817
1.000000	1.903631
0.000000	0.850191
0.000000	2.500731
0.000000	0.521251
1.000000	3.169522
0.000000	2.965182
0.000000	1.374303
0.000000	0.555739
1.000000	0.554057
1.000000	0.598849
1.000000	1.706221
0.000000	0.139944
1.000000	-0.327159
0.000000	0.476958
1.000000	2.111765
0.000000	1.593588
0.000000	1.932746
1.000000	1.056896
0.000000	0.502229
0.000000	1.133115
0.000000	0.460215
0.000000	3.968813
1.000000	0.245969
0.000000	1.802485
1.000000	0.842516
1.000000	1.559765
0.000000	1.174476
1.000000	-0.354233
1.000000	3.762103
0.000000	0.799460
1.000000	2.370313
1.000000	-0.196504
0.000000	1.206353
0.000000	-0.183534
1.000000	0.836211
0.000000	0.114239
1.000000	1.331699
0.000000	1.936471
1.000000	-1.227076
1.000000	0.625485
1.000000	0.456435
1.000000	1.795715
0.000000	0.882927
0.000000	1.752285
1.000000	-1.255949
0.000000	0.487470
0.000000	0.674563
0.000000	0.779237
1.000000	-0.129052
0.000000	-0.727193
0.000000	-0.240113
0.000000	0.493073
1.000000	0.916153
0.000000	-1.230473
0.000000	0.892055
0.000000	1.045947
0.000000	-1.015303
0.000000	0.690317
0.000000	-0.171781
1.000000	0.396452
0.000000	-0.173230
1.000000	0.121489
1.000000	0.065178
1.000000	-1.603476
1.000000	1.395856
0.000000	0.995907
1.000000	0.413255
1.000000	-0.825620
0.000000	1.888336
1.000000	1.473428
1.000000	0.740802
1.000000	2.065324
0.000000	3.968079
1.000000	2.563187
0.000000	1.232957
1.000000	1.122746
0.000000	0.765355
0.000000	1.171742
1.000000	2.049562
1.000000	0.581854
0.000000	0.215347
1.000000	1.719710
0.000000	1.562298
1.000000	0.991818
1.000000	1.703219
1.000000	1.279089
0.000000	0.694070
1.000000	0.603115
1.000000	0.081833
0.000000	1.177702
1.000000	0.419268
0.000000	1.541653
1.000000	-0.151523
0.000000	0.838809
1.000000	1.546437
1.000000	0.199936
1.000000	0.440136
0.000000	-1.131853
1.000000	-0.484032
0.000000	0.114537
1.000000	0.098038
0.000000	-1.154778
0.000000	0.899471
0.000000	-0.467558
0.000000	1.783391
1.000000	1.499064
0.000000	1.048532
1.000000	-1.153344
0.000000	0.162209
0.000000	0.229853
0.000000	0.596711
0.000000	1.599906
0.000000	-0.200163
0.000000	0.791238
1.000000	1.174413
0.000000	1.517105
1.000000	1.779742
1.000000	-0.697022
0.000000	-0.052649
0.000000	-0.464110
0.000000	-0.071254
0.000000	0.896140
0.000000	1.798485
1.000000	3.525297
1.000000	-0.360279
0.000000	0.843879
0.000000	1.286721
1.000000	0.666947
0.000000	2.125733
0.000000	1.160849
0.000000	1.095157
1.000000	0.321064
1.000000	1.280551
0.000000	0.685863
1.000000	1.368270
0.000000	2.091420
1.000000	1.226282
1.000000	2.007462
0.000000	0.238180
0.000000	0.768069
0.000000	0.665379
0.000000	-0.220996
1.000000	2.038391
0.000000	2.089586
0.000000	1.656187
0.000000	0.383986
0.000000	1.535615
0.000000	1.758599
0.000000	1.686488
0.000000	1.124866
0.000000	1.296670
0.000000	0.563787
1.000000	0.822105
0.000000	-0.239705
0.000000	1.904033
0.000000	3.801248
1.000000	1.260513
0.000000	1.525000
1.000000	0.378393
1.000000	1.484236
0.000000	0.043374
0.000000	0.460133
1.000000	2.384430
0.000000	1.426129
1.000000	2.432596
0.000000	0.831429
0.000000	0.887931
0.000000	0.662766
1.000000	1.708875
0.000000	2.429774
0.000000	0.808915
1.000000	1.259159
0.000000	0.763620
1.000000	0.151081
0.000000	4.080727
0.000000	1.929871
0.000000	0.305568
0.000000	0.505246
0.000000	1.709796
1.000000	0.734339
1.000000	1.080178
0.000000	0.705022
0.000000	3.685913
1.000000	0.877465
1.000000	0.165601
0.000000	-0.762126
1.000000	1.978755
0.000000	0.528891
1.000000	1.409293
0.000000	-0.311662
1.000000	0.859146
1.000000	2.222495
0.000000	0.072566
0.000000	2.398143
0.000000	0.482690
0.000000	0.899231
0.000000	1.961240
0.000000	0.992178
1.000000	0.743390
0.000000	2.092464
1.000000	2.350507
0.000000	1.933068
0.000000	0.519096
0.000000	1.447973
0.000000	2.937715
0.000000	3.622086
0.000000	2.519365
0.000000	-0.501843
0.000000	0.861966
0.000000	0.559258
0.000000	2.290103
0.000000	2.197696
1.000000	1.834887
0.000000	3.373579
0.000000	-1.116630
0.000000	1.947931
0.000000	2.499951
0.000000	1.672364
1.000000	4.411414
1.000000	0.594596
0.000000	1.201354
1.000000	2.628106
0.000000	-0.031579
0.000000	1.551222
0.000000	0.563843
0.000000	5.167749
1.000000	0.455122
0.000000	3.019501
0.000000	3.391676
1.000000	2.416441
0.000000	2.461572
0.000000	0.730735
1.000000	1.450615
0.000000	0.729099
1.000000	1.429513
0.000000	0.081425
0.000000	2.329973
0.000000	0.546096
0.000000	1.536265
1.000000	1.153251
1.000000	-0.161714
0.000000	0.822248
1.000000	1.103631
0.000000	1.238163
1.000000	1.087653
0.000000	1.287467
1.000000	1.858835
0.000000	-0.242327
0.000000	0.186260
0.000000	0.246997
1.000000	2.247956
0.000000	0.781193
1.000000	0.158515
0.000000	1.691600
1.000000	0.535625
0.000000	3.068823
0.000000	-0.477374
0.000000	0.836214
1.000000	-0.965199
0.000000	-1.207405
1.000000	-1.472062
1.000000	2.424192
1.000000	0.595525
1.000000	0.610491
0.000000	0.951001
1.000000	1.639245
0.000000	0.807739
0.000000	-0.281167
0.000000	0.491614
0.000000	1.121330
0.000000	1.814548
0.000000	0.827596
1.000000	-0.050108
1.000000	2.118398
1.000000	1.138296
0.000000	0.792872
0.000000	4.516135
1.000000	-0.580697
0.000000	1.243903
0.000000	0.597245
1.000000	1.679646
0.000000	-0.222654
0.000000	0.993950
1.000000	0.470982
0.000000	0.694548
0.000000	-0.400418
0.000000	0.365401
0.000000	0.502301
0.000000	-0.225977
0.000000	-0.215336
1.000000	0.039382
0.000000	0.856421
1.000000	0.170367
0.000000	-0.400043
0.000000	0.040720
0.000000	-1.560325
1.000000	2.070210
0.000000	-0.366179
0.000000	-0.245059
1.000000	-0.123500
1.000000	1.249659
0.000000	-1.079302
0.000000	0.170743
0.000000	0.569964
0.000000	2.206021
1.000000	0.889631
1.000000	-0.191110
0.000000	0.221455
0.000000	-0.131029
1.000000	2.147361
1.000000	1.571394
1.000000	-0.634191
0.000000	1.003585
0.000000	1.463288
1.000000	1.016503
1.000000	0.706040
0.000000	-0.581574
1.000000	0.699660
0.000000	1.453918
1.000000	-0.928438
0.000000	-1.047206
1.000000	0.591911
1.000000	0.735120
0.000000	1.201504
0.000000	0.585664
1.000000	0.483778
0.000000	0.096916
1.000000	4.671881
0.000000	2.046369
1.000000	0.687142
0.000000	0.964499
1.000000	0.544143
0.000000	-0.623732
0.000000	1.153708
1.000000	2.471449
1.000000	0.362932
1.000000	1.447787
0.000000	1.497800
1.000000	0.572234
0.000000	-1.090194
0.000000	-0.177430
0.000000	1.761474
1.000000	2.214170
0.000000	3.236974
0.000000	1.162781
0.000000	2.452126
1.000000	1.546239
1.000000	-0.816745
0.000000	0.193321
0.000000	0.633086
0.000000	2.610756
1.000000	0.693765
1.000000	1.266802
0.000000	1.133408
1.000000	2.380534
1.000000	1.875266
0.000000	-0.386456
0.000000	0.897448
0.000000	0.936504
0.000000	1.619950
1.000000	1.815724
0.000000	0.856889
1.000000	0.925080
0.000000	1.239735
0.000000	1.611603
1.000000	1.072504
0.000000	1.099008
0.000000	0.943135
1.000000	3.175900
1.000000	1.439335
0.000000	2.763421
0.000000	1.840110
1.000000	0.699156
0.000000	1.278276
1.000000	2.915509
1.000000	2.427184
0.000000	0.175090
0.000000	-1.093179
1.000000	3.871456
0.000000	1.643602
0.000000	2.745760
0.000000	1.306683
0.000000	0.797684
1.000000	1.471606
1.000000	1.127343
1.000000	0.034884
1.000000	2.378500
0.000000	0.233790
1.000000	2.127701
1.000000	0.226300
0.000000	0.931892
1.000000	1.196808
0.000000	-0.056193
1.000000	0.302383
1.000000	0.295595
1.000000	-1.097640
0.000000	0.505543
1.000000	0.319756
0.000000	1.151373
0.000000	0.494429
0.000000	1.466484
0.000000	2.354942
0.000000	2.705615
0.000000	1.466106
0.000000	2.973523
0.000000	2.233308
1.000000	0.764872
1.000000	1.739878
0.000000	1.431664
1.000000	1.113947
0.000000	0.456264
0.000000	0.260673
0.000000	0.941519
0.000000	1.850318
0.000000	0.195245
0.000000	1.098363
0.000000	0.886419
0.000000	0.881683
1.000000	0.242393
1.000000	0.949520
1.000000	2.253477
1.000000	2.682831
0.000000	0.715322
0.000000	1.084193
0.000000	2.888471
0.000000	1.734486
1.000000	1.267443
1.000000	1.026754
0.000000	2.064730
1.000000	4.376518
0.000000	1.595444
0.000000	2.849103
0.000000	0.838733
0.000000	0.464918
0.000000	0.906633
0.000000	0.476294
0.000000	1.658513
0.000000	0.824146
1.000000	1.092866
0.000000	0.587943
-1.000000	-0.983338
-1.000000	0.061413
0.000000	3.515999
0.000000	1.850991
0.000000	-0.489993
0.000000	1.664703
0.000000	0.891230
0.000000	-0.398918
-1.000000	0.133912
-1.000000	0.352151
-1.000000	1.659451
0.000000	0.079763
-1.000000	1.606878
-1.000000	0.793338
0.000000	1.987860
0.000000	2.852687
-1.000000	-0.093468
0.000000	-0.829062
0.000000	1.878223
-1.000000	0.321211
0.000000	1.642661
-1.000000	1.092707
0.000000	2.250399
0.000000	1.358273
-1.000000	0.761166
0.000000	0.077834
0.000000	0.984380
0.000000	1.624204
-1.000000	2.448593
-1.000000	2.162179
0.000000	1.038493
0.000000	2.213636
-1.000000	-1.198696
-1.000000	-0.663836
-1.000000	0.180118
-1.000000	2.360385
0.000000	-0.141920
-1.000000	1.238812
0.000000	3.079613
-1.000000	0.878303
0.000000	4.223033
0.000000	1.740979
0.000000	0.279573
-1.000000	1.347832
-1.000000	0.437031
0.000000	-0.815744
0.000000	0.664048
-1.000000	0.630723
0.000000	1.744241
0.000000	1.096774
0.000000	2.856804
-1.000000	0.871020
-1.000000	1.286013
0.000000	1.691926
0.000000	0.010488
0.000000	1.222318
0.000000	1.021837
-1.000000	-0.061634
-1.000000	0.816539
0.000000	0.641350
0.000000	0.104759
0.000000	1.224857
0.000000	1.798323
0.000000	-0.075836
0.000000	0.629798
-1.000000	0.687538
0.000000	-0.020105
-1.000000	-0.211414
-1.000000	0.730071
-1.000000	0.752588
-1.000000	-1.086641
0.000000	-0.286910
-1.000000	0.079891
0.000000	1.559492
0.000000	0.644194
0.000000	0.767289
0.000000	0.680576
-1.000000	2.168824
0.000000	0.780733
-1.000000	0.245726
-1.000000	-0.216898
0.000000	2.335486
-1.000000	-0.498604
0.000000	0.959036
-1.000000	-1.246982
-1.000000	1.139232
0.000000	0.786765
-1.000000	-0.258762
0.000000	-0.112042
0.000000	2.764859
0.000000	1.719527
-1.000000	3.612016
0.000000	0.656746
0.000000	-1.649450
0.000000	1.020922
0.000000	1.149776
0.000000	1.918518
0.000000	0.146395
0.000000	-0.492170
-1.000000	1.468624
0.000000	1.958149
0.000000	2.006129
0.000000	0.797159
0.000000	1.045087
0.000000	1.134913
0.000000	0.872348
-1.000000	1.549491
-1.000000	1.782385
-1.000000	1.221321
-1.000000	-0.203349
-1.000000	0.869998
0.000000	0.044463
0.000000	0.670595
-1.000000	0.437511
0.000000	0.464066
0.000000	1.130026
-1.000000	-0.820146
-1.000000	-0.493873
0.000000	0.893021
0.000000	-0.421490
-1.000000	1.127783
0.000000	-1.609851
-1.000000	0.189612
0.000000	0.203826
-1.000000	1.073074
-1.000000	1.569356
0.000000	0.084430
0.000000	0.724875
-1.000000	1.442193
-1.000000	-0.545785
0.000000	-0.002020
0.000000	0.830369
-1.000000	0.072161
0.000000	-0.758924
0.000000	0.281164
0.000000	1.033052
0.000000	0.887074
0.000000	-0.103318
0.000000	0.516568
0.000000	0.123085
0.000000	0.847729
-1.000000	2.669469
0.000000	3.576298
0.000000	-0.341113
-1.000000	-1.248548
-1.000000	-0.534478
-1.000000	-0.234401
0.000000	-1.978432
0.000000	0.756544
0.000000	1.201995
-1.000000	0.500230
0.000000	0.399218
-1.000000	0.972682
0.000000	0.308662
0.000000	2.111135
0.000000	-0.421126
0.000000	1.523847
-1.000000	-2.406189
0.000000	-0.285013
-1.000000	0.196846
0.000000	1.048162
0.000000	-0.491105
0.000000	1.835038
0.000000	-1.077126
-1.000000	-0.142795
-1.000000	1.575578
0.000000	0.933161
0.000000	0.385838
0.000000	2.323382
0.000000	0.705763
0.000000	1.681702
-1.000000	0.640256
0.000000	-0.370831
0.000000	0.422958
-1.000000	0.625090
-1.000000	-1.614598
0.000000	-1.007535
-1.000000	-0.695517
0.000000	2.311828
0.000000	0.981893
0.000000	1.226141
-1.000000	1.812949
0.000000	1.398438
0.000000	-0.192055
-1.000000	0.489113
0.000000	0.234605
0.000000	-0.322982
0.000000	0.963920
0.000000	0.362861
0.000000	0.534546
0.000000	1.752272
-1.000000	-1.377838
0.000000	0.925703
-1.000000	3.787145
-1.000000	-0.184060
0.000000	-0.463411
-1.000000	-0.147005
-1.000000	2.857947
0.000000	2.062283
-1.000000	0.619116
0.000000	1.483762
0.000000	1.780903
0.000000	1.364869
0.000000	0.757276
-1.000000	-0.021299
0.000000	2.147943
0.000000	1.279261
-1.000000	1.108311
0.000000	1.564814
0.000000	-1.008858
0.000000	0.219082
-1.000000	1.717760
0.000000	1.772414
0.000000	0.838159
0.000000	0.865842
0.000000	2.049772
0.000000	-0.237011
0.000000	1.226664
0.000000	1.169049
0.000000	2.222110
0.000000	0.072621
0.000000	2.213757
-1.000000	0.874896
0.000000	1.427276
0.000000	-0.143290
-1.000000	1.096606
-1.000000	1.218194
0.000000	0.499460
0.000000	0.917420
-1.000000	2.390919
-1.000000	1.141090
-1.000000	1.798118
0.000000	0.772391
0.000000	0.890300
0.000000	-0.240494
0.000000	0.999093
-1.000000	2.135289
-1.000000	0.892630
0.000000	1.834844
0.000000	1.789704
-1.000000	0.220880
0.000000	1.487100
0.000000	1.696635
-1.000000	1.512326
0.000000	4.373098
0.000000	1.368864
0.000000	0.417679
-1.000000	2.388293
-1.000000	-0.051353
-1.000000	-0.752591
-1.000000	2.687340
0.000000	1.262890
0.000000	-0.387020
0.000000	-0.714442
0.000000	1.284390
-1.000000	0.831590
-1.000000	0.151879
-1.000000	-0.455969
-1.000000	-1.017305
0.000000	-0.382035
0.000000	-0.725802
0.000000	0.897809
0.000000	1.556887
-1.000000	0.548244
0.000000	0.950548
-1.000000	2.229393
-1.000000	0.097815
0.000000	0.830881
0.000000	1.395846
-1.000000	-0.170945
-1.000000	-0.096067
-1.000000	0.288851
0.000000	0.789407
0.000000	1.263861
0.000000	0.632745
0.000000	0.063204
-1.000000	1.240084
-1.000000	-1.304410
0.000000	-0.154384
-1.000000	-0.624124
0.000000	-0.262943
-1.000000	-0.513026
-1.000000	0.070620
0.000000	2.071008
-1.000000	-0.426183
0.000000	1.253343
-1.000000	2.427237
-1.000000	0.913046
-1.000000	-0.171303
0.000000	0.810780
-1.000000	-0.548438
-1.000000	1.037737
0.000000	-1.605108
-1.000000	0.253216
0.000000	0.505770
-1.000000	2.751580
0.000000	0.604834
0.000000	2.163169
-1.000000	-0.326804
-1.000000	0.530478
0.000000	2.028682
0.000000	0.425266
0.000000	1.236441
0.000000	1.366833
0.000000	0.224443
-1.000000	-0.635105
0.000000	1.373541
-1.000000	-0.933169
-1.000000	0.170826
0.000000	1.188260
0.000000	1.147981
-1.000000	0.763450
0.000000	0.713736
-1.000000	-0.589345
0.000000	2.125088
0.000000	-0.518223
-1.000000	0.714930
-1.000000	0.491612
-1.000000	0.052970
0.000000	0.759946
0.000000	1.417167
-1.000000	-0.573232
-1.000000	0.216340
-1.000000	0.411568
-1.000000	1.109583
-1.000000	0.962041
0.000000	-0.295651
0.000000	1.717998
0.000000	1.885316
-1.000000	0.724476
-1.000000	0.662481
-1.000000	0.604486
0.000000	1.436986
-1.000000	1.371088
0.000000	0.819048
0.000000	2.878790
-1.000000	0.402460
0.000000	1.018043
0.000000	2.401162
0.000000	2.606023
0.000000	2.131643
0.000000	1.134940
-1.000000	0.245438
0.000000	1.382095
-1.000000	0.196848
0.000000	2.720968
0.000000	4.221341
0.000000	1.309059
-1.000000	1.567312
0.000000	2.030606
0.000000	0.240046
-1.000000	1.457713
0.000000	1.456196
-1.000000	2.108960
-1.000000	2.264340
0.000000	2.621418
-1.000000	0.157890
0.000000	-1.071419
0.000000	0.048701
-1.000000	0.544350
-1.000000	0.733815
-1.000000	0.563323
0.000000	0.338871
-1.000000	0.807447
0.000000	1.009581
-1.000000	0.558389
0.000000	0.424123
0.000000	0.511552
-1.000000	1.006260
0.000000	0.433468
-1.000000	0.769321
0.000000	1.633006
0.000000	1.818557
0.000000	-0.196394
0.000000	0.842723
-1.000000	0.323686
0.000000	1.856964
-1.000000	-1.648747
0.000000	1.055398
0.000000	-0.230330
0.000000	0.153995
0.000000	0.594636
0.000000	2.197087
-1.000000	0.601971
0.000000	0.889585
0.000000	-0.079752
0.000000	0.077223
0.000000	1.246630
0.000000	0.083070
0.000000	1.790843
0.000000	0.991323
0.000000	0.216965
0.000000	-0.571597
0.000000	0.467404
0.000000	0.915629
0.000000	1.976290
0.000000	0.474084
0.000000	4.091484
-1.000000	1.348138
-1.000000	1.153555
-1.000000	-0.538894
-1.000000	1.053575
0.000000	0.375827
0.000000	1.185305
-1.000000	2.432489
0.000000	-0.367691
0.000000	2.031279
0.000000	0.490641
-1.000000	0.459806
0.000000	0.817685
0.000000	2.734027
0.000000	1.136044
0.000000	2.634846
-1.000000	1.166856
0.000000	2.027122
0.000000	1.789776
0.000000	0.868738
-1.000000	0.371446
-1.000000	-0.493841
-1.000000	1.768604
-1.000000	1.005277
-1.000000	1.473596
-1.000000	0.650413
-1.000000	0.662771
0.000000	2.406970
0.000000	2.370619
-1.000000	0.128203
0.000000	0.472345
-1.000000	2.143003
0.000000	0.553321
0.000000	1.035534
-1.000000	0.981169
0.000000	1.693234
0.000000	0.542496
0.000000	1.534816
0.000000	2.540283
0.000000	1.462796
0.000000	-0.281650
0.000000	1.075085
0.000000	2.930486
0.000000	1.883847
0.000000	0.798083
-1.000000	0.065621
-1.000000	1.211500
0.000000	0.440679
-1.000000	-0.229439
0.000000	1.840931
0.000000	0.410849
0.000000	4.373849
-1.000000	0.235677
-1.000000	1.088902
0.000000	1.432760
-1.000000	1.775286
0.000000	1.177063
0.000000	2.281083
0.000000	0.620386
-1.000000	-1.012674
-1.000000	1.156459
-1.000000	-0.663210
0.000000	-0.178208
0.000000	2.043371
0.000000	1.273023
-1.000000	1.387544
-1.000000	1.610483
-1.000000	-0.115440
0.000000	0.791094
-1.000000	1.495387
-1.000000	0.111334
0.000000	1.609731
0.000000	0.646553
0.000000	1.685764
0.000000	0.553874
-1.000000	-0.431418
0.000000	2.174206
-1.000000	1.818250
-1.000000	0.606271
-1.000000	-0.577927
-1.000000	1.092924
0.000000	1.716124
0.000000	1.441033
0.000000	1.464095
0.000000	0.597174
-1.000000	-0.886515
0.000000	0.218419
0.000000	0.576744
0.000000	-0.070852
0.000000	3.301600
-1.000000	0.524999
0.000000	2.196360
-1.000000	-0.195755
0.000000	0.522840
0.000000	0.556366
-1.000000	-1.496136
-1.000000	-0.135146
0.000000	-0.471380
-1.000000	1.787480
-1.000000	0.163100
-1.000000	0.046806
-1.000000	-0.934281
0.000000	4.202623
