0.000000	4.599703
1.000000	0.108616
1.000000	1.952704
0.000000	0.664483
1.000000	1.134646
1.000000	1.341238
0.000000	0.171653
0.000000	0.583444
0.000000	1.899763
0.000000	1.659987
0.000000	-0.752118
0.000000	0.197068
1.000000	0.360498
1.000000	-0.613111
0.000000	1.776328
1.000000	1.038516
1.000000	1.425225
0.000000	1.493202
1.000000	1.300387
1.000000	-0.026846
0.000000	0.110195
0.000000	0.570145
0.000000	1.503139
1.000000	0.807836
1.000000	-0.007648
1.000000	1.124458
0.000000	2.399682
0.000000	-0.777624
0.000000	1.052750
1.000000	1.390490
1.000000	0.475975
0.000000	1.115435
0.000000	0.450669
0.000000	-0.358824
0.000000	0.338490
1.000000	0.001860
1.000000	0.355093
1.000000	0.567704
1.000000	0.583714
1.000000	0.237830
1.000000	-0.679728
0.000000	-0.340770
0.000000	-0.811185
1.000000	0.637375
0.000000	1.319171
0.000000	-0.679908
0.000000	0.749067
1.000000	0.995149
1.000000	1.670383
1.000000	1.460686
1.000000	1.889056
0.000000	4.453516
0.000000	0.352075
1.000000	2.956610
0.000000	-0.213918
1.000000	1.517818
0.000000	2.301854
0.000000	1.367767
0.000000	-0.737178
1.000000	1.669246
0.000000	0.417509
1.000000	1.481205
1.000000	2.696011
1.000000	0.886519
1.000000	0.787372
1.000000	0.286604
1.000000	0.042385
0.000000	0.284242
1.000000	1.533993
0.000000	0.391600
0.000000	1.046700
0.000000	0.877694
0.000000	0.374632
1.000000	1.242292
0.000000	1.391330
0.000000	0.841720
0.000000	1.384223
0.000000	0.162005
0.000000	-0.439386
0.000000	1.106351
0.000000	2.018070
0.000000	-0.029536
1.000000	-0.178722
1.000000	-0.496944
1.000000	1.771632
1.000000	1.693809
0.000000	2.236776
0.000000	0.396457
0.000000	0.341446
1.000000	1.483421
1.000000	0.525647
0.000000	-0.518019
0.000000	1.049778
1.000000	1.860763
0.000000	2.343037
1.000000	0.564967
0.000000	1.301112
0.000000	1.141972
0.000000	0.445542
0.000000	0.706754
1.000000	1.179031
1.000000	-0.707814
0.000000	4.004416
0.000000	-0.802140
0.000000	1.974815
1.000000	0.490182
0.000000	2.106908
1.000000	0.854871
1.000000	1.729767
1.000000	1.481511
1.000000	0.603149
0.000000	0.498419
1.000000	0.296915
1.000000	-0.443682
0.000000	1.627675
0.000000	-0.382884
0.000000	1.390901
0.000000	0.378492
0.000000	1.375085
1.000000	0.367920
1.000000	1.440521
1.000000	1.204304
0.000000	2.429477
0.000000	0.738754
1.000000	0.081487
0.000000	0.751239
1.000000	0.819002
1.000000	1.101682
1.000000	0.235894
0.000000	0.209948
0.000000	-0.873700
1.000000	0.199215
0.000000	-0.725310
0.000000	2.281000
1.000000	0.797682
1.000000	0.359454
0.000000	3.143703
1.000000	1.987424
1.000000	-1.215445
0.000000	-0.529040
0.000000	0.197886
0.000000	0.570142
1.000000	-0.423932
0.000000	0.125047
1.000000	0.471599
0.000000	2.089510
1.000000	0.392072
0.000000	1.165102
0.000000	1.159049
0.000000	0.979045
1.000000	2.054838
0.000000	1.144817
0.000000	-0.367289
1.000000	3.503661
1.000000	1.815233
1.000000	0.293625
1.000000	2.307011
0.000000	1.845128
1.000000	-0.785301
0.000000	0.726947
1.000000	0.742201
0.000000	0.405839
0.000000	1.629748
0.000000	-0.748992
1.000000	0.022172
0.000000	1.115282
0.000000	-0.118630
0.000000	1.057799
1.000000	1.957667
1.000000	0.153514
1.000000	1.073657
0.000000	1.608782
0.000000	-0.266773
0.000000	1.549459
0.000000	0.587322
0.000000	1.999611
0.000000	1.310419
1.000000	-1.529190
0.000000	1.091353
1.000000	0.567506
0.000000	-0.345013
0.000000	2.042734
1.000000	-0.621209
0.000000	-0.120799
1.000000	2.163474
1.000000	2.300069
0.000000	0.814604
0.000000	-0.281079
0.000000	2.404463
0.000000	0.524880
1.000000	1.990382
0.000000	0.567264
0.000000	0.270992
0.000000	0.803168
0.000000	0.311981
0.000000	0.257835
0.000000	1.711225
1.000000	0.586963
1.000000	-0.097313
1.000000	1.142423
0.000000	1.336119
1.000000	0.739144
0.000000	2.274345
0.000000	1.698687
1.000000	3.877730
1.000000	0.483284
1.000000	1.237594
1.000000	0.226030
0.000000	0.438487
1.000000	1.372499
1.000000	-1.005954
0.000000	2.217630
1.000000	0.592747
1.000000	-1.588584
1.000000	0.763168
1.000000	0.278531
1.000000	2.131533
1.000000	0.597947
0.000000	0.962730
1.000000	0.836803
1.000000	1.583802
0.000000	1.595783
0.000000	0.358426
0.000000	0.893915
0.000000	-0.402698
1.000000	1.645966
0.000000	1.203838
0.000000	-1.049952
0.000000	0.090015
1.000000	0.928708
0.000000	0.737253
0.000000	0.783555
0.000000	2.338852
0.000000	0.655845
1.000000	1.634267
1.000000	1.954119
0.000000	0.769645
1.000000	1.845308
1.000000	0.716760
1.000000	0.824119
0.000000	0.251333
1.000000	-0.000928
0.000000	1.521182
1.000000	1.496677
1.000000	0.052380
1.000000	0.114974
0.000000	0.465256
0.000000	0.003382
1.000000	-0.065697
0.000000	0.101216
0.000000	-0.353107
0.000000	1.201550
0.000000	0.097364
0.000000	1.830045
0.000000	-0.539496
0.000000	3.920810
1.000000	2.726912
1.000000	0.915664
1.000000	0.213112
1.000000	0.233130
1.000000	0.155411
0.000000	-0.007470
0.000000	0.967015
0.000000	0.783623
0.000000	0.714534
1.000000	0.645039
1.000000	0.750977
1.000000	1.394247
0.000000	0.741455
0.000000	-0.402691
1.000000	2.236309
1.000000	0.159765
0.000000	-0.866574
1.000000	2.560489
1.000000	2.160683
1.000000	0.874881
0.000000	1.348481
1.000000	-0.663578
1.000000	1.664708
1.000000	-0.403583
1.000000	0.888896
1.000000	-1.348814
1.000000	1.450726
0.000000	0.987342
0.000000	2.599133
0.000000	-0.790234
1.000000	1.330119
1.000000	0.822011
0.000000	-0.034890
0.000000	1.901100
1.000000	0.160485
0.000000	2.343331
1.000000	-0.310352
0.000000	1.262197
0.000000	1.924790
0.000000	2.202660
0.000000	1.643670
0.000000	2.247137
1.000000	0.260515
1.000000	1.712102
0.000000	1.157050
0.000000	1.103573
0.000000	1.436353
1.000000	2.364803
0.000000	0.778038
0.000000	2.316977
1.000000	5.545576
1.000000	2.151521
0.000000	1.186128
1.000000	1.071445
1.000000	-0.252671
0.000000	0.488429
1.000000	1.808224
0.000000	0.019147
0.000000	0.798068
1.000000	2.513682
0.000000	1.008634
0.000000	1.422411
0.000000	2.199304
0.000000	1.207939
1.000000	2.150664
1.000000	3.606080
1.000000	1.085862
1.000000	3.162005
1.000000	1.383838
1.000000	2.305567
0.000000	1.974872
1.000000	1.193248
0.000000	1.593646
1.000000	0.048610
1.000000	1.573683
1.000000	2.133301
0.000000	-0.342318
0.000000	1.144891
0.000000	3.307628
0.000000	2.000889
0.000000	0.839641
0.000000	0.089226
1.000000	0.975532
1.000000	1.457977
1.000000	1.874559
1.000000	1.890359
0.000000	1.643806
1.000000	2.322806
0.000000	1.092215
1.000000	4.109474
1.000000	2.937881
1.000000	1.590152
0.000000	0.487531
1.000000	0.376978
0.000000	1.883161
1.000000	3.657708
0.000000	-0.472819
1.000000	0.909752
1.000000	0.247871
0.000000	1.765905
1.000000	3.142884
0.000000	4.589436
1.000000	0.373980
1.000000	1.546984
0.000000	-0.366448
0.000000	0.855505
1.000000	1.965421
1.000000	-0.044221
0.000000	1.444722
1.000000	1.538213
1.000000	0.946884
1.000000	1.558395
1.000000	1.712509
1.000000	0.825089
0.000000	0.127335
0.000000	1.919836
0.000000	2.407361
1.000000	2.670898
1.000000	2.521008
0.000000	2.391274
0.000000	2.457579
0.000000	1.531040
0.000000	-0.161955
0.000000	1.177979
1.000000	1.382093
0.000000	2.169595
0.000000	1.326606
1.000000	-0.026613
0.000000	2.614916
1.000000	0.664989
0.000000	1.308666
0.000000	-0.090628
0.000000	0.762851
1.000000	1.499855
1.000000	1.460914
1.000000	1.897641
0.000000	0.602192
0.000000	-0.752865
0.000000	0.838397
0.000000	1.947712
1.000000	2.214242
1.000000	1.150369
0.000000	2.999785
1.000000	1.526748
0.000000	1.065882
1.000000	-0.458550
0.000000	0.723560
1.000000	-0.474266
0.000000	-0.568959
0.000000	0.260870
0.000000	0.439884
1.000000	0.253136
0.000000	3.480951
0.000000	-0.107111
0.000000	0.100118
0.000000	0.024474
1.000000	0.673330
1.000000	-0.222020
0.000000	0.452388
0.000000	0.798790
0.000000	0.738822
0.000000	0.486181
1.000000	1.360110
1.000000	0.833444
0.000000	-1.099886
0.000000	2.181221
1.000000	-0.551340
0.000000	0.960600
0.000000	1.281029
1.000000	0.768022
1.000000	-0.094836
1.000000	-0.436602
1.000000	-0.143044
0.000000	0.047456
0.000000	-0.085123
0.000000	0.071127
1.000000	0.935369
1.000000	0.291949
1.000000	0.036205
0.000000	0.797746
1.000000	-1.148518
0.000000	1.116371
1.000000	0.580805
1.000000	0.613624
0.000000	0.418665
0.000000	0.633114
0.000000	-0.070148
1.000000	1.701101
0.000000	0.031422
0.000000	1.528648
0.000000	0.286041
0.000000	-0.039909
1.000000	1.797855
1.000000	1.163157
1.000000	1.251566
0.000000	1.488896
1.000000	0.637436
0.000000	1.422696
1.000000	1.834805
0.000000	-0.485346
1.000000	1.135175
1.000000	0.346725
0.000000	0.605056
1.000000	4.153046
1.000000	0.361418
0.000000	2.797216
0.000000	1.323070
1.000000	-0.575657
1.000000	-0.413372
0.000000	1.771810
1.000000	1.819809
1.000000	0.185293
0.000000	1.814422
0.000000	1.764056
0.000000	1.060992
1.000000	1.866377
0.000000	-0.613413
0.000000	1.790351
0.000000	0.345316
0.000000	-0.567559
0.000000	0.624354
0.000000	-0.209830
0.000000	0.810006
1.000000	2.127820
0.000000	0.033735
1.000000	1.048548
0.000000	0.496192
1.000000	2.163337
1.000000	0.155256
1.000000	0.635259
0.000000	0.654922
0.000000	1.770996
1.000000	-0.071157
0.000000	-0.508150
1.000000	0.195880
0.000000	0.801854
1.000000	0.598059
0.000000	1.946886
0.000000	0.874526
1.000000	1.847541
1.000000	0.993280
0.000000	1.086374
1.000000	1.345966
0.000000	1.854932
1.000000	-0.474360
1.000000	0.392168
1.000000	0.211131
0.000000	-0.009486
0.000000	0.460254
1.000000	-0.124097
1.000000	0.207107
0.000000	0.060498
1.000000	0.659571
0.000000	-1.630569
0.000000	3.882347
1.000000	1.275313
0.000000	1.596163
1.000000	1.608988
0.000000	1.332184
1.000000	-0.038381
1.000000	-0.530781
0.000000	-0.531501
1.000000	1.156131
0.000000	-0.354132
0.000000	0.896529
0.000000	0.619498
0.000000	0.351519
0.000000	-0.238929
0.000000	-0.905776
1.000000	0.766905
1.000000	-1.097239
0.000000	1.564482
1.000000	0.600128
1.000000	0.829261
0.000000	1.103844
0.000000	2.035027
0.000000	0.658661
1.000000	0.484630
1.000000	1.126355
0.000000	1.335951
1.000000	2.132588
0.000000	0.205545
0.000000	-0.217917
0.000000	-0.634724
0.000000	0.261405
1.000000	0.886194
0.000000	0.691346
1.000000	0.535959
0.000000	0.021654
1.000000	1.303856
1.000000	0.556214
0.000000	0.424724
1.000000	0.351242
1.000000	1.395257
1.000000	0.241383
0.000000	0.697333
1.000000	0.771722
0.000000	0.050277
1.000000	0.570151
1.000000	0.951509
1.000000	1.701990
0.000000	-0.361655
1.000000	-0.521768
1.000000	0.922717
0.000000	1.103414
0.000000	4.398608
0.000000	0.649273
0.000000	-0.962605
0.000000	0.946403
0.000000	0.235604
0.000000	1.722339
1.000000	0.074489
0.000000	-0.304004
0.000000	-1.024593
0.000000	-0.102479
1.000000	0.587120
1.000000	0.864362
0.000000	0.181286
0.000000	1.875967
1.000000	0.178597
1.000000	-1.345964
0.000000	-0.571816
1.000000	1.056187
1.000000	-0.031156
1.000000	0.650727
0.000000	1.336264
1.000000	-0.274848
1.000000	-0.143729
0.000000	1.638969
0.000000	1.906618
0.000000	1.577499
0.000000	0.909620
1.000000	-0.870558
0.000000	1.003772
0.000000	2.348220
0.000000	1.579040
0.000000	0.869368
1.000000	-0.097376
1.000000	1.055227
0.000000	0.590541
0.000000	-0.133701
1.000000	0.757360
0.000000	-0.616477
1.000000	0.461726
0.000000	1.513867
1.000000	0.269651
0.000000	-0.526895
1.000000	1.654143
0.000000	1.775050
1.000000	-0.294854
1.000000	1.085466
0.000000	0.345434
0.000000	1.353060
0.000000	2.189193
0.000000	0.938460
0.000000	1.204359
0.000000	3.861737
0.000000	2.421309
0.000000	1.632645
1.000000	0.976915
1.000000	1.708854
0.000000	1.580483
1.000000	0.292929
0.000000	1.294955
0.000000	1.553110
0.000000	0.671171
0.000000	1.072053
0.000000	2.578927
1.000000	0.636440
0.000000	0.945164
1.000000	0.795447
0.000000	0.787990
1.000000	0.792510
1.000000	2.081087
1.000000	-0.683016
0.000000	0.714405
0.000000	0.843600
0.000000	1.953663
0.000000	1.954288
1.000000	1.147514
0.000000	-0.436924
0.000000	0.654464
1.000000	1.522886
0.000000	1.376437
1.000000	1.777453
0.000000	0.233848
0.000000	1.994932
1.000000	1.867437
1.000000	-0.677372
1.000000	1.294328
1.000000	0.473515
1.000000	0.487011
1.000000	0.257845
1.000000	0.563640
1.000000	1.800511
0.000000	0.777508
1.000000	0.823001
1.000000	-0.509260
1.000000	-0.864027
1.000000	1.006834
1.000000	0.472697
0.000000	1.005985
1.000000	2.025814
0.000000	0.410188
1.000000	0.747281
0.000000	0.796453
0.000000	1.919593
0.000000	2.796787
0.000000	0.903854
0.000000	0.497722
0.000000	1.263818
0.000000	0.164985
1.000000	-0.367575
1.000000	1.172223
1.000000	0.420709
0.000000	-0.054376
0.000000	1.577248
1.000000	0.336316
1.000000	0.920171
0.000000	0.721407
0.000000	1.410817
1.000000	1.356308
1.000000	-0.180542
0.000000	0.181285
0.000000	0.956709
0.000000	-0.090402
0.000000	0.616714
0.000000	1.647902
1.000000	0.491413
1.000000	0.798605
0.000000	0.992757
0.000000	-0.208394
0.000000	-1.246424
1.000000	1.063241
1.000000	-0.522651
0.000000	0.744657
1.000000	1.904646
1.000000	1.501670
0.000000	0.353112
0.000000	1.147170
0.000000	0.030196
1.000000	0.221769
0.000000	1.089534
1.000000	0.597555
1.000000	0.867554
1.000000	-0.064010
1.000000	0.628915
0.000000	0.169827
0.000000	1.211496
1.000000	0.509541
0.000000	1.539535
0.000000	1.509167
0.000000	1.982831
0.000000	0.742761
1.000000	1.076530
1.000000	0.305474
0.000000	1.493315
1.000000	0.227545
0.000000	3.335392
0.000000	0.852828
0.000000	-0.688132
1.000000	2.291220
1.000000	1.792169
0.000000	0.235353
1.000000	0.607311
0.000000	0.515829
1.000000	-0.031163
1.000000	0.349477
0.000000	0.459206
0.000000	2.739987
1.000000	0.605191
0.000000	1.395862
0.000000	-0.498717
1.000000	-0.595779
0.000000	1.804248
1.000000	1.644672
0.000000	1.770559
0.000000	1.712852
0.000000	0.673841
0.000000	-0.023613
1.000000	1.022360
1.000000	1.230884
0.000000	-0.423356
1.000000	1.296544
0.000000	0.985359
0.000000	0.128515
0.000000	0.844703
0.000000	1.020552
1.000000	1.092478
0.000000	0.732281
1.000000	0.519077
0.000000	-1.219830
1.000000	1.316396
1.000000	0.877642
0.000000	1.745705
0.000000	0.611302
1.000000	0.153020
0.000000	0.472962
0.000000	0.490690
0.000000	0.533398
1.000000	2.534846
1.000000	1.606126
0.000000	1.853396
0.000000	1.950442
0.000000	0.666747
0.000000	-0.105446
0.000000	1.746971
0.000000	1.196514
0.000000	0.750033
1.000000	4.241869
1.000000	1.163587
0.000000	-0.520356
0.000000	1.906341
0.000000	1.386002
0.000000	1.436206
0.000000	1.534784
1.000000	-0.725157
1.000000	2.831993
0.000000	0.616224
1.000000	1.789164
1.000000	1.750075
1.000000	1.886280
1.000000	-0.338824
0.000000	1.149175
1.000000	1.459582
1.000000	0.586950
1.000000	-0.121227
1.000000	2.762213
0.000000	2.747037
0.000000	0.063391
1.000000	0.803825
0.000000	2.619767
1.000000	2.367952
0.000000	1.314302
1.000000	1.392929
1.000000	-1.677236
0.000000	-0.521832
1.000000	2.543074
1.000000	2.079337
1.000000	2.428891
1.000000	3.579087
1.000000	0.493379
0.000000	1.598264
0.000000	1.332032
0.000000	0.975665
1.000000	2.502860
1.000000	-0.032828
1.000000	2.198670
0.000000	-0.425515
0.000000	0.209101
0.000000	2.741333
1.000000	1.417333
0.000000	2.279464
0.000000	2.379387
1.000000	0.275678
0.000000	1.031397
0.000000	0.932058
1.000000	-1.123890
1.000000	-0.229815
0.000000	1.035913
1.000000	4.369543
1.000000	0.128388
1.000000	1.229434
0.000000	2.110270
0.000000	-0.455809
1.000000	0.254393
0.000000	1.237772
0.000000	0.345820
0.000000	1.026058
0.000000	2.583186
0.000000	0.470275
1.000000	-0.286938
0.000000	1.914648
1.000000	1.248590
0.000000	1.006658
0.000000	1.465804
0.000000	-0.838422
0.000000	2.132991
0.000000	-0.549981
0.000000	1.327655
0.000000	1.349353
0.000000	2.135614
1.000000	1.119272
1.000000	1.389920
1.000000	0.903799
1.000000	0.751959
0.000000	1.100800
0.000000	0.469065
0.000000	1.339842
1.000000	2.056446
0.000000	0.936200
0.000000	2.377713
0.000000	1.338702
0.000000	-0.559511
1.000000	2.898658
0.000000	-0.064971
0.000000	0.562009
0.000000	-0.152315
1.000000	1.531481
1.000000	0.187158
1.000000	2.975671
0.000000	0.678512
1.000000	1.690215
1.000000	1.576958
0.000000	-0.624063
0.000000	2.580451
0.000000	1.394738
1.000000	0.360969
1.000000	1.694373
1.000000	1.150445
0.000000	1.245593
1.000000	3.434395
1.000000	0.987848
1.000000	1.702477
0.000000	0.157689
1.000000	2.108774
1.000000	-0.212922
1.000000	1.614089
1.000000	1.426862
1.000000	1.132224
0.000000	0.839529
1.000000	0.871032
1.000000	1.068302
0.000000	0.330845
1.000000	-1.466978
1.000000	1.917211
0.000000	0.997470
0.000000	1.559666
1.000000	0.645876
1.000000	1.493044
0.000000	0.149016
0.000000	0.264472
0.000000	0.093384
0.000000	2.122574
0.000000	3.023645
0.000000	0.565839
1.000000	0.957626
0.000000	1.420861
0.000000	0.230674
0.000000	1.839522
1.000000	0.642604
1.000000	0.585802
0.000000	-1.334632
0.000000	0.757919
1.000000	0.475548
0.000000	0.534875
1.000000	0.225913
1.000000	1.268015
0.000000	1.933751
0.000000	0.455227
0.000000	2.878571
0.000000	0.648762
0.000000	0.325423
0.000000	1.322201
0.000000	2.272730
1.000000	-0.243133
1.000000	2.156625
0.000000	0.783588
0.000000	1.648384
1.000000	1.540492
1.000000	1.288868
0.000000	2.574858
1.000000	4.176098
1.000000	1.860686
1.000000	1.550498
1.000000	1.639638
0.000000	-0.433330
0.000000	2.268914
0.000000	0.957790
0.000000	0.791174
1.000000	1.380446
0.000000	2.120663
0.000000	1.439858
0.000000	1.629964
1.000000	-0.284486
0.000000	1.754417
0.000000	-0.029947
1.000000	0.233803
1.000000	2.041559
0.000000	2.108584
0.000000	1.009322
0.000000	1.402562
1.000000	1.207193
0.000000	-0.538624
0.000000	2.377026
1.000000	0.795772
1.000000	-0.352839
1.000000	1.344038
0.000000	0.127780
0.000000	2.691014
1.000000	2.007179
1.000000	0.748269
1.000000	0.145479
0.000000	2.239852
1.000000	0.825527
0.000000	1.901615
1.000000	0.263083
0.000000	0.447003
0.000000	2.194921
0.000000	1.347619
0.000000	0.250968
0.000000	2.245059
1.000000	0.788474
0.000000	0.995165
0.000000	1.752325
1.000000	1.721169
1.000000	1.814007
0.000000	2.216779
1.000000	0.568011
0.000000	0.164279
0.000000	1.406264
0.000000	0.612647
1.000000	1.323146
1.000000	3.560185
0.000000	1.416204
0.000000	1.724226
1.000000	1.288672
1.000000	1.872853
1.000000	1.230879
0.000000	0.815119
1.000000	1.405279
0.000000	0.166604
1.000000	-0.220878
0.000000	2.185931
0.000000	0.084448
1.000000	2.322862
1.000000	0.311936
1.000000	0.127635
0.000000	1.510452
1.000000	1.545133
0.000000	1.109083
1.000000	0.741890
1.000000	1.448098
1.000000	0.741217
1.000000	-0.537801
1.000000	1.955213
0.000000	1.940505
0.000000	2.477438
0.000000	1.111434
1.000000	2.801506
0.000000	2.046713
0.000000	0.195696
1.000000	0.907136
0.000000	0.269959
0.000000	1.770822
0.000000	1.375153
0.000000	0.184959
0.000000	0.986739
1.000000	0.504078
1.000000	1.262666
0.000000	1.730071
1.000000	-0.029494
0.000000	1.311779
1.000000	0.144304
0.000000	0.150674
0.000000	-0.123591
0.000000	2.776971
0.000000	-1.399695
0.000000	-0.454735
1.000000	0.505178
0.000000	-0.377956
1.000000	-0.486269
1.000000	2.035294
0.000000	1.122230
1.000000	4.303370
1.000000	1.189594
0.000000	0.101025
0.000000	1.036331
0.000000	0.685641
1.000000	2.615597
0.000000	1.175145
1.000000	0.944625
0.000000	1.095658
1.000000	2.337164
0.000000	0.284796
1.000000	-0.146392
0.000000	0.633834
0.000000	1.266855
0.000000	0.921070
0.000000	-0.399916
0.000000	0.330374
1.000000	-0.123522
1.000000	0.202532
1.000000	1.555980
1.000000	1.546352
1.000000	-0.010296
1.000000	-1.367191
0.000000	1.134665
0.000000	1.456966
0.000000	1.943845
0.000000	0.532185
1.000000	1.941645
0.000000	1.909609
1.000000	2.336592
1.000000	-0.870757
0.000000	0.378195
1.000000	-0.195882
0.000000	1.718156
1.000000	1.021831
0.000000	0.087448
1.000000	1.600623
1.000000	1.753713
1.000000	0.714569
1.000000	0.451862
0.000000	-0.631050
0.000000	-0.029155
1.000000	2.838781
0.000000	-0.598578
0.000000	1.115416
1.000000	3.854877
0.000000	0.119610
0.000000	1.566970
1.000000	2.681800
1.000000	-0.048474
1.000000	0.336571
0.000000	4.181845
0.000000	0.205503
0.000000	2.028645
0.000000	3.114115
1.000000	2.527896
0.000000	2.473182
0.000000	1.472170
0.000000	2.255467
1.000000	1.592202
1.000000	-0.043277
0.000000	1.483007
0.000000	0.083856
0.000000	0.665764
0.000000	3.365169
0.000000	1.614344
0.000000	-0.093553
0.000000	1.731510
1.000000	0.905109
1.000000	0.794722
1.000000	1.310960
1.000000	0.037385
1.000000	-0.506351
1.000000	2.838631
1.000000	1.835487
1.000000	1.581946
1.000000	2.337072
1.000000	1.972059
0.000000	-0.928176
1.000000	0.992524
0.000000	0.659290
0.000000	0.271069
0.000000	1.303026
1.000000	-0.320611
0.000000	0.829874
1.000000	1.655374
0.000000	0.888182
1.000000	1.064821
0.000000	-0.713040
0.000000	0.707187
1.000000	1.393106
0.000000	-0.389301
0.000000	0.369836
0.000000	-0.383349
0.000000	0.191200
0.000000	1.677127
1.000000	1.617115
1.000000	0.413391
0.000000	0.007856
1.000000	0.059105
1.000000	1.058724
1.000000	0.461082
0.000000	2.971014
0.000000	0.785625
0.000000	-0.000597
0.000000	0.245947
0.000000	0.532016
0.000000	0.327027
1.000000	0.924344
1.000000	1.057701
0.000000	1.382185
0.000000	0.085466
0.000000	0.384817
1.000000	0.873606
1.000000	0.521781
0.000000	-0.218983
0.000000	1.649933
1.000000	1.028953
1.000000	0.130974
0.000000	0.643377
1.000000	-0.230753
1.000000	1.261135
1.000000	0.095367
1.000000	-0.025053
1.000000	-1.061818
1.000000	1.550839
1.000000	0.134047
1.000000	1.133402
1.000000	-0.759679
0.000000	-0.266179
1.000000	1.055831
1.000000	1.645070
0.000000	-0.697637
1.000000	1.778922
1.000000	1.960515
0.000000	3.631353
1.000000	2.556414
0.000000	2.052460
1.000000	-1.442271
1.000000	0.798072
0.000000	0.584062
1.000000	0.331561
1.000000	3.198847
0.000000	-0.359695
1.000000	-0.241522
0.000000	2.688168
0.000000	-0.740346
0.000000	2.426472
1.000000	1.967528
1.000000	3.774863
0.000000	2.433732
1.000000	1.147155
0.000000	0.379880
0.000000	4.189319
1.000000	2.212537
1.000000	2.444181
1.000000	1.689817
0.000000	-0.050476
0.000000	2.201068
1.000000	2.301617
0.000000	0.320126
0.000000	0.666958
1.000000	0.277221
0.000000	2.360679
0.000000	2.993911
0.000000	1.091400
0.000000	-0.213763
0.000000	1.502439
0.000000	2.330050
0.000000	2.007467
0.000000	1.080708
1.000000	-0.245576
0.000000	1.378059
1.000000	1.631014
0.000000	2.109862
1.000000	1.640394
1.000000	1.696817
0.000000	2.353248
1.000000	0.199387
1.000000	2.206660
1.000000	0.644401
1.000000	0.028014
1.000000	0.843783
1.000000	1.059635
1.000000	-0.301620
0.000000	0.677778
0.000000	1.856153
0.000000	0.373810
1.000000	0.025024
1.000000	2.654913
0.000000	1.854839
1.000000	1.407783
1.000000	1.799937
0.000000	1.964882
0.000000	-0.787017
0.000000	2.072896
0.000000	1.226521
1.000000	0.150028
0.000000	0.552268
0.000000	1.692214
0.000000	0.919666
1.000000	1.109071
0.000000	1.065054
1.000000	0.943914
0.000000	4.481788
0.000000	0.851231
1.000000	2.784447
0.000000	0.686237
1.000000	1.624102
1.000000	0.773439
0.000000	0.963396
1.000000	0.422016
1.000000	0.761359
1.000000	0.392289
0.000000	2.025841
1.000000	0.897818
1.000000	1.684649
0.000000	0.312039
1.000000	1.401832
1.000000	1.454200
1.000000	0.916089
1.000000	0.092767
0.000000	0.692180
1.000000	1.365921
1.000000	0.199360
0.000000	2.785144
0.000000	1.634396
1.000000	0.536893
1.000000	-0.422392
0.000000	0.523474
0.000000	0.198391
1.000000	0.870825
1.000000	0.692512
0.000000	-0.257581
1.000000	0.291543
0.000000	1.426902
1.000000	2.091101
0.000000	-0.052282
1.000000	1.382520
0.000000	1.829540
0.000000	1.719411
1.000000	0.105848
0.000000	1.121247
0.000000	0.888425
1.000000	0.460985
0.000000	1.072830
1.000000	-0.091096
1.000000	-0.170223
0.000000	0.818957
1.000000	0.619119
1.000000	2.371324
0.000000	1.267786
1.000000	-0.249842
1.000000	1.803577
0.000000	0.797778
1.000000	3.905432
1.000000	0.751540
1.000000	1.140620
1.000000	1.480442
0.000000	0.302393
0.000000	1.071697
0.000000	-0.649585
1.000000	0.516952
0.000000	0.350101
0.000000	0.716899
0.000000	1.567822
0.000000	-0.334208
1.000000	-0.074364
0.000000	1.386005
0.000000	1.315824
0.000000	0.491520
0.000000	1.256726
1.000000	-0.831100
0.000000	1.420391
1.000000	-0.275337
0.000000	2.178922
1.000000	1.764479
1.000000	1.996690
0.000000	0.794822
1.000000	2.224446
0.000000	1.289458
0.000000	2.061032
0.000000	1.247224
0.000000	1.322345
1.000000	0.570334
0.000000	1.208417
0.000000	1.678921
1.000000	1.156931
1.000000	0.165858
0.000000	1.830498
1.000000	0.408798
0.000000	-0.496177
0.000000	2.197405
1.000000	0.892503
0.000000	1.595917
1.000000	1.141404
1.000000	0.889749
0.000000	1.291232
0.000000	1.992044
0.000000	0.502512
0.000000	0.867264
1.000000	3.205080
0.000000	2.525115
1.000000	1.192757
1.000000	-0.047961
1.000000	0.896119
1.000000	4.354323
1.000000	0.069280
0.000000	1.288463
1.000000	2.698474
0.000000	0.493745
0.000000	1.564051
0.000000	1.626930
1.000000	0.694664
0.000000	2.146886
1.000000	0.064410
0.000000	0.362296
0.000000	0.727970
1.000000	0.135603
1.000000	1.006607
1.000000	0.610359
1.000000	0.216418
1.000000	1.087827
0.000000	2.157707
0.000000	2.131379
1.000000	2.174952
0.000000	0.823687
0.000000	0.533169
0.000000	0.861039
0.000000	0.861862
0.000000	2.667038
0.000000	0.912884
0.000000	0.627041
1.000000	1.711389
0.000000	0.655537
0.000000	-0.264591
1.000000	0.949421
0.000000	0.803976
1.000000	-0.434735
1.000000	-0.388621
0.000000	-0.966218
1.000000	-0.465203
0.000000	1.728649
0.000000	0.667102
0.000000	0.042966
1.000000	0.442801
1.000000	2.011892
0.000000	1.315145
1.000000	1.877046
1.000000	1.758105
1.000000	0.331293
0.000000	1.045267
0.000000	1.540055
1.000000	0.994111
1.000000	-0.189835
0.000000	0.324505
1.000000	1.438878
1.000000	3.827271
0.000000	-0.373554
1.000000	0.618869
0.000000	-1.043151
1.000000	1.209800
1.000000	1.646604
0.000000	0.664607
0.000000	1.636777
0.000000	1.059546
0.000000	-0.487007
1.000000	0.967676
0.000000	1.462055
0.000000	-1.077886
0.000000	1.066830
0.000000	0.595506
1.000000	0.206607
1.000000	-0.025701
1.000000	1.239280
1.000000	1.455113
0.000000	0.415970
1.000000	-0.382138
0.000000	0.398608
0.000000	0.328972
0.000000	0.465241
1.000000	0.533437
0.000000	1.587030
1.000000	1.338019
1.000000	2.123912
0.000000	-0.013903
0.000000	0.646470
1.000000	0.782423
0.000000	2.277679
0.000000	0.999963
0.000000	0.022495
0.000000	0.433911
0.000000	0.117499
0.000000	-0.443772
1.000000	0.954498
0.000000	0.029296
0.000000	0.051669
1.000000	0.167720
0.000000	0.777354
1.000000	1.896633
1.000000	0.449229
0.000000	1.309707
0.000000	-0.823661
0.000000	1.059840
1.000000	1.894316
0.000000	0.634148
0.000000	0.910399
0.000000	0.560387
1.000000	3.489431
1.000000	1.246710
0.000000	2.474843
0.000000	1.527975
1.000000	0.288856
1.000000	-0.479469
1.000000	1.376940
0.000000	0.921909
0.000000	0.753830
1.000000	1.738219
1.000000	1.718291
1.000000	0.480799
1.000000	0.329754
0.000000	1.112921
0.000000	-0.702018
1.000000	1.820341
1.000000	1.174716
1.000000	1.158335
1.000000	-0.485788
1.000000	0.077274
1.000000	-0.461621
0.000000	1.229506
0.000000	0.902855
0.000000	2.061256
1.000000	0.390597
0.000000	0.572992
0.000000	0.872091
1.000000	2.358447
0.000000	2.513856
1.000000	2.904711
0.000000	1.145129
1.000000	1.546056
0.000000	2.328692
1.000000	1.095556
1.000000	1.629195
1.000000	0.146833
0.000000	-0.211376
1.000000	2.274188
1.000000	0.945923
0.000000	-0.091128
0.000000	1.793224
1.000000	2.930414
1.000000	1.351580
1.000000	2.909291
0.000000	0.821282
0.000000	1.696888
0.000000	-0.224254
0.000000	2.729371
1.000000	-0.045751
1.000000	-0.550809
0.000000	1.944386
0.000000	4.045318
1.000000	1.186547
0.000000	-0.377937
1.000000	2.207338
0.000000	2.179190
0.000000	2.016302
1.000000	0.707808
0.000000	1.520514
0.000000	0.230727
0.000000	1.932140
0.000000	1.488553
0.000000	1.180058
1.000000	0.029544
0.000000	0.930376
1.000000	3.133774
1.000000	1.730192
0.000000	1.489738
1.000000	2.693960
0.000000	2.515181
1.000000	2.005249
1.000000	0.084558
1.000000	-0.353521
1.000000	-0.318025
1.000000	0.760104
0.000000	-0.060836
0.000000	0.722752
1.000000	-0.663660
1.000000	2.462952
0.000000	-1.561934
0.000000	2.102041
0.000000	-0.166119
0.000000	0.859314
0.000000	0.284700
1.000000	0.674287
0.000000	0.471250
1.000000	1.283005
1.000000	0.906584
1.000000	0.070129
0.000000	2.785331
1.000000	0.910396
0.000000	1.376396
1.000000	0.133005
1.000000	0.044947
0.000000	0.390972
1.000000	0.528156
1.000000	2.039094
0.000000	1.565893
1.000000	0.242220
0.000000	1.904134
1.000000	0.199071
1.000000	0.191234
1.000000	3.977211
1.000000	0.928461
0.000000	1.670794
1.000000	2.036230
0.000000	-0.103307
0.000000	0.757232
1.000000	1.146868
0.000000	-0.835475
0.000000	1.471748
0.000000	1.717479
1.000000	2.045899
1.000000	2.256964
0.000000	1.506393
0.000000	1.186019
1.000000	0.445097
1.000000	-0.242424
1.000000	0.136748
1.000000	2.111211
1.000000	-0.098436
0.000000	3.197474
1.000000	0.585745
1.000000	-0.032948
0.000000	0.518653
0.000000	0.985333
1.000000	2.009091
1.000000	1.059489
0.000000	0.672703
0.000000	1.629117
0.000000	1.043232
1.000000	-0.308400
0.000000	1.315679
0.000000	2.170760
0.000000	1.618613
0.000000	0.595657
0.000000	2.631817
1.000000	-0.369381
0.000000	0.338551
0.000000	0.470281
0.000000	-0.218715
1.000000	0.445673
0.000000	0.279293
1.000000	0.880410
0.000000	0.357338
0.000000	1.120326
0.000000	1.480894
0.000000	1.429078
1.000000	-0.078208
0.000000	1.089007
1.000000	-0.145548
0.000000	-0.467622
0.000000	0.742620
0.000000	4.024234
0.000000	0.609779
0.000000	0.467395
1.000000	0.916059
1.000000	-0.105310
1.000000	1.516369
0.000000	-0.171020
0.000000	0.616490
1.000000	-0.221429
1.000000	0.140566
0.000000	1.749294
0.000000	0.437493
1.000000	1.271430
0.000000	-0.173551
0.000000	0.968134
1.000000	0.544359
0.000000	-0.319990
1.000000	0.496940
0.000000	-0.641877
0.000000	1.235010
1.000000	0.984339
0.000000	1.581913
0.000000	-0.622414
1.000000	0.821857
0.000000	1.005069
0.000000	1.648537
0.000000	0.221585
0.000000	1.804655
0.000000	1.953914
1.000000	0.718640
0.000000	0.677370
1.000000	0.222489
0.000000	-0.082630
0.000000	1.123693
0.000000	0.333589
0.000000	1.430218
0.000000	-0.248539
0.000000	-0.318107
1.000000	0.199259
0.000000	0.004026
1.000000	2.053330
1.000000	-0.877765
0.000000	0.971963
0.000000	-0.090619
1.000000	1.189059
0.000000	0.712367
0.000000	-0.067950
1.000000	2.057093
1.000000	1.436996
0.000000	-0.034810
0.000000	-0.324369
0.000000	3.830396
1.000000	1.403934
0.000000	0.768448
0.000000	1.184791
1.000000	-0.118642
0.000000	2.359211
0.000000	-0.798256
1.000000	1.626230
1.000000	1.566766
1.000000	0.608636
0.000000	1.935447
1.000000	0.895986
1.000000	-0.465119
0.000000	1.644879
0.000000	-0.381900
0.000000	0.041009
1.000000	-0.115377
1.000000	1.475999
1.000000	-0.163979
0.000000	0.651589
0.000000	-1.236085
1.000000	0.085133
0.000000	0.990299
0.000000	1.653446
0.000000	1.392627
1.000000	1.516239
0.000000	1.245599
0.000000	0.568586
0.000000	0.382884
1.000000	0.624576
0.000000	0.110338
0.000000	1.032554
1.000000	0.022432
0.000000	1.881674
0.000000	1.281534
0.000000	1.244707
1.000000	-0.568074
0.000000	1.131610
0.000000	0.967393
0.000000	1.323084
1.000000	0.126796
0.000000	1.388147
0.000000	0.004004
0.000000	-0.034985
0.000000	0.746610
0.000000	0.185482
0.000000	-1.752814
0.000000	2.186155
1.000000	1.170712
1.000000	0.002469
1.000000	-0.046447
1.000000	4.329894
0.000000	1.609552
1.000000	1.244018
0.000000	-0.248589
1.000000	0.822033
0.000000	0.848789
1.000000	0.870904
0.000000	-0.668466
1.000000	-0.318793
0.000000	1.990766
0.000000	1.442770
0.000000	1.262665
1.000000	1.239082
1.000000	0.793717
0.000000	0.850313
0.000000	0.075672
0.000000	0.828717
1.000000	-0.505109
0.000000	1.860994
0.000000	0.177156
0.000000	0.491433
0.000000	0.850450
0.000000	1.617004
0.000000	3.313078
1.000000	1.502688
1.000000	1.793737
0.000000	0.243319
0.000000	0.393471
1.000000	1.475631
1.000000	2.445444
0.000000	1.183332
1.000000	0.531761
0.000000	2.266022
0.000000	1.739843
0.000000	0.622633
0.000000	2.583367
0.000000	2.230646
0.000000	1.861710
0.000000	1.968230
1.000000	-0.356527
1.000000	3.369290
0.000000	1.770019
0.000000	1.458832
0.000000	0.520688
0.000000	0.327724
0.000000	0.553641
0.000000	3.149511
0.000000	2.064467
0.000000	1.045438
0.000000	1.379983
0.000000	1.098195
1.000000	3.994088
0.000000	-1.225672
0.000000	1.170077
0.000000	-0.404916
1.000000	0.660820
1.000000	2.430169
0.000000	1.922326
0.000000	0.488231
1.000000	0.996326
0.000000	1.648181
1.000000	0.797027
1.000000	1.961136
0.000000	2.298031
0.000000	1.101829
1.000000	0.412429
1.000000	2.212326
1.000000	1.057326
0.000000	0.965005
0.000000	2.220789
0.000000	0.290129
0.000000	0.916311
1.000000	-0.130272
1.000000	2.252762
1.000000	0.711597
0.000000	0.729483
0.000000	0.390841
0.000000	-0.873315
0.000000	0.937510
1.000000	-1.664809
1.000000	-0.307863
0.000000	0.717850
0.000000	1.134791
1.000000	1.655804
0.000000	1.229481
0.000000	-0.385681
0.000000	0.312334
1.000000	-0.147186
1.000000	1.861584
1.000000	1.849491
0.000000	0.121580
1.000000	1.056914
0.000000	0.446272
1.000000	0.912458
0.000000	2.666386
0.000000	-0.254200
0.000000	-0.254972
0.000000	0.466042
1.000000	1.782055
1.000000	-0.497416
0.000000	1.034141
0.000000	1.062229
0.000000	3.891272
0.000000	1.084114
0.000000	0.861011
0.000000	1.432177
0.000000	1.053169
0.000000	1.738620
0.000000	1.228987
0.000000	0.040782
1.000000	0.862199
0.000000	-1.241661
0.000000	0.721081
1.000000	0.894757
0.000000	0.910177
1.000000	0.658640
0.000000	0.513313
0.000000	0.706558
1.000000	0.345786
0.000000	1.219710
0.000000	-0.176876
1.000000	1.138491
1.000000	1.995099
0.000000	2.461649
1.000000	0.641687
0.000000	0.526210
1.000000	-0.338533
1.000000	-0.079378
1.000000	1.276711
1.000000	1.128590
0.000000	-0.390469
1.000000	0.097180
1.000000	1.187252
1.000000	1.415098
1.000000	1.675824
0.000000	1.161531
1.000000	-0.246523
1.000000	-0.615551
1.000000	1.443257
1.000000	0.658803
1.000000	0.077436
0.000000	1.825261
1.000000	0.187404
0.000000	1.315855
0.000000	1.251280
0.000000	0.344431
0.000000	0.204756
0.000000	0.309672
1.000000	1.050666
1.000000	-0.045609
1.000000	1.033829
1.000000	0.796545
0.000000	0.794384
0.000000	4.537190
1.000000	0.404108
0.000000	0.846496
1.000000	0.759721
1.000000	0.940782
1.000000	2.413709
1.000000	2.461826
0.000000	1.104677
0.000000	-0.190699
0.000000	1.081793
1.000000	0.402667
1.000000	0.407408
0.000000	0.021331
0.000000	1.170513
0.000000	1.128772
1.000000	0.653604
0.000000	2.556674
0.000000	0.651829
0.000000	2.046579
0.000000	-0.045999
1.000000	2.814262
1.000000	0.463195
0.000000	1.994028
1.000000	1.791027
1.000000	-0.609872
1.000000	0.841700
0.000000	-0.218351
0.000000	-0.018562
0.000000	-0.930290
1.000000	0.654410
0.000000	2.570447
1.000000	0.701647
0.000000	0.531772
0.000000	1.083675
0.000000	0.105916
1.000000	2.819301
0.000000	-0.913244
1.000000	1.288851
0.000000	0.284005
1.000000	0.330764
0.000000	2.114577
0.000000	-0.795511
0.000000	1.362574
1.000000	0.627043
0.000000	-0.698829
0.000000	0.876267
0.000000	-0.632268
0.000000	2.352394
1.000000	2.167960
1.000000	0.160328
0.000000	0.250404
1.000000	3.648710
1.000000	-0.610789
0.000000	-0.027792
1.000000	1.104476
0.000000	1.650445
0.000000	1.493803
0.000000	0.903105
0.000000	0.445916
1.000000	2.695122
0.000000	0.071096
0.000000	0.850219
0.000000	0.252740
1.000000	1.136215
0.000000	2.074726
1.000000	0.639913
1.000000	0.153877
1.000000	1.147500
0.000000	0.839282
0.000000	0.741174
0.000000	2.591122
0.000000	-0.302182
1.000000	-0.250897
1.000000	0.362524
1.000000	-0.564547
1.000000	-0.311776
1.000000	1.601775
0.000000	0.790286
0.000000	0.999665
0.000000	0.826631
0.000000	0.940660
0.000000	1.079779
1.000000	0.478808
0.000000	1.092033
1.000000	-1.259931
1.000000	0.489373
1.000000	-0.565713
1.000000	1.558618
0.000000	0.254288
1.000000	1.190482
0.000000	1.305834
1.000000	1.825150
0.000000	-0.575617
0.000000	1.699327
0.000000	1.833981
1.000000	-0.238816
1.000000	1.825004
0.000000	0.607649
0.000000	1.425069
0.000000	1.667164
1.000000	-0.052376
1.000000	0.966870
1.000000	3.347560
0.000000	0.809943
0.000000	0.508245
0.000000	0.721926
0.000000	-0.005437
1.000000	0.464995
1.000000	-1.493388
1.000000	0.510912
1.000000	1.384671
0.000000	0.621579
0.000000	0.561543
0.000000	1.355337
0.000000	2.514695
0.000000	0.084475
0.000000	0.758316
0.000000	1.049709
0.000000	1.551065
1.000000	2.445483
0.000000	2.253576
1.000000	0.873642
0.000000	0.541506
0.000000	1.311755
1.000000	-1.232892
1.000000	1.192769
1.000000	0.976028
0.000000	2.203114
1.000000	-0.469373
1.000000	0.439788
1.000000	-0.841160
1.000000	2.310190
0.000000	0.014611
0.000000	0.406513
1.000000	0.796000
0.000000	1.242176
1.000000	0.261957
1.000000	2.532688
1.000000	1.765226
0.000000	-0.060372
1.000000	0.456582
0.000000	0.451667
1.000000	1.619113
1.000000	1.203888
0.000000	1.661683
0.000000	-0.193964
1.000000	1.318567
1.000000	0.957916
1.000000	1.417815
1.000000	-1.627855
0.000000	2.105283
0.000000	2.198178
0.000000	1.573621
0.000000	5.046458
0.000000	0.989862
0.000000	-0.120526
1.000000	0.910277
0.000000	2.163592
1.000000	0.561049
0.000000	3.730388
0.000000	0.229990
0.000000	0.545463
0.000000	0.949934
1.000000	3.569715
0.000000	-0.124585
0.000000	0.768335
0.000000	1.465922
-1.000000	-0.990296
0.000000	1.830645
-1.000000	0.484980
0.000000	2.002342
-1.000000	0.397147
-1.000000	1.402899
0.000000	1.558800
0.000000	1.074271
-1.000000	-0.631305
-1.000000	1.116883
-1.000000	-0.962572
-1.000000	1.719858
0.000000	1.860118
-1.000000	-0.031384
-1.000000	0.649759
0.000000	0.913461
0.000000	1.162398
0.000000	0.235486
0.000000	2.203671
-1.000000	1.570138
0.000000	2.134243
-1.000000	0.019981
-1.000000	-0.050940
0.000000	-0.822540
0.000000	0.300182
-1.000000	1.888775
0.000000	1.691349
-1.000000	0.261255
0.000000	0.951918
-1.000000	1.967103
-1.000000	-0.232613
0.000000	1.000268
-1.000000	1.309353
0.000000	1.113813
0.000000	0.943093
0.000000	0.539848
0.000000	1.099892
-1.000000	4.807572
0.000000	1.760043
0.000000	1.976699
0.000000	1.442735
-1.000000	0.076944
0.000000	0.597125
-1.000000	1.538532
0.000000	-0.091852
-1.000000	-1.163775
-1.000000	1.413707
0.000000	0.184135
0.000000	0.794293
-1.000000	-0.644498
0.000000	0.647243
-1.000000	-1.299216
-1.000000	0.322174
-1.000000	1.249591
0.000000	-0.448385
0.000000	0.137080
-1.000000	-0.137667
0.000000	2.281947
0.000000	1.694967
-1.000000	0.122550
-1.000000	0.740034
0.000000	-0.375414
0.000000	0.209250
0.000000	0.271199
0.000000	-0.542561
-1.000000	1.061964
0.000000	0.895760
0.000000	1.693083
0.000000	0.674015
0.000000	-0.225280
0.000000	-0.257383
0.000000	1.505029
-1.000000	0.297721
0.000000	1.299725
0.000000	-0.237278
-1.000000	0.464008
-1.000000	-0.768969
-1.000000	1.849154
0.000000	-0.202027
-1.000000	0.420292
0.000000	0.432222
0.000000	1.173963
0.000000	-0.078257
-1.000000	1.522916
0.000000	0.081700
0.000000	0.154642
0.000000	0.605882
-1.000000	0.483162
-1.000000	3.900794
-1.000000	1.402270
0.000000	-0.077550
-1.000000	-0.697488
0.000000	1.908799
-1.000000	0.256386
-1.000000	2.513240
-1.000000	-0.527075
0.000000	-0.319791
-1.000000	2.288341
-1.000000	0.927633
-1.000000	0.872177
-1.000000	0.346755
-1.000000	0.827140
0.000000	-0.637944
0.000000	0.575251
-1.000000	-0.243444
-1.000000	2.695483
0.000000	0.791812
-1.000000	-0.178865
-1.000000	1.302152
0.000000	0.538655
0.000000	0.745503
0.000000	2.213415
0.000000	0.647583
0.000000	-0.298658
0.000000	1.555593
0.000000	0.390107
0.000000	0.699426
-1.000000	0.227991
0.000000	2.030995
-1.000000	0.994480
0.000000	0.875206
-1.000000	1.437393
-1.000000	-0.568835
0.000000	-0.280400
-1.000000	0.338329
0.000000	-0.429219
0.000000	0.706274
-1.000000	1.367950
-1.000000	2.641032
0.000000	1.189983
-1.000000	-0.017815
0.000000	1.107041
-1.000000	1.116248
-1.000000	0.514543
0.000000	0.626855
0.000000	0.274045
-1.000000	-0.114753
0.000000	1.345146
0.000000	0.290337
-1.000000	3.433212
0.000000	1.282995
0.000000	0.396631
-1.000000	0.680522
0.000000	0.428941
-1.000000	0.847493
-1.000000	0.876867
-1.000000	-0.220205
0.000000	1.420246
0.000000	2.300795
-1.000000	1.067929
0.000000	1.534679
-1.000000	2.531497
0.000000	2.186499
-1.000000	3.323090
0.000000	2.046079
0.000000	1.777430
0.000000	3.293865
-1.000000	0.592876
-1.000000	0.442078
-1.000000	2.466640
0.000000	0.193246
0.000000	1.286964
-1.000000	0.797636
-1.000000	2.034270
0.000000	1.387646
-1.000000	1.465949
0.000000	2.847866
-1.000000	2.469038
-1.000000	1.534322
-1.000000	1.968414
0.000000	2.137295
0.000000	1.091305
0.000000	-0.948890
-1.000000	1.061067
-1.000000	0.859682
0.000000	-0.364588
0.000000	2.134169
-1.000000	-0.433940
-1.000000	1.261895
-1.000000	0.397709
-1.000000	1.245289
0.000000	1.510149
0.000000	0.034635
0.000000	-0.612207
-1.000000	2.143520
-1.000000	0.549746
0.000000	2.073604
-1.000000	1.215705
-1.000000	-0.438789
-1.000000	1.423727
-1.000000	4.939052
0.000000	1.847233
0.000000	1.049327
0.000000	1.732803
0.000000	1.079499
-1.000000	-0.755647
0.000000	1.165173
-1.000000	0.843459
-1.000000	2.673626
-1.000000	1.580410
0.000000	0.307929
0.000000	-0.783527
-1.000000	0.768636
0.000000	1.746190
0.000000	1.958604
-1.000000	0.233459
0.000000	0.852700
-1.000000	0.546946
0.000000	2.933563
-1.000000	0.968045
-1.000000	-0.169704
0.000000	0.631199
0.000000	1.939111
0.000000	0.820447
-1.000000	1.961138
-1.000000	0.673275
0.000000	0.719274
0.000000	0.777292
0.000000	1.845046
0.000000	1.650488
0.000000	2.722864
0.000000	1.923416
-1.000000	0.222993
-1.000000	1.232951
-1.000000	0.288613
-1.000000	0.227341
0.000000	0.744792
-1.000000	0.444562
-1.000000	0.424083
-1.000000	-0.794014
0.000000	0.015577
0.000000	0.576474
-1.000000	1.899332
0.000000	0.955484
0.000000	2.326034
-1.000000	0.455760
0.000000	0.107391
0.000000	0.537389
-1.000000	0.103559
-1.000000	1.087564
-1.000000	1.344883
-1.000000	3.507275
-1.000000	1.636815
0.000000	1.747729
0.000000	-0.315597
-1.000000	-0.823182
-1.000000	0.703100
0.000000	2.081696
0.000000	0.529885
-1.000000	1.161926
0.000000	1.626992
-1.000000	0.472159
0.000000	1.632740
0.000000	1.894034
0.000000	1.859568
0.000000	0.489188
0.000000	1.633227
0.000000	0.361673
0.000000	0.231014
0.000000	0.298029
-1.000000	0.704160
0.000000	0.054453
-1.000000	2.636193
0.000000	-0.546312
-1.000000	-0.649115
-1.000000	1.738402
-1.000000	0.093860
0.000000	1.431272
0.000000	1.390028
-1.000000	0.188353
-1.000000	0.468645
0.000000	0.288944
-1.000000	1.743350
0.000000	2.565918
0.000000	0.956137
-1.000000	1.210144
-1.000000	-0.054569
-1.000000	2.083982
0.000000	1.165599
-1.000000	-1.597387
0.000000	1.043203
0.000000	2.495851
-1.000000	1.068806
-1.000000	1.646832
-1.000000	2.360957
-1.000000	-0.583820
-1.000000	0.464792
0.000000	0.434795
-1.000000	1.415731
0.000000	1.366259
0.000000	0.374912
-1.000000	-0.693444
-1.000000	4.689093
0.000000	1.597296
0.000000	1.784894
0.000000	0.548482
0.000000	1.134574
-1.000000	0.729382
-1.000000	0.603264
0.000000	-0.375257
0.000000	1.059217
0.000000	1.339677
0.000000	0.881270
0.000000	2.974603
0.000000	1.837665
-1.000000	0.251135
-1.000000	-0.244869
-1.000000	0.004138
0.000000	-0.391502
-1.000000	-0.352301
-1.000000	0.138322
-1.000000	2.518484
0.000000	2.266080
-1.000000	1.640953
0.000000	0.400266
0.000000	2.887775
0.000000	1.940933
-1.000000	0.867832
0.000000	2.515595
-1.000000	0.970033
0.000000	3.465331
-1.000000	1.147825
0.000000	2.613321
0.000000	1.609299
-1.000000	1.490578
0.000000	0.336312
-1.000000	1.128712
0.000000	1.716679
0.000000	0.643545
-1.000000	1.576192
0.000000	0.912403
-1.000000	3.048146
-1.000000	1.661425
0.000000	1.177918
0.000000	-1.515187
-1.000000	1.623083
0.000000	1.496171
0.000000	1.882911
0.000000	0.119771
-1.000000	1.851123
-1.000000	2.369804
0.000000	0.614038
0.000000	1.071410
0.000000	4.396869
-1.000000	2.834758
0.000000	0.831631
0.000000	1.120907
-1.000000	0.214460
0.000000	1.330782
0.000000	-0.095201
0.000000	2.834723
0.000000	0.544041
0.000000	1.538501
0.000000	1.853575
-1.000000	0.216764
0.000000	1.387643
0.000000	0.725270
-1.000000	1.269432
-1.000000	0.463004
0.000000	0.683658
0.000000	-0.644216
-1.000000	-2.378619
-1.000000	0.748162
-1.000000	-0.739920
-1.000000	0.250455
0.000000	3.659749
-1.000000	0.210195
0.000000	2.041077
-1.000000	3.914959
-1.000000	0.443321
-1.000000	1.939416
-1.000000	2.633752
0.000000	1.199626
-1.000000	2.094169
0.000000	0.416960
0.000000	2.609120
0.000000	0.653337
-1.000000	1.099980
-1.000000	0.205828
0.000000	-0.585147
0.000000	0.273222
0.000000	0.944235
-1.000000	1.194865
0.000000	1.988385
-1.000000	0.077616
0.000000	1.872796
-1.000000	0.096262
0.000000	0.572007
-1.000000	-1.055527
0.000000	-0.788372
0.000000	0.544899
-1.000000	-0.037574
-1.000000	1.930986
-1.000000	1.569971
0.000000	4.434032
0.000000	-0.773667
0.000000	2.130843
0.000000	2.271515
-1.000000	1.580444
0.000000	-1.946054
0.000000	-0.337653
-1.000000	0.882643
-1.000000	2.305175
0.000000	1.925544
-1.000000	0.707996
0.000000	-0.009786
-1.000000	1.098221
-1.000000	-0.431258
0.000000	0.696869
0.000000	1.628389
-1.000000	-1.069616
0.000000	0.222318
-1.000000	-0.822478
0.000000	0.806243
-1.000000	1.496126
0.000000	1.393332
0.000000	-0.201987
-1.000000	-0.120234
-1.000000	-0.871612
0.000000	-1.084428
0.000000	0.821887
-1.000000	0.792577
-1.000000	0.651646
-1.000000	0.364071
-1.000000	1.411015
0.000000	0.638831
0.000000	-0.045599
0.000000	0.877486
0.000000	2.326271
-1.000000	-0.011961
-1.000000	-1.247082
0.000000	-0.562609
0.000000	-1.321126
0.000000	-0.238545
0.000000	-0.269831
-1.000000	-0.843345
-1.000000	0.879274
-1.000000	0.411288
0.000000	-0.833422
-1.000000	0.436149
-1.000000	-0.644024
0.000000	0.487497
-1.000000	1.406568
-1.000000	0.341888
0.000000	0.518583
-1.000000	3.639185
-1.000000	1.778973
-1.000000	1.100377
0.000000	-0.640293
-1.000000	-0.077450
-1.000000	-0.092170
0.000000	2.817181
0.000000	0.281261
0.000000	1.297304
0.000000	1.997151
-1.000000	0.961604
-1.000000	0.623435
0.000000	1.298270
-1.000000	1.561295
0.000000	1.885168
0.000000	1.299226
-1.000000	0.526137
0.000000	0.886443
-1.000000	0.984780
0.000000	3.320145
0.000000	1.793499
-1.000000	1.944798
0.000000	1.423398
0.000000	1.703122
0.000000	0.055324
0.000000	1.407390
0.000000	0.335453
0.000000	0.844671
0.000000	1.003620
-1.000000	1.176413
0.000000	0.225878
0.000000	1.315958
0.000000	1.390498
-1.000000	-0.172973
-1.000000	-0.161955
-1.000000	0.958553
0.000000	0.721450
0.000000	0.265977
0.000000	-0.023072
0.000000	1.403148
-1.000000	-0.494450
0.000000	2.646546
-1.000000	-0.475370
-1.000000	0.299092
0.000000	-0.415133
0.000000	2.333841
0.000000	1.399618
0.000000	1.108815
0.000000	1.629366
-1.000000	0.285066
0.000000	1.275154
0.000000	4.612375
