2 	 0.001100 
6 	 0.001100 
13 	 0.001100 
15 	 0.001100 
18 	 0.001100 
19 	 0.001100 
20 	 0.001100 
21 	 0.001100 
22 	 0.001100 
23 	 0.001100 
24 	 0.001100 
26 	 0.001100 
28 	 0.001100 
29 	 0.001100 
30 	 0.001100 
31 	 0.001100 
32 	 0.001100 
34 	 0.001100 
35 	 0.001100 
36 	 0.001100 
37 	 0.001100 
38 	 0.001100 
39 	 0.001100 
41 	 0.001100 
47 	 0.001100 
48 	 0.001100 
49 	 0.001100 
11 	 0.002100 
14 	 0.002100 
16 	 0.002100 
17 	 0.002100 
25 	 0.002100 
27 	 0.002100 
33 	 0.002100 
42 	 0.002100 
46 	 0.002100 
0 	 0.003100 
2 	 0.003100 
3 	 0.003100 
5 	 0.003100 
6 	 0.003100 
15 	 0.003100 
18 	 0.003100 
20 	 0.003100 
23 	 0.003100 
24 	 0.003100 
26 	 0.003100 
28 	 0.003100 
29 	 0.003100 
30 	 0.003100 
32 	 0.003100 
34 	 0.003100 
36 	 0.003100 
38 	 0.003100 
41 	 0.003100 
44 	 0.003100 
45 	 0.003100 
48 	 0.003100 
8 	 0.003700 
4 	 0.003900 
1 	 0.004100 
9 	 0.004100 
10 	 0.004100 
11 	 0.004100 
12 	 0.004100 
13 	 0.004100 
16 	 0.004100 
25 	 0.004100 
27 	 0.004100 
35 	 0.004100 
37 	 0.004100 
39 	 0.004100 
42 	 0.004100 
43 	 0.004100 
47 	 0.004100 
2 	 0.005100 
4 	 0.005100 
5 	 0.005100 
8 	 0.005100 
14 	 0.005100 
18 	 0.005100 
19 	 0.005100 
20 	 0.005100 
22 	 0.005100 
23 	 0.005100 
31 	 0.005100 
33 	 0.005100 
40 	 0.005100 
46 	 0.005100 
48 	 0.005100 
15 	 0.005300 
44 	 0.005300 
3 	 0.005900 
1 	 0.006100 
9 	 0.006100 
13 	 0.006100 
21 	 0.006100 
24 	 0.006100 
25 	 0.006100 
26 	 0.006100 
27 	 0.006100 
28 	 0.006100 
30 	 0.006100 
32 	 0.006100 
34 	 0.006100 
35 	 0.006100 
38 	 0.006100 
39 	 0.006100 
41 	 0.006100 
42 	 0.006100 
45 	 0.006100 
0 	 0.007100 
2 	 0.007100 
4 	 0.007100 
6 	 0.007100 
7 	 0.007100 
11 	 0.007100 
12 	 0.007100 
15 	 0.007100 
18 	 0.007100 
19 	 0.007100 
20 	 0.007100 
40 	 0.007100 
44 	 0.007100 
46 	 0.007100 
47 	 0.007100 
3 	 0.008100 
8 	 0.008100 
10 	 0.008100 
13 	 0.008100 
14 	 0.008100 
22 	 0.008100 
23 	 0.008100 
26 	 0.008100 
27 	 0.008100 
28 	 0.008100 
30 	 0.008100 
34 	 0.008100 
35 	 0.008100 
37 	 0.008100 
41 	 0.008100 
48 	 0.008100 
24 	 0.008400 
45 	 0.008500 
39 	 0.008600 
21 	 0.008700 
2 	 0.009100 
4 	 0.009100 
6 	 0.009100 
7 	 0.009100 
9 	 0.009100 
11 	 0.009100 
17 	 0.009100 
18 	 0.009100 
25 	 0.009100 
31 	 0.009100 
32 	 0.009100 
38 	 0.009100 
42 	 0.009100 
46 	 0.009100 
47 	 0.009100 
44 	 0.009200 
33 	 0.009500 
0 	 0.010100 
1 	 0.010100 
5 	 0.010100 
13 	 0.010100 
14 	 0.010100 
15 	 0.010100 
19 	 0.010100 
21 	 0.010100 
22 	 0.010100 
24 	 0.010100 
26 	 0.010100 
27 	 0.010100 
30 	 0.010100 
34 	 0.010100 
35 	 0.010100 
39 	 0.010100 
40 	 0.010100 
41 	 0.010100 
48 	 0.010100 
38 	 0.010900 
45 	 0.010900 
42 	 0.011200 
44 	 0.011200 
8 	 0.011300 
47 	 0.011400 
4 	 0.011700 
33 	 0.011700 
24 	 0.011800 
0 	 0.012100 
2 	 0.012100 
3 	 0.012100 
9 	 0.012100 
11 	 0.012100 
15 	 0.012100 
17 	 0.012100 
23 	 0.012100 
25 	 0.012100 
28 	 0.012100 
29 	 0.012100 
30 	 0.012100 
34 	 0.012100 
36 	 0.012100 
37 	 0.012100 
40 	 0.012100 
41 	 0.012100 
48 	 0.012100 
21 	 0.012800 
12 	 0.013000 
22 	 0.013000 
4 	 0.013100 
5 	 0.013100 
10 	 0.013100 
13 	 0.013100 
19 	 0.013100 
20 	 0.013100 
26 	 0.013100 
27 	 0.013100 
39 	 0.013100 
47 	 0.013100 
42 	 0.013200 
24 	 0.013600 
33 	 0.013600 
34 	 0.013900 
35 	 0.014000 
0 	 0.014100 
1 	 0.014100 
3 	 0.014100 
7 	 0.014100 
11 	 0.014100 
14 	 0.014100 
15 	 0.014100 
16 	 0.014100 
17 	 0.014100 
18 	 0.014100 
23 	 0.014100 
25 	 0.014100 
32 	 0.014100 
37 	 0.014100 
41 	 0.014100 
45 	 0.014100 
44 	 0.014300 
27 	 0.015000 
22 	 0.015200 
13 	 0.015300 
42 	 0.015400 
30 	 0.015600 
24 	 0.015700 
8 	 0.015900 
40 	 0.015900 
1 	 0.016100 
4 	 0.016100 
5 	 0.016100 
6 	 0.016100 
7 	 0.016100 
9 	 0.016100 
10 	 0.016100 
11 	 0.016100 
15 	 0.016100 
17 	 0.016100 
18 	 0.016100 
21 	 0.016100 
26 	 0.016100 
32 	 0.016100 
33 	 0.016100 
34 	 0.016100 
35 	 0.016100 
36 	 0.016100 
37 	 0.016100 
41 	 0.016100 
44 	 0.016100 
46 	 0.016100 
47 	 0.016100 
49 	 0.016100 
39 	 0.016900 
14 	 0.017000 
45 	 0.017000 
0 	 0.017100 
13 	 0.017100 
19 	 0.017100 
20 	 0.017100 
25 	 0.017100 
27 	 0.017100 
28 	 0.017100 
29 	 0.017100 
30 	 0.017100 
48 	 0.017100 
3 	 0.017900 
32 	 0.017900 
6 	 0.018100 
7 	 0.018100 
10 	 0.018100 
11 	 0.018100 
12 	 0.018100 
15 	 0.018100 
24 	 0.018100 
26 	 0.018100 
34 	 0.018100 
36 	 0.018100 
37 	 0.018100 
40 	 0.018100 
41 	 0.018100 
42 	 0.018100 
44 	 0.018100 
21 	 0.018300 
2 	 0.019100 
4 	 0.019100 
5 	 0.019100 
8 	 0.019100 
20 	 0.019100 
25 	 0.019100 
28 	 0.019100 
29 	 0.019100 
43 	 0.019100 
46 	 0.019100 
47 	 0.019100 
49 	 0.019100 
24 	 0.019700 
6 	 0.020100 
10 	 0.020100 
11 	 0.020100 
14 	 0.020100 
15 	 0.020100 
16 	 0.020100 
17 	 0.020100 
19 	 0.020100 
22 	 0.020100 
26 	 0.020100 
27 	 0.020100 
30 	 0.020100 
31 	 0.020100 
32 	 0.020100 
34 	 0.020100 
35 	 0.020100 
36 	 0.020100 
38 	 0.020100 
40 	 0.020100 
41 	 0.020100 
45 	 0.020100 
48 	 0.020100 
39 	 0.020200 
44 	 0.020400 
3 	 0.020500 
37 	 0.020600 
4 	 0.020900 
21 	 0.020900 
1 	 0.021100 
2 	 0.021100 
5 	 0.021100 
7 	 0.021100 
8 	 0.021100 
9 	 0.021100 
12 	 0.021100 
13 	 0.021100 
23 	 0.021100 
24 	 0.021100 
28 	 0.021100 
33 	 0.021100 
0 	 0.022100 
38 	 0.022100 
42 	 0.022100 
34 	 0.022300 
46 	 0.022400 
45 	 0.022500 
30 	 0.022600 
1 	 0.022700 
15 	 0.022800 
2 	 0.023100 
4 	 0.023100 
5 	 0.023100 
11 	 0.023100 
13 	 0.023100 
14 	 0.023100 
16 	 0.023100 
19 	 0.023100 
21 	 0.023100 
23 	 0.023100 
25 	 0.023100 
27 	 0.023100 
28 	 0.023100 
32 	 0.023100 
33 	 0.023100 
37 	 0.023100 
39 	 0.023100 
44 	 0.023100 
48 	 0.023100 
1 	 0.024100 
3 	 0.024100 
10 	 0.024100 
20 	 0.024100 
22 	 0.024100 
26 	 0.024100 
30 	 0.024100 
31 	 0.024100 
36 	 0.024100 
40 	 0.024100 
43 	 0.024100 
46 	 0.024100 
49 	 0.024100 
42 	 0.024300 
35 	 0.024400 
2 	 0.025100 
6 	 0.025100 
11 	 0.025100 
15 	 0.025100 
17 	 0.025100 
18 	 0.025100 
19 	 0.025100 
23 	 0.025100 
24 	 0.025100 
25 	 0.025100 
27 	 0.025100 
34 	 0.025100 
37 	 0.025100 
38 	 0.025100 
41 	 0.025100 
45 	 0.025100 
47 	 0.025100 
8 	 0.025300 
7 	 0.025500 
32 	 0.025500 
13 	 0.025700 
1 	 0.025800 
44 	 0.026000 
3 	 0.026100 
5 	 0.026100 
14 	 0.026100 
26 	 0.026100 
30 	 0.026100 
33 	 0.026100 
36 	 0.026100 
39 	 0.026100 
42 	 0.026100 
49 	 0.026100 
16 	 0.026600 
22 	 0.026700 
24 	 0.026700 
0 	 0.027100 
2 	 0.027100 
6 	 0.027100 
7 	 0.027100 
8 	 0.027100 
9 	 0.027100 
10 	 0.027100 
11 	 0.027100 
13 	 0.027100 
17 	 0.027100 
19 	 0.027100 
23 	 0.027100 
25 	 0.027100 
27 	 0.027100 
28 	 0.027100 
32 	 0.027100 
41 	 0.027100 
43 	 0.027100 
47 	 0.027100 
4 	 0.027500 
15 	 0.027900 
1 	 0.028100 
3 	 0.028100 
5 	 0.028100 
14 	 0.028100 
16 	 0.028100 
18 	 0.028100 
21 	 0.028100 
22 	 0.028100 
24 	 0.028100 
26 	 0.028100 
29 	 0.028100 
33 	 0.028100 
35 	 0.028100 
36 	 0.028100 
37 	 0.028100 
44 	 0.028100 
46 	 0.028100 
48 	 0.028100 
34 	 0.028400 
12 	 0.028500 
30 	 0.028500 
39 	 0.028900 
42 	 0.028900 
4 	 0.029100 
6 	 0.029100 
10 	 0.029100 
15 	 0.029100 
19 	 0.029100 
23 	 0.029100 
25 	 0.029100 
27 	 0.029100 
32 	 0.029100 
38 	 0.029100 
45 	 0.029100 
49 	 0.029100 
8 	 0.029600 
44 	 0.029900 
24 	 0.030000 
48 	 0.030200 
35 	 0.030300 
0 	 0.030500 
14 	 0.030700 
46 	 0.030700 
21 	 0.030900 
1 	 0.031100 
2 	 0.031100 
6 	 0.031100 
7 	 0.031100 
9 	 0.031100 
10 	 0.031100 
13 	 0.031100 
15 	 0.031100 
19 	 0.031100 
22 	 0.031100 
25 	 0.031100 
26 	 0.031100 
27 	 0.031100 
29 	 0.031100 
31 	 0.031100 
32 	 0.031100 
34 	 0.031100 
37 	 0.031100 
38 	 0.031100 
41 	 0.031100 
42 	 0.031100 
45 	 0.031100 
20 	 0.031600 
39 	 0.031700 
24 	 0.031800 
4 	 0.031900 
35 	 0.032000 
0 	 0.032100 
5 	 0.032100 
11 	 0.032100 
12 	 0.032100 
14 	 0.032100 
17 	 0.032100 
18 	 0.032100 
23 	 0.032100 
28 	 0.032100 
30 	 0.032100 
33 	 0.032100 
36 	 0.032100 
44 	 0.032100 
47 	 0.032100 
8 	 0.032300 
3 	 0.032500 
2 	 0.033100 
4 	 0.033100 
9 	 0.033100 
10 	 0.033100 
13 	 0.033100 
15 	 0.033100 
16 	 0.033100 
19 	 0.033100 
20 	 0.033100 
21 	 0.033100 
27 	 0.033100 
31 	 0.033100 
32 	 0.033100 
34 	 0.033100 
37 	 0.033100 
38 	 0.033100 
39 	 0.033100 
40 	 0.033100 
41 	 0.033100 
45 	 0.033100 
46 	 0.033100 
48 	 0.033100 
47 	 0.033700 
33 	 0.034000 
36 	 0.034000 
0 	 0.034100 
1 	 0.034100 
3 	 0.034100 
5 	 0.034100 
6 	 0.034100 
11 	 0.034100 
14 	 0.034100 
17 	 0.034100 
23 	 0.034100 
25 	 0.034100 
26 	 0.034100 
30 	 0.034100 
35 	 0.034100 
42 	 0.034300 
44 	 0.034400 
24 	 0.034600 
8 	 0.034700 
27 	 0.034800 
22 	 0.035000 
2 	 0.035100 
4 	 0.035100 
10 	 0.035100 
12 	 0.035100 
15 	 0.035100 
16 	 0.035100 
18 	 0.035100 
32 	 0.035100 
37 	 0.035100 
38 	 0.035100 
39 	 0.035100 
41 	 0.035100 
45 	 0.035100 
47 	 0.035100 
48 	 0.035100 
21 	 0.035300 
3 	 0.036000 
1 	 0.036100 
5 	 0.036100 
6 	 0.036100 
9 	 0.036100 
11 	 0.036100 
14 	 0.036100 
17 	 0.036100 
19 	 0.036100 
20 	 0.036100 
26 	 0.036100 
27 	 0.036100 
30 	 0.036100 
33 	 0.036100 
34 	 0.036100 
35 	 0.036100 
42 	 0.036100 
44 	 0.036100 
46 	 0.036100 
40 	 0.036300 
37 	 0.036600 
8 	 0.036700 
15 	 0.036800 
24 	 0.037000 
4 	 0.037100 
39 	 0.037200 
21 	 0.037900 
0 	 0.038100 
2 	 0.038100 
3 	 0.038100 
10 	 0.038100 
11 	 0.038100 
16 	 0.038100 
17 	 0.038100 
22 	 0.038100 
23 	 0.038100 
25 	 0.038100 
27 	 0.038100 
29 	 0.038100 
30 	 0.038100 
32 	 0.038100 
34 	 0.038100 
36 	 0.038100 
37 	 0.038100 
41 	 0.038100 
42 	 0.038100 
44 	 0.038100 
45 	 0.038100 
46 	 0.038100 
48 	 0.038100 
20 	 0.038200 
26 	 0.038200 
24 	 0.038600 
14 	 0.038700 
1 	 0.039100 
7 	 0.039100 
13 	 0.039100 
15 	 0.039100 
18 	 0.039100 
31 	 0.039100 
33 	 0.039100 
8 	 0.039900 
35 	 0.040000 
0 	 0.040100 
2 	 0.040100 
4 	 0.040100 
9 	 0.040100 
10 	 0.040100 
11 	 0.040100 
14 	 0.040100 
16 	 0.040100 
19 	 0.040100 
21 	 0.040100 
24 	 0.040100 
25 	 0.040100 
26 	 0.040100 
27 	 0.040100 
28 	 0.040100 
30 	 0.040100 
34 	 0.040100 
37 	 0.040100 
39 	 0.040100 
41 	 0.040100 
43 	 0.040100 
44 	 0.040100 
45 	 0.040100 
47 	 0.040100 
48 	 0.040100 
49 	 0.040100 
22 	 0.040700 
42 	 0.040900 
46 	 0.041000 
1 	 0.041100 
5 	 0.041100 
6 	 0.041100 
7 	 0.041100 
13 	 0.041100 
15 	 0.041100 
18 	 0.041100 
20 	 0.041100 
33 	 0.041400 
24 	 0.041700 
26 	 0.041700 
12 	 0.041800 
8 	 0.042000 
44 	 0.042000 
0 	 0.042100 
2 	 0.042100 
3 	 0.042100 
10 	 0.042100 
14 	 0.042100 
17 	 0.042100 
19 	 0.042100 
25 	 0.042100 
27 	 0.042100 
29 	 0.042100 
30 	 0.042100 
32 	 0.042100 
36 	 0.042100 
39 	 0.042100 
45 	 0.042100 
4 	 0.042500 
11 	 0.042600 
22 	 0.042700 
1 	 0.043100 
5 	 0.043100 
6 	 0.043100 
7 	 0.043100 
9 	 0.043100 
13 	 0.043100 
15 	 0.043100 
20 	 0.043100 
26 	 0.043100 
28 	 0.043100 
33 	 0.043100 
34 	 0.043100 
37 	 0.043100 
41 	 0.043100 
47 	 0.043100 
49 	 0.043100 
30 	 0.043700 
42 	 0.043700 
35 	 0.043800 
44 	 0.043800 
8 	 0.043900 
3 	 0.044000 
0 	 0.044200 
21 	 0.044400 
11 	 0.044600 
27 	 0.044600 
45 	 0.044600 
1 	 0.044700 
18 	 0.044900 
37 	 0.044900 
39 	 0.045000 
46 	 0.045000 
28 	 0.045300 
4 	 0.045400 
30 	 0.045600 
32 	 0.045600 
7 	 0.045700 
15 	 0.045700 
22 	 0.045700 
12 	 0.045800 
47 	 0.045800 
8 	 0.046000 
14 	 0.046000 
0 	 0.046100 
1 	 0.046100 
2 	 0.046100 
3 	 0.046100 
5 	 0.046100 
10 	 0.046100 
11 	 0.046100 
16 	 0.046100 
19 	 0.046100 
20 	 0.046100 
24 	 0.046100 
26 	 0.046100 
27 	 0.046100 
37 	 0.046100 
41 	 0.046100 
49 	 0.046100 
44 	 0.046300 
34 	 0.046600 
6 	 0.047100 
9 	 0.047100 
12 	 0.047100 
13 	 0.047100 
17 	 0.047100 
22 	 0.047100 
23 	 0.047100 
28 	 0.047100 
30 	 0.047100 
35 	 0.047100 
36 	 0.047100 
40 	 0.047100 
42 	 0.047300 
45 	 0.047400 
21 	 0.047600 
24 	 0.047600 
39 	 0.047700 
32 	 0.047900 
0 	 0.048100 
1 	 0.048100 
2 	 0.048100 
4 	 0.048100 
8 	 0.048100 
10 	 0.048100 
14 	 0.048100 
15 	 0.048100 
18 	 0.048100 
19 	 0.048100 
20 	 0.048100 
26 	 0.048100 
27 	 0.048100 
34 	 0.048100 
38 	 0.048100 
41 	 0.048100 
44 	 0.048100 
46 	 0.048100 
47 	 0.048100 
48 	 0.048100 
3 	 0.048500 
6 	 0.049100 
7 	 0.049100 
9 	 0.049100 
16 	 0.049100 
22 	 0.049100 
23 	 0.049100 
25 	 0.049100 
28 	 0.049100 
29 	 0.049100 
32 	 0.049100 
35 	 0.049100 
37 	 0.049100 
21 	 0.049700 
42 	 0.049700 
26 	 0.049800 
0 	 0.050000 
44 	 0.050000 
2 	 0.050100 
4 	 0.050100 
10 	 0.050100 
11 	 0.050100 
13 	 0.050100 
15 	 0.050100 
17 	 0.050100 
19 	 0.050100 
20 	 0.050100 
27 	 0.050100 
30 	 0.050100 
31 	 0.050100 
33 	 0.050100 
34 	 0.050100 
41 	 0.050100 
8 	 0.050300 
14 	 0.050600 
48 	 0.050900 
29 	 0.051000 
39 	 0.051000 
5 	 0.051100 
9 	 0.051100 
16 	 0.051100 
18 	 0.051100 
22 	 0.051100 
23 	 0.051100 
28 	 0.051100 
32 	 0.051100 
35 	 0.051100 
37 	 0.051100 
38 	 0.051100 
42 	 0.051100 
45 	 0.051100 
46 	 0.051100 
49 	 0.051100 
24 	 0.051400 
6 	 0.051500 
26 	 0.051500 
44 	 0.051800 
3 	 0.052000 
8 	 0.052000 
0 	 0.052100 
1 	 0.052100 
2 	 0.052100 
14 	 0.052100 
20 	 0.052100 
21 	 0.052100 
25 	 0.052100 
27 	 0.052100 
30 	 0.052100 
31 	 0.052100 
33 	 0.052100 
34 	 0.052100 
36 	 0.052100 
40 	 0.052100 
48 	 0.052100 
15 	 0.052600 
7 	 0.052700 
4 	 0.053100 
9 	 0.053200 
17 	 0.053200 
45 	 0.053500 
22 	 0.053600 
39 	 0.053700 
42 	 0.053800 
44 	 0.053800 
24 	 0.053900 
13 	 0.054000 
1 	 0.054100 
2 	 0.054100 
6 	 0.054100 
10 	 0.054100 
18 	 0.054100 
19 	 0.054100 
20 	 0.054100 
21 	 0.054100 
23 	 0.054100 
26 	 0.054100 
30 	 0.054100 
31 	 0.054100 
32 	 0.054100 
34 	 0.054100 
35 	 0.054100 
37 	 0.054100 
38 	 0.054100 
48 	 0.054100 
15 	 0.054600 
12 	 0.054800 
7 	 0.054900 
36 	 0.055000 
0 	 0.055100 
3 	 0.055100 
4 	 0.055100 
5 	 0.055100 
11 	 0.055100 
14 	 0.055100 
16 	 0.055100 
22 	 0.055100 
24 	 0.055100 
25 	 0.055100 
27 	 0.055100 
28 	 0.055100 
40 	 0.055100 
41 	 0.055100 
46 	 0.055100 
47 	 0.055100 
42 	 0.055700 
17 	 0.055800 
13 	 0.055900 
44 	 0.056000 
1 	 0.056100 
2 	 0.056100 
6 	 0.056100 
8 	 0.056100 
9 	 0.056100 
12 	 0.056100 
15 	 0.056100 
18 	 0.056100 
19 	 0.056100 
20 	 0.056100 
26 	 0.056100 
31 	 0.056100 
37 	 0.056100 
39 	 0.056100 
48 	 0.056100 
30 	 0.056500 
11 	 0.056600 
45 	 0.056700 
35 	 0.057000 
3 	 0.057100 
14 	 0.057100 
24 	 0.057100 
25 	 0.057100 
27 	 0.057100 
32 	 0.057100 
34 	 0.057100 
49 	 0.057100 
22 	 0.057700 
42 	 0.057700 
21 	 0.058000 
1 	 0.058100 
2 	 0.058100 
4 	 0.058100 
5 	 0.058100 
6 	 0.058100 
7 	 0.058100 
8 	 0.058100 
10 	 0.058100 
11 	 0.058100 
12 	 0.058100 
15 	 0.058100 
16 	 0.058100 
18 	 0.058100 
19 	 0.058100 
26 	 0.058100 
28 	 0.058100 
29 	 0.058100 
31 	 0.058100 
36 	 0.058100 
39 	 0.058100 
41 	 0.058100 
45 	 0.058100 
46 	 0.058100 
48 	 0.058100 
44 	 0.058200 
40 	 0.058400 
33 	 0.058600 
13 	 0.059100 
23 	 0.059100 
25 	 0.059100 
27 	 0.059100 
30 	 0.059100 
34 	 0.059100 
37 	 0.059100 
38 	 0.059100 
43 	 0.059100 
14 	 0.059700 
0 	 0.059900 
21 	 0.059900 
42 	 0.059900 
26 	 0.060000 
35 	 0.060000 
4 	 0.060100 
39 	 0.060100 
44 	 0.060300 
15 	 0.060500 
24 	 0.060500 
22 	 0.060700 
46 	 0.060800 
38 	 0.060900 
45 	 0.061000 
27 	 0.061700 
4 	 0.062000 
21 	 0.062000 
1 	 0.062100 
2 	 0.062100 
7 	 0.062100 
10 	 0.062100 
11 	 0.062100 
14 	 0.062100 
15 	 0.062100 
17 	 0.062100 
18 	 0.062100 
22 	 0.062100 
23 	 0.062100 
25 	 0.062100 
28 	 0.062100 
30 	 0.062100 
34 	 0.062100 
37 	 0.062100 
40 	 0.062100 
47 	 0.062100 
48 	 0.062100 
49 	 0.062100 
39 	 0.062200 
42 	 0.062200 
44 	 0.062300 
5 	 0.063100 
9 	 0.063100 
20 	 0.063100 
24 	 0.063100 
26 	 0.063100 
27 	 0.063100 
29 	 0.063100 
31 	 0.063100 
32 	 0.063100 
35 	 0.063100 
36 	 0.063100 
41 	 0.063100 
8 	 0.063300 
46 	 0.063700 
0 	 0.064100 
2 	 0.064100 
3 	 0.064100 
4 	 0.064100 
7 	 0.064100 
10 	 0.064100 
11 	 0.064100 
13 	 0.064100 
14 	 0.064100 
18 	 0.064100 
21 	 0.064100 
23 	 0.064100 
25 	 0.064100 
28 	 0.064100 
30 	 0.064100 
37 	 0.064100 
39 	 0.064100 
43 	 0.064100 
44 	 0.064100 
45 	 0.064100 
47 	 0.064100 
5 	 0.065100 
8 	 0.065100 
9 	 0.065100 
16 	 0.065100 
17 	 0.065100 
19 	 0.065100 
20 	 0.065100 
26 	 0.065100 
27 	 0.065100 
31 	 0.065100 
34 	 0.065100 
36 	 0.065100 
38 	 0.065100 
41 	 0.065100 
48 	 0.065100 
13 	 0.065700 
15 	 0.065800 
22 	 0.065800 
47 	 0.065900 
42 	 0.066000 
2 	 0.066100 
6 	 0.066100 
10 	 0.066100 
11 	 0.066100 
23 	 0.066100 
24 	 0.066100 
25 	 0.066100 
29 	 0.066100 
32 	 0.066100 
37 	 0.066100 
39 	 0.066100 
40 	 0.066100 
44 	 0.066100 
49 	 0.066100 
0 	 0.066500 
12 	 0.066500 
4 	 0.066700 
21 	 0.066900 
1 	 0.067100 
3 	 0.067100 
5 	 0.067100 
8 	 0.067100 
13 	 0.067100 
15 	 0.067100 
20 	 0.067100 
27 	 0.067100 
28 	 0.067100 
30 	 0.067100 
34 	 0.067100 
35 	 0.067100 
36 	 0.067100 
41 	 0.067100 
43 	 0.067100 
47 	 0.067100 
48 	 0.067100 
45 	 0.067200 
44 	 0.067800 
2 	 0.068100 
6 	 0.068100 
11 	 0.068100 
16 	 0.068100 
18 	 0.068100 
19 	 0.068100 
22 	 0.068100 
25 	 0.068100 
26 	 0.068100 
31 	 0.068100 
32 	 0.068100 
33 	 0.068100 
37 	 0.068100 
38 	 0.068100 
42 	 0.068100 
46 	 0.068100 
21 	 0.068600 
1 	 0.069100 
3 	 0.069100 
4 	 0.069100 
5 	 0.069100 
7 	 0.069100 
8 	 0.069100 
10 	 0.069100 
12 	 0.069100 
13 	 0.069100 
20 	 0.069100 
24 	 0.069100 
27 	 0.069100 
28 	 0.069100 
30 	 0.069100 
34 	 0.069100 
36 	 0.069100 
39 	 0.069100 
40 	 0.069100 
41 	 0.069100 
44 	 0.069100 
45 	 0.069100 
48 	 0.069100 
49 	 0.069100 
15 	 0.069800 
38 	 0.069900 
0 	 0.070100 
2 	 0.070100 
6 	 0.070100 
11 	 0.070100 
16 	 0.070100 
17 	 0.070100 
19 	 0.070100 
22 	 0.070100 
25 	 0.070100 
32 	 0.070100 
37 	 0.070100 
46 	 0.070100 
47 	 0.070100 
14 	 0.070600 
21 	 0.070700 
24 	 0.070800 
8 	 0.071000 
1 	 0.071100 
4 	 0.071100 
13 	 0.071100 
15 	 0.071100 
20 	 0.071100 
23 	 0.071100 
26 	 0.071100 
27 	 0.071100 
28 	 0.071100 
29 	 0.071100 
34 	 0.071100 
35 	 0.071100 
36 	 0.071100 
38 	 0.071100 
39 	 0.071100 
40 	 0.071100 
42 	 0.071100 
48 	 0.071100 
44 	 0.071300 
45 	 0.071300 
22 	 0.071700 
0 	 0.072100 
2 	 0.072100 
5 	 0.072100 
6 	 0.072100 
9 	 0.072100 
10 	 0.072100 
11 	 0.072100 
12 	 0.072100 
14 	 0.072100 
19 	 0.072100 
21 	 0.072100 
24 	 0.072100 
25 	 0.072100 
31 	 0.072100 
37 	 0.072100 
46 	 0.072100 
49 	 0.072100 
34 	 0.072800 
38 	 0.072900 
35 	 0.073000 
29 	 0.073100 
44 	 0.073300 
27 	 0.073600 
22 	 0.073700 
40 	 0.073700 
15 	 0.073800 
24 	 0.073800 
8 	 0.073900 
39 	 0.074200 
21 	 0.074300 
4 	 0.074500 
2 	 0.075100 
5 	 0.075100 
6 	 0.075100 
10 	 0.075100 
11 	 0.075100 
13 	 0.075100 
14 	 0.075100 
15 	 0.075100 
18 	 0.075100 
19 	 0.075100 
20 	 0.075100 
23 	 0.075100 
25 	 0.075100 
27 	 0.075100 
30 	 0.075100 
34 	 0.075100 
36 	 0.075100 
41 	 0.075100 
42 	 0.075100 
44 	 0.075100 
45 	 0.075100 
49 	 0.075100 
12 	 0.075500 
3 	 0.076100 
4 	 0.076100 
7 	 0.076100 
8 	 0.076100 
9 	 0.076100 
16 	 0.076100 
24 	 0.076100 
31 	 0.076100 
32 	 0.076100 
35 	 0.076100 
37 	 0.076100 
38 	 0.076100 
39 	 0.076100 
40 	 0.076100 
43 	 0.076100 
46 	 0.076100 
48 	 0.076100 
20 	 0.076900 
21 	 0.076900 
0 	 0.077100 
2 	 0.077100 
5 	 0.077100 
6 	 0.077100 
11 	 0.077100 
12 	 0.077100 
13 	 0.077100 
18 	 0.077100 
22 	 0.077100 
23 	 0.077100 
25 	 0.077100 
26 	 0.077100 
27 	 0.077100 
28 	 0.077100 
33 	 0.077100 
34 	 0.077100 
41 	 0.077100 
44 	 0.077700 
15 	 0.077800 
7 	 0.077900 
45 	 0.077900 
4 	 0.078000 
14 	 0.078000 
42 	 0.078000 
3 	 0.078100 
21 	 0.078100 
24 	 0.078100 
30 	 0.078100 
37 	 0.078100 
39 	 0.078100 
40 	 0.078100 
47 	 0.078100 
48 	 0.078100 
36 	 0.078200 
11 	 0.078600 
46 	 0.078600 
1 	 0.079100 
2 	 0.079100 
5 	 0.079100 
6 	 0.079100 
7 	 0.079100 
9 	 0.079100 
13 	 0.079100 
15 	 0.079100 
19 	 0.079100 
25 	 0.079100 
26 	 0.079100 
27 	 0.079100 
28 	 0.079100 
31 	 0.079100 
34 	 0.079100 
38 	 0.079100 
32 	 0.079900 
44 	 0.080000 
4 	 0.080100 
8 	 0.080100 
11 	 0.080100 
14 	 0.080100 
17 	 0.080100 
18 	 0.080100 
20 	 0.080100 
21 	 0.080100 
22 	 0.080100 
23 	 0.080100 
30 	 0.080100 
36 	 0.080100 
37 	 0.080100 
39 	 0.080100 
41 	 0.080100 
47 	 0.080100 
48 	 0.080100 
24 	 0.080400 
42 	 0.080500 
0 	 0.081100 
2 	 0.081100 
10 	 0.081100 
15 	 0.081100 
26 	 0.081100 
31 	 0.081100 
45 	 0.081100 
46 	 0.081100 
49 	 0.081100 
27 	 0.081500 
3 	 0.081600 
40 	 0.081800 
4 	 0.082100 
9 	 0.082100 
14 	 0.082100 
16 	 0.082100 
18 	 0.082100 
19 	 0.082100 
21 	 0.082100 
22 	 0.082100 
23 	 0.082100 
24 	 0.082100 
25 	 0.082100 
32 	 0.082100 
34 	 0.082100 
36 	 0.082100 
37 	 0.082100 
38 	 0.082100 
42 	 0.082100 
47 	 0.082100 
35 	 0.082300 
44 	 0.082600 
39 	 0.082800 
1 	 0.083100 
5 	 0.083100 
7 	 0.083100 
8 	 0.083100 
10 	 0.083100 
11 	 0.083100 
15 	 0.083100 
30 	 0.083100 
33 	 0.083100 
40 	 0.083100 
46 	 0.083100 
48 	 0.083100 
49 	 0.083100 
2 	 0.084100 
3 	 0.084100 
6 	 0.084100 
13 	 0.084100 
19 	 0.084100 
21 	 0.084100 
22 	 0.084100 
24 	 0.084100 
25 	 0.084100 
27 	 0.084100 
28 	 0.084100 
34 	 0.084100 
37 	 0.084100 
41 	 0.084100 
42 	 0.084100 
45 	 0.084100 
47 	 0.084400 
11 	 0.085100 
15 	 0.085100 
18 	 0.085100 
26 	 0.085100 
30 	 0.085100 
31 	 0.085100 
33 	 0.085100 
35 	 0.085100 
38 	 0.085100 
39 	 0.085100 
44 	 0.085100 
12 	 0.085700 
3 	 0.085900 
4 	 0.086100 
5 	 0.086100 
6 	 0.086100 
8 	 0.086100 
10 	 0.086100 
13 	 0.086100 
14 	 0.086100 
16 	 0.086100 
19 	 0.086100 
21 	 0.086100 
23 	 0.086100 
27 	 0.086100 
34 	 0.086100 
40 	 0.086100 
41 	 0.086100 
43 	 0.086100 
48 	 0.086100 
24 	 0.086500 
37 	 0.086500 
45 	 0.086500 
22 	 0.086700 
30 	 0.086900 
38 	 0.086900 
42 	 0.086900 
44 	 0.087000 
0 	 0.087100 
2 	 0.087100 
3 	 0.087100 
11 	 0.087100 
12 	 0.087100 
18 	 0.087100 
20 	 0.087100 
26 	 0.087100 
29 	 0.087100 
31 	 0.087100 
32 	 0.087100 
35 	 0.087100 
36 	 0.087100 
39 	 0.087100 
46 	 0.087100 
13 	 0.087600 
15 	 0.087600 
8 	 0.087900 
21 	 0.088400 
14 	 0.088500 
45 	 0.088500 
22 	 0.088700 
27 	 0.088700 
44 	 0.089000 
39 	 0.089300 
42 	 0.089500 
0 	 0.089600 
48 	 0.089900 
15 	 0.090700 
10 	 0.090800 
12 	 0.091000 
0 	 0.091100 
1 	 0.091100 
3 	 0.091100 
4 	 0.091100 
14 	 0.091100 
17 	 0.091100 
18 	 0.091100 
22 	 0.091100 
23 	 0.091100 
24 	 0.091100 
28 	 0.091100 
34 	 0.091100 
36 	 0.091100 
40 	 0.091100 
42 	 0.091100 
11 	 0.091700 
27 	 0.091800 
44 	 0.091800 
2 	 0.092100 
5 	 0.092100 
6 	 0.092100 
9 	 0.092100 
10 	 0.092100 
13 	 0.092100 
16 	 0.092100 
19 	 0.092100 
20 	 0.092100 
26 	 0.092100 
30 	 0.092100 
32 	 0.092100 
33 	 0.092100 
37 	 0.092100 
39 	 0.092100 
41 	 0.092100 
48 	 0.092100 
8 	 0.092400 
35 	 0.092400 
0 	 0.093100 
1 	 0.093100 
3 	 0.093100 
7 	 0.093100 
11 	 0.093100 
14 	 0.093100 
15 	 0.093100 
21 	 0.093100 
22 	 0.093100 
23 	 0.093100 
25 	 0.093100 
28 	 0.093100 
36 	 0.093100 
44 	 0.093100 
45 	 0.093100 
46 	 0.093100 
31 	 0.093200 
42 	 0.093300 
34 	 0.093600 
2 	 0.094000 
8 	 0.094100 
9 	 0.094100 
12 	 0.094100 
16 	 0.094100 
18 	 0.094100 
19 	 0.094100 
24 	 0.094100 
27 	 0.094100 
29 	 0.094100 
30 	 0.094100 
32 	 0.094100 
37 	 0.094100 
48 	 0.094100 
35 	 0.094700 
1 	 0.095100 
3 	 0.095100 
6 	 0.095100 
10 	 0.095100 
11 	 0.095100 
13 	 0.095100 
14 	 0.095100 
20 	 0.095100 
21 	 0.095100 
23 	 0.095100 
25 	 0.095100 
26 	 0.095100 
28 	 0.095100 
31 	 0.095100 
36 	 0.095100 
38 	 0.095100 
41 	 0.095100 
42 	 0.095100 
45 	 0.095100 
49 	 0.095100 
39 	 0.095200 
0 	 0.095500 
15 	 0.095800 
22 	 0.095800 
44 	 0.095800 
4 	 0.095900 
37 	 0.096000 
5 	 0.096100 
8 	 0.096100 
9 	 0.096100 
12 	 0.096100 
24 	 0.096100 
27 	 0.096100 
30 	 0.096100 
32 	 0.096100 
33 	 0.096100 
34 	 0.096100 
43 	 0.096100 
46 	 0.096100 
35 	 0.096700 
0 	 0.097100 
1 	 0.097100 
4 	 0.097100 
6 	 0.097100 
7 	 0.097100 
10 	 0.097100 
11 	 0.097100 
15 	 0.097100 
18 	 0.097100 
23 	 0.097100 
29 	 0.097100 
36 	 0.097100 
39 	 0.097100 
45 	 0.097100 
47 	 0.097100 
21 	 0.097400 
3 	 0.097500 
40 	 0.097700 
24 	 0.097800 
22 	 0.098000 
2 	 0.098100 
5 	 0.098100 
8 	 0.098100 
9 	 0.098100 
16 	 0.098100 
19 	 0.098100 
20 	 0.098100 
25 	 0.098100 
26 	 0.098100 
27 	 0.098100 
30 	 0.098100 
35 	 0.098100 
37 	 0.098100 
41 	 0.098100 
42 	 0.098100 
43 	 0.098100 
44 	 0.098100 
46 	 0.098100 
49 	 0.098100 
14 	 0.098300 
4 	 0.098800 
3 	 0.099100 
10 	 0.099100 
11 	 0.099100 
13 	 0.099100 
15 	 0.099100 
18 	 0.099100 
23 	 0.099100 
33 	 0.099100 
34 	 0.099100 
36 	 0.099100 
47 	 0.099100 
39 	 0.099200 
0 	 0.100100 
1 	 0.100100 
2 	 0.100100 
5 	 0.100100 
14 	 0.100100 
16 	 0.100100 
20 	 0.100100 
21 	 0.100100 
24 	 0.100100 
25 	 0.100100 
30 	 0.100100 
31 	 0.100100 
32 	 0.100100 
37 	 0.100100 
38 	 0.100100 
40 	 0.100100 
41 	 0.100100 
43 	 0.100100 
44 	 0.100100 
48 	 0.100100 
49 	 0.100100 
26 	 0.100400 
45 	 0.100600 
4 	 0.100700 
7 	 0.100900 
3 	 0.101100 
6 	 0.101100 
9 	 0.101100 
10 	 0.101100 
11 	 0.101100 
15 	 0.101100 
18 	 0.101100 
23 	 0.101100 
27 	 0.101100 
28 	 0.101100 
33 	 0.101100 
39 	 0.101100 
46 	 0.101100 
42 	 0.101200 
12 	 0.101700 
40 	 0.101800 
30 	 0.101900 
1 	 0.102000 
37 	 0.102000 
2 	 0.102100 
4 	 0.102100 
13 	 0.102100 
14 	 0.102100 
16 	 0.102100 
19 	 0.102100 
20 	 0.102100 
21 	 0.102100 
22 	 0.102100 
24 	 0.102100 
25 	 0.102100 
34 	 0.102100 
35 	 0.102100 
41 	 0.102100 
43 	 0.102100 
48 	 0.102100 
49 	 0.102100 
0 	 0.102200 
32 	 0.102200 
44 	 0.102300 
26 	 0.102400 
7 	 0.103000 
3 	 0.103100 
5 	 0.103100 
6 	 0.103100 
11 	 0.103100 
12 	 0.103100 
15 	 0.103100 
17 	 0.103100 
18 	 0.103100 
23 	 0.103100 
27 	 0.103100 
33 	 0.103100 
38 	 0.103100 
42 	 0.103100 
45 	 0.103100 
47 	 0.103100 
24 	 0.103800 
4 	 0.104100 
14 	 0.104100 
16 	 0.104100 
19 	 0.104100 
20 	 0.104100 
22 	 0.104100 
25 	 0.104100 
26 	 0.104100 
28 	 0.104100 
30 	 0.104100 
32 	 0.104100 
34 	 0.104100 
35 	 0.104100 
36 	 0.104100 
37 	 0.104100 
40 	 0.104100 
41 	 0.104100 
43 	 0.104100 
44 	 0.104100 
48 	 0.104100 
0 	 0.104200 
31 	 0.104200 
21 	 0.104300 
39 	 0.104600 
13 	 0.104700 
18 	 0.105100 
3 	 0.105500 
15 	 0.105600 
40 	 0.105800 
8 	 0.106000 
0 	 0.106200 
32 	 0.106200 
44 	 0.106300 
27 	 0.106600 
22 	 0.106700 
24 	 0.106700 
46 	 0.106800 
42 	 0.106900 
12 	 0.107000 
14 	 0.107000 
39 	 0.107000 
45 	 0.107100 
40 	 0.107900 
3 	 0.108000 
2 	 0.108100 
4 	 0.108100 
5 	 0.108100 
6 	 0.108100 
7 	 0.108100 
8 	 0.108100 
11 	 0.108100 
13 	 0.108100 
15 	 0.108100 
17 	 0.108100 
18 	 0.108100 
22 	 0.108100 
23 	 0.108100 
25 	 0.108100 
26 	 0.108100 
27 	 0.108100 
29 	 0.108100 
30 	 0.108100 
31 	 0.108100 
32 	 0.108100 
34 	 0.108100 
37 	 0.108100 
41 	 0.108100 
21 	 0.108300 
44 	 0.108400 
12 	 0.109100 
14 	 0.109100 
16 	 0.109100 
20 	 0.109100 
33 	 0.109100 
38 	 0.109100 
39 	 0.109100 
40 	 0.109100 
45 	 0.109100 
48 	 0.109100 
49 	 0.109100 
42 	 0.109700 
13 	 0.110000 
34 	 0.110000 
46 	 0.110000 
4 	 0.110100 
5 	 0.110100 
6 	 0.110100 
10 	 0.110100 
11 	 0.110100 
18 	 0.110100 
19 	 0.110100 
23 	 0.110100 
24 	 0.110100 
25 	 0.110100 
27 	 0.110100 
28 	 0.110100 
29 	 0.110100 
31 	 0.110100 
32 	 0.110100 
35 	 0.110100 
37 	 0.110100 
47 	 0.110100 
30 	 0.110200 
26 	 0.110800 
44 	 0.110800 
1 	 0.111100 
3 	 0.111100 
9 	 0.111100 
14 	 0.111100 
16 	 0.111100 
22 	 0.111100 
33 	 0.111100 
36 	 0.111100 
39 	 0.111100 
42 	 0.111100 
48 	 0.111100 
49 	 0.111100 
15 	 0.111700 
2 	 0.112100 
4 	 0.112100 
5 	 0.112100 
6 	 0.112100 
7 	 0.112100 
8 	 0.112100 
10 	 0.112100 
12 	 0.112100 
17 	 0.112100 
19 	 0.112100 
20 	 0.112100 
21 	 0.112100 
23 	 0.112100 
24 	 0.112100 
26 	 0.112100 
27 	 0.112100 
29 	 0.112100 
30 	 0.112100 
32 	 0.112100 
37 	 0.112100 
40 	 0.112100 
41 	 0.112100 
46 	 0.112100 
31 	 0.112700 
13 	 0.112800 
1 	 0.113100 
3 	 0.113100 
14 	 0.113100 
15 	 0.113100 
18 	 0.113100 
22 	 0.113100 
25 	 0.113100 
34 	 0.113100 
35 	 0.113100 
36 	 0.113100 
39 	 0.113100 
44 	 0.113100 
45 	 0.113100 
48 	 0.113100 
0 	 0.113300 
42 	 0.113900 
6 	 0.114100 
7 	 0.114100 
11 	 0.114100 
16 	 0.114100 
17 	 0.114100 
19 	 0.114100 
26 	 0.114100 
27 	 0.114100 
28 	 0.114100 
29 	 0.114100 
30 	 0.114100 
32 	 0.114100 
37 	 0.114100 
40 	 0.114100 
47 	 0.114100 
49 	 0.114100 
20 	 0.114200 
21 	 0.114200 
22 	 0.114700 
35 	 0.115000 
1 	 0.115100 
5 	 0.115100 
10 	 0.115100 
13 	 0.115100 
18 	 0.115100 
23 	 0.115100 
34 	 0.115100 
41 	 0.115100 
42 	 0.115100 
31 	 0.115200 
39 	 0.115500 
12 	 0.115800 
15 	 0.115900 
3 	 0.116100 
7 	 0.116100 
11 	 0.116100 
19 	 0.116100 
20 	 0.116100 
21 	 0.116100 
22 	 0.116100 
25 	 0.116100 
27 	 0.116100 
28 	 0.116100 
30 	 0.116100 
32 	 0.116100 
33 	 0.116100 
36 	 0.116100 
43 	 0.116100 
46 	 0.116100 
47 	 0.116100 
49 	 0.116100 
26 	 0.116200 
44 	 0.116400 
14 	 0.116700 
40 	 0.116700 
8 	 0.117000 
45 	 0.117000 
0 	 0.117100 
1 	 0.117100 
4 	 0.117100 
5 	 0.117100 
6 	 0.117100 
10 	 0.117100 
15 	 0.117100 
16 	 0.117100 
17 	 0.117100 
18 	 0.117100 
24 	 0.117100 
31 	 0.117100 
34 	 0.117100 
37 	 0.117100 
39 	 0.117100 
41 	 0.117100 
42 	 0.117100 
48 	 0.117100 
21 	 0.117900 
2 	 0.118100 
3 	 0.118100 
11 	 0.118100 
14 	 0.118100 
19 	 0.118100 
22 	 0.118100 
23 	 0.118100 
25 	 0.118100 
26 	 0.118100 
27 	 0.118100 
29 	 0.118100 
30 	 0.118100 
46 	 0.118100 
47 	 0.118100 
44 	 0.118400 
32 	 0.118500 
24 	 0.118600 
20 	 0.118800 
37 	 0.119000 
42 	 0.119000 
0 	 0.119100 
1 	 0.119100 
4 	 0.119100 
5 	 0.119100 
6 	 0.119100 
10 	 0.119100 
13 	 0.119100 
15 	 0.119100 
17 	 0.119100 
31 	 0.119100 
34 	 0.119100 
35 	 0.119100 
36 	 0.119100 
41 	 0.119100 
45 	 0.119100 
39 	 0.119200 
7 	 0.119800 
44 	 0.120000 
23 	 0.120200 
21 	 0.120300 
32 	 0.120400 
14 	 0.120700 
27 	 0.120700 
40 	 0.120800 
0 	 0.121000 
35 	 0.121100 
4 	 0.121400 
22 	 0.121400 
42 	 0.121500 
15 	 0.121700 
3 	 0.121900 
6 	 0.122100 
39 	 0.122100 
8 	 0.122300 
12 	 0.122400 
32 	 0.122400 
44 	 0.122400 
27 	 0.122600 
7 	 0.122700 
45 	 0.123400 
10 	 0.123500 
24 	 0.123500 
40 	 0.123700 
46 	 0.123800 
42 	 0.123900 
23 	 0.124000 
2 	 0.124100 
3 	 0.124100 
6 	 0.124100 
7 	 0.124100 
11 	 0.124100 
13 	 0.124100 
14 	 0.124100 
20 	 0.124100 
22 	 0.124100 
26 	 0.124100 
27 	 0.124100 
28 	 0.124100 
29 	 0.124100 
30 	 0.124100 
31 	 0.124100 
33 	 0.124100 
34 	 0.124100 
35 	 0.124100 
36 	 0.124100 
37 	 0.124100 
44 	 0.124100 
21 	 0.124500 
8 	 0.124900 
0 	 0.125100 
1 	 0.125100 
4 	 0.125100 
10 	 0.125100 
15 	 0.125100 
16 	 0.125100 
24 	 0.125100 
25 	 0.125100 
39 	 0.125100 
42 	 0.125100 
43 	 0.125100 
46 	 0.125100 
47 	 0.125100 
48 	 0.125100 
14 	 0.125800 
23 	 0.125800 
2 	 0.126100 
3 	 0.126100 
6 	 0.126100 
7 	 0.126100 
9 	 0.126100 
11 	 0.126100 
12 	 0.126100 
13 	 0.126100 
26 	 0.126100 
27 	 0.126100 
29 	 0.126100 
30 	 0.126100 
31 	 0.126100 
32 	 0.126100 
33 	 0.126100 
34 	 0.126100 
36 	 0.126100 
37 	 0.126100 
41 	 0.126100 
45 	 0.126700 
0 	 0.126900 
8 	 0.126900 
21 	 0.127000 
44 	 0.127000 
1 	 0.127100 
4 	 0.127100 
10 	 0.127100 
14 	 0.127100 
15 	 0.127100 
16 	 0.127100 
18 	 0.127100 
19 	 0.127100 
23 	 0.127100 
25 	 0.127100 
35 	 0.127100 
39 	 0.127100 
42 	 0.127100 
47 	 0.127100 
22 	 0.127200 
24 	 0.127200 
3 	 0.128000 
33 	 0.128000 
2 	 0.128100 
6 	 0.128100 
11 	 0.128100 
17 	 0.128100 
26 	 0.128100 
27 	 0.128100 
29 	 0.128100 
30 	 0.128100 
31 	 0.128100 
37 	 0.128100 
43 	 0.128100 
32 	 0.128600 
8 	 0.128700 
0 	 0.128800 
42 	 0.128900 
44 	 0.129000 
5 	 0.129100 
10 	 0.129100 
14 	 0.129100 
15 	 0.129100 
16 	 0.129100 
18 	 0.129100 
19 	 0.129100 
23 	 0.129100 
25 	 0.129100 
28 	 0.129100 
34 	 0.129100 
36 	 0.129100 
41 	 0.129100 
46 	 0.129100 
47 	 0.129100 
48 	 0.129100 
49 	 0.129100 
7 	 0.129600 
1 	 0.130100 
2 	 0.130100 
3 	 0.130100 
6 	 0.130100 
9 	 0.130100 
22 	 0.130100 
26 	 0.130100 
27 	 0.130100 
30 	 0.130100 
31 	 0.130100 
32 	 0.130100 
35 	 0.130100 
38 	 0.130100 
42 	 0.130100 
39 	 0.130200 
40 	 0.130300 
0 	 0.130400 
4 	 0.130500 
17 	 0.130500 
8 	 0.130700 
45 	 0.130700 
5 	 0.131100 
7 	 0.131100 
10 	 0.131100 
13 	 0.131100 
14 	 0.131100 
16 	 0.131100 
20 	 0.131100 
33 	 0.131100 
34 	 0.131100 
36 	 0.131100 
41 	 0.131100 
44 	 0.131100 
47 	 0.131100 
48 	 0.131100 
21 	 0.131300 
24 	 0.131400 
15 	 0.131700 
18 	 0.131800 
1 	 0.132000 
0 	 0.132100 
2 	 0.132100 
4 	 0.132100 
6 	 0.132100 
9 	 0.132100 
19 	 0.132100 
25 	 0.132100 
27 	 0.132100 
30 	 0.132100 
37 	 0.132100 
42 	 0.132100 
43 	 0.132100 
49 	 0.132100 
12 	 0.132500 
39 	 0.132900 
45 	 0.132900 
3 	 0.133100 
5 	 0.133100 
7 	 0.133100 
8 	 0.133100 
11 	 0.133100 
13 	 0.133100 
14 	 0.133100 
17 	 0.133100 
18 	 0.133100 
22 	 0.133100 
23 	 0.133100 
24 	 0.133100 
26 	 0.133100 
29 	 0.133100 
31 	 0.133100 
33 	 0.133100 
34 	 0.133100 
36 	 0.133100 
38 	 0.133100 
40 	 0.133100 
41 	 0.133100 
48 	 0.133100 
44 	 0.133200 
0 	 0.133900 
30 	 0.133900 
1 	 0.134100 
4 	 0.134100 
9 	 0.134100 
10 	 0.134100 
15 	 0.134100 
16 	 0.134100 
27 	 0.134100 
32 	 0.134100 
39 	 0.134100 
43 	 0.134100 
46 	 0.134100 
47 	 0.134500 
21 	 0.134600 
12 	 0.134700 
18 	 0.135000 
2 	 0.135100 
3 	 0.135100 
5 	 0.135100 
6 	 0.135100 
8 	 0.135100 
11 	 0.135100 
14 	 0.135100 
19 	 0.135100 
23 	 0.135100 
24 	 0.135100 
26 	 0.135100 
28 	 0.135100 
29 	 0.135100 
30 	 0.135100 
33 	 0.135100 
34 	 0.135100 
35 	 0.135100 
37 	 0.135100 
38 	 0.135100 
41 	 0.135100 
42 	 0.135100 
36 	 0.135200 
44 	 0.135300 
31 	 0.135400 
13 	 0.135700 
15 	 0.135800 
45 	 0.135800 
4 	 0.136100 
12 	 0.136100 
20 	 0.136100 
22 	 0.136100 
25 	 0.136100 
27 	 0.136100 
32 	 0.136100 
39 	 0.136100 
40 	 0.136100 
46 	 0.136100 
47 	 0.136400 
24 	 0.136600 
21 	 0.136700 
18 	 0.136900 
35 	 0.136900 
3 	 0.137100 
5 	 0.137100 
6 	 0.137100 
9 	 0.137100 
10 	 0.137100 
11 	 0.137100 
14 	 0.137100 
17 	 0.137100 
23 	 0.137100 
26 	 0.137100 
28 	 0.137100 
30 	 0.137100 
36 	 0.137100 
37 	 0.137100 
41 	 0.137100 
42 	 0.137100 
44 	 0.137100 
48 	 0.137100 
31 	 0.137500 
22 	 0.137700 
8 	 0.138000 
1 	 0.138100 
4 	 0.138100 
7 	 0.138100 
13 	 0.138100 
15 	 0.138100 
18 	 0.138100 
24 	 0.138100 
25 	 0.138100 
32 	 0.138100 
33 	 0.138100 
34 	 0.138100 
39 	 0.138100 
45 	 0.138100 
46 	 0.138100 
27 	 0.138300 
21 	 0.138400 
3 	 0.138900 
43 	 0.138900 
0 	 0.139100 
2 	 0.139100 
5 	 0.139100 
6 	 0.139100 
10 	 0.139100 
14 	 0.139100 
16 	 0.139100 
17 	 0.139100 
19 	 0.139100 
26 	 0.139100 
28 	 0.139100 
29 	 0.139100 
30 	 0.139100 
36 	 0.139100 
37 	 0.139100 
41 	 0.139100 
44 	 0.139100 
47 	 0.139100 
48 	 0.139100 
22 	 0.139600 
13 	 0.139700 
24 	 0.139800 
1 	 0.139900 
4 	 0.139900 
8 	 0.140000 
3 	 0.140100 
7 	 0.140100 
9 	 0.140100 
15 	 0.140100 
23 	 0.140100 
35 	 0.140100 
42 	 0.140100 
46 	 0.140100 
27 	 0.140300 
21 	 0.140400 
11 	 0.140700 
31 	 0.140900 
44 	 0.140900 
1 	 0.141100 
2 	 0.141100 
4 	 0.141100 
6 	 0.141100 
16 	 0.141100 
19 	 0.141100 
22 	 0.141100 
25 	 0.141100 
26 	 0.141100 
29 	 0.141100 
30 	 0.141100 
32 	 0.141100 
34 	 0.141100 
37 	 0.141100 
39 	 0.141100 
40 	 0.141100 
41 	 0.141100 
43 	 0.141100 
47 	 0.141100 
48 	 0.141100 
49 	 0.141100 
45 	 0.141600 
35 	 0.142000 
7 	 0.142100 
10 	 0.142100 
11 	 0.142100 
13 	 0.142100 
15 	 0.142100 
18 	 0.142100 
24 	 0.142100 
28 	 0.142100 
36 	 0.142100 
38 	 0.142100 
46 	 0.142100 
8 	 0.142200 
42 	 0.142200 
44 	 0.142600 
27 	 0.142700 
40 	 0.142800 
30 	 0.142900 
2 	 0.143100 
3 	 0.143100 
4 	 0.143100 
6 	 0.143100 
14 	 0.143100 
23 	 0.143100 
25 	 0.143100 
26 	 0.143100 
31 	 0.143100 
32 	 0.143100 
33 	 0.143100 
34 	 0.143100 
37 	 0.143100 
39 	 0.143100 
41 	 0.143100 
45 	 0.143100 
21 	 0.143300 
11 	 0.143800 
12 	 0.143800 
0 	 0.144100 
1 	 0.144100 
8 	 0.144100 
9 	 0.144100 
15 	 0.144100 
16 	 0.144100 
17 	 0.144100 
18 	 0.144100 
19 	 0.144100 
20 	 0.144100 
24 	 0.144100 
28 	 0.144100 
29 	 0.144100 
30 	 0.144100 
36 	 0.144100 
40 	 0.144100 
43 	 0.144100 
44 	 0.144100 
48 	 0.144100 
49 	 0.144100 
42 	 0.144200 
32 	 0.144600 
14 	 0.144900 
27 	 0.145100 
23 	 0.145300 
45 	 0.145500 
44 	 0.145600 
0 	 0.146000 
46 	 0.146000 
21 	 0.146200 
24 	 0.146400 
28 	 0.146400 
39 	 0.146500 
3 	 0.146700 
12 	 0.146800 
15 	 0.146800 
30 	 0.147500 
44 	 0.147600 
45 	 0.147900 
24 	 0.148100 
28 	 0.148200 
22 	 0.148600 
21 	 0.148900 
27 	 0.148900 
1 	 0.149100 
2 	 0.149100 
3 	 0.149100 
5 	 0.149100 
6 	 0.149100 
11 	 0.149100 
13 	 0.149100 
14 	 0.149100 
15 	 0.149100 
20 	 0.149100 
23 	 0.149100 
25 	 0.149100 
26 	 0.149100 
30 	 0.149100 
31 	 0.149100 
32 	 0.149100 
34 	 0.149100 
35 	 0.149100 
41 	 0.149100 
42 	 0.149100 
44 	 0.149100 
46 	 0.149100 
47 	 0.149100 
48 	 0.149100 
39 	 0.149300 
24 	 0.149600 
12 	 0.149700 
4 	 0.150100 
7 	 0.150100 
10 	 0.150100 
18 	 0.150100 
21 	 0.150100 
22 	 0.150100 
27 	 0.150100 
43 	 0.150100 
8 	 0.150900 
14 	 0.150900 
1 	 0.151100 
2 	 0.151100 
5 	 0.151100 
6 	 0.151100 
9 	 0.151100 
11 	 0.151100 
16 	 0.151100 
19 	 0.151100 
20 	 0.151100 
23 	 0.151100 
25 	 0.151100 
26 	 0.151100 
30 	 0.151100 
34 	 0.151100 
41 	 0.151100 
42 	 0.151100 
44 	 0.151100 
0 	 0.151200 
35 	 0.151600 
48 	 0.151900 
3 	 0.152100 
4 	 0.152100 
7 	 0.152100 
10 	 0.152100 
14 	 0.152100 
15 	 0.152100 
17 	 0.152100 
18 	 0.152100 
21 	 0.152100 
22 	 0.152100 
24 	 0.152100 
29 	 0.152100 
31 	 0.152100 
37 	 0.152100 
39 	 0.152100 
45 	 0.152100 
26 	 0.152700 
32 	 0.152900 
1 	 0.153100 
5 	 0.153100 
6 	 0.153100 
9 	 0.153100 
12 	 0.153100 
16 	 0.153100 
27 	 0.153100 
28 	 0.153100 
34 	 0.153100 
35 	 0.153100 
38 	 0.153100 
40 	 0.153100 
43 	 0.153100 
48 	 0.153100 
42 	 0.153300 
44 	 0.153300 
8 	 0.153700 
23 	 0.154000 
0 	 0.154100 
3 	 0.154100 
4 	 0.154100 
10 	 0.154100 
13 	 0.154100 
14 	 0.154100 
15 	 0.154100 
19 	 0.154100 
22 	 0.154100 
25 	 0.154100 
26 	 0.154100 
29 	 0.154100 
33 	 0.154100 
36 	 0.154100 
39 	 0.154100 
41 	 0.154100 
47 	 0.154100 
21 	 0.154700 
1 	 0.155100 
2 	 0.155100 
5 	 0.155100 
6 	 0.155100 
7 	 0.155100 
12 	 0.155100 
24 	 0.155100 
30 	 0.155100 
32 	 0.155100 
34 	 0.155100 
37 	 0.155100 
38 	 0.155100 
40 	 0.155100 
48 	 0.155100 
27 	 0.155600 
45 	 0.155600 
17 	 0.155800 
18 	 0.155800 
44 	 0.155800 
46 	 0.155800 
4 	 0.155900 
3 	 0.156100 
8 	 0.156100 
14 	 0.156100 
15 	 0.156100 
20 	 0.156100 
21 	 0.156100 
23 	 0.156100 
25 	 0.156100 
26 	 0.156100 
29 	 0.156100 
33 	 0.156100 
36 	 0.156100 
47 	 0.156100 
49 	 0.156100 
19 	 0.156200 
40 	 0.156900 
0 	 0.157100 
1 	 0.157100 
2 	 0.157100 
4 	 0.157100 
5 	 0.157100 
10 	 0.157100 
11 	 0.157100 
13 	 0.157100 
17 	 0.157100 
24 	 0.157100 
28 	 0.157100 
30 	 0.157100 
32 	 0.157100 
34 	 0.157100 
35 	 0.157100 
42 	 0.157100 
44 	 0.157100 
45 	 0.157100 
46 	 0.157100 
39 	 0.157200 
37 	 0.157600 
6 	 0.158100 
7 	 0.158100 
12 	 0.158100 
14 	 0.158100 
15 	 0.158100 
19 	 0.158100 
20 	 0.158100 
22 	 0.158100 
25 	 0.158100 
26 	 0.158100 
27 	 0.158100 
29 	 0.158100 
38 	 0.158100 
40 	 0.158100 
41 	 0.158100 
48 	 0.158100 
49 	 0.158100 
33 	 0.158400 
24 	 0.158600 
0 	 0.159000 
3 	 0.159100 
18 	 0.159100 
23 	 0.159100 
32 	 0.159100 
34 	 0.159100 
37 	 0.159100 
39 	 0.159100 
42 	 0.159100 
44 	 0.159100 
46 	 0.159100 
21 	 0.159300 
25 	 0.159800 
1 	 0.160100 
2 	 0.160100 
6 	 0.160100 
7 	 0.160100 
13 	 0.160100 
15 	 0.160100 
26 	 0.160100 
27 	 0.160100 
30 	 0.160100 
36 	 0.160100 
41 	 0.160100 
47 	 0.160100 
48 	 0.160100 
33 	 0.160400 
44 	 0.160900 
5 	 0.161100 
10 	 0.161100 
18 	 0.161100 
19 	 0.161100 
20 	 0.161100 
23 	 0.161100 
25 	 0.161100 
28 	 0.161100 
34 	 0.161100 
35 	 0.161100 
37 	 0.161100 
38 	 0.161100 
42 	 0.161100 
45 	 0.161100 
22 	 0.161200 
39 	 0.161200 
24 	 0.161400 
43 	 0.161600 
13 	 0.161700 
0 	 0.161800 
1 	 0.162100 
6 	 0.162100 
9 	 0.162100 
11 	 0.162100 
15 	 0.162100 
16 	 0.162100 
17 	 0.162100 
27 	 0.162100 
29 	 0.162100 
30 	 0.162100 
31 	 0.162100 
40 	 0.162100 
41 	 0.162100 
48 	 0.162100 
49 	 0.162100 
8 	 0.162200 
36 	 0.162300 
2 	 0.163100 
3 	 0.163100 
4 	 0.163100 
10 	 0.163100 
12 	 0.163100 
13 	 0.163100 
14 	 0.163100 
22 	 0.163100 
23 	 0.163100 
25 	 0.163100 
26 	 0.163100 
32 	 0.163100 
33 	 0.163100 
34 	 0.163100 
35 	 0.163100 
37 	 0.163100 
39 	 0.163100 
42 	 0.163100 
45 	 0.163100 
46 	 0.163100 
44 	 0.163300 
24 	 0.163600 
1 	 0.164100 
5 	 0.164100 
6 	 0.164100 
9 	 0.164100 
11 	 0.164100 
15 	 0.164100 
18 	 0.164100 
20 	 0.164100 
27 	 0.164100 
29 	 0.164100 
31 	 0.164100 
38 	 0.164100 
40 	 0.164100 
43 	 0.164100 
47 	 0.164100 
48 	 0.164100 
8 	 0.164700 
4 	 0.165000 
3 	 0.165100 
10 	 0.165100 
14 	 0.165100 
17 	 0.165100 
21 	 0.165100 
23 	 0.165100 
28 	 0.165100 
30 	 0.165100 
32 	 0.165100 
33 	 0.165100 
34 	 0.165100 
41 	 0.165100 
42 	 0.165100 
49 	 0.165100 
26 	 0.165400 
37 	 0.165700 
24 	 0.165800 
39 	 0.165800 
44 	 0.166000 
1 	 0.166100 
2 	 0.166100 
6 	 0.166100 
7 	 0.166100 
9 	 0.166100 
11 	 0.166100 
18 	 0.166100 
27 	 0.166100 
29 	 0.166100 
45 	 0.166100 
47 	 0.166100 
48 	 0.166100 
22 	 0.166200 
40 	 0.166600 
35 	 0.167000 
3 	 0.167100 
10 	 0.167100 
12 	 0.167100 
15 	 0.167100 
19 	 0.167100 
21 	 0.167100 
23 	 0.167100 
25 	 0.167100 
31 	 0.167100 
32 	 0.167100 
34 	 0.167100 
36 	 0.167100 
37 	 0.167100 
38 	 0.167100 
39 	 0.167100 
43 	 0.167100 
46 	 0.167100 
44 	 0.168000 
1 	 0.168100 
2 	 0.168100 
5 	 0.168100 
6 	 0.168100 
7 	 0.168100 
16 	 0.168100 
17 	 0.168100 
24 	 0.168100 
29 	 0.168100 
30 	 0.168100 
45 	 0.168100 
8 	 0.168300 
4 	 0.168600 
11 	 0.168600 
27 	 0.168700 
10 	 0.169100 
12 	 0.169100 
15 	 0.169100 
22 	 0.169100 
23 	 0.169100 
25 	 0.169100 
31 	 0.169100 
34 	 0.169100 
35 	 0.169100 
36 	 0.169100 
37 	 0.169100 
39 	 0.169100 
41 	 0.169100 
0 	 0.169200 
48 	 0.169300 
21 	 0.170000 
29 	 0.170000 
1 	 0.170100 
2 	 0.170100 
4 	 0.170100 
6 	 0.170100 
8 	 0.170100 
13 	 0.170100 
14 	 0.170100 
17 	 0.170100 
20 	 0.170100 
24 	 0.170100 
26 	 0.170100 
30 	 0.170100 
42 	 0.170100 
46 	 0.170100 
49 	 0.170100 
45 	 0.170200 
44 	 0.170400 
5 	 0.171100 
7 	 0.171100 
15 	 0.171100 
16 	 0.171100 
19 	 0.171100 
23 	 0.171100 
33 	 0.171100 
34 	 0.171100 
35 	 0.171100 
36 	 0.171100 
41 	 0.171100 
47 	 0.171100 
48 	 0.171100 
27 	 0.171600 
21 	 0.172000 
39 	 0.172000 
0 	 0.172100 
2 	 0.172100 
4 	 0.172100 
6 	 0.172100 
11 	 0.172100 
12 	 0.172100 
22 	 0.172100 
25 	 0.172100 
26 	 0.172100 
29 	 0.172100 
30 	 0.172100 
31 	 0.172100 
37 	 0.172100 
43 	 0.172100 
46 	 0.172100 
13 	 0.172200 
44 	 0.172400 
24 	 0.172600 
45 	 0.172700 
8 	 0.172900 
14 	 0.172900 
1 	 0.173100 
5 	 0.173100 
7 	 0.173100 
9 	 0.173100 
15 	 0.173100 
17 	 0.173100 
19 	 0.173100 
20 	 0.173100 
23 	 0.173100 
28 	 0.173100 
32 	 0.173100 
33 	 0.173100 
34 	 0.173100 
35 	 0.173100 
36 	 0.173100 
38 	 0.173100 
47 	 0.173100 
48 	 0.173100 
27 	 0.173800 
0 	 0.174100 
2 	 0.174100 
3 	 0.174100 
6 	 0.174100 
11 	 0.174100 
13 	 0.174100 
14 	 0.174100 
18 	 0.174100 
22 	 0.174100 
31 	 0.174100 
37 	 0.174100 
39 	 0.174100 
41 	 0.174100 
4 	 0.174500 
42 	 0.174500 
21 	 0.174600 
24 	 0.174600 
32 	 0.174700 
36 	 0.175000 
10 	 0.175100 
15 	 0.175100 
17 	 0.175100 
19 	 0.175100 
25 	 0.175100 
26 	 0.175100 
27 	 0.175100 
28 	 0.175100 
30 	 0.175100 
34 	 0.175100 
35 	 0.175100 
38 	 0.175100 
40 	 0.175100 
44 	 0.175100 
48 	 0.175100 
23 	 0.175700 
7 	 0.175900 
8 	 0.175900 
12 	 0.176000 
46 	 0.176000 
4 	 0.176100 
39 	 0.176300 
0 	 0.176500 
21 	 0.176600 
32 	 0.176600 
24 	 0.176700 
14 	 0.176800 
38 	 0.176900 
44 	 0.177200 
29 	 0.177400 
6 	 0.177500 
42 	 0.177500 
27 	 0.177600 
37 	 0.177600 
26 	 0.177700 
11 	 0.177800 
15 	 0.177800 
35 	 0.177800 
48 	 0.177800 
4 	 0.177900 
23 	 0.178000 
22 	 0.178300 
39 	 0.178300 
45 	 0.178400 
13 	 0.178600 
24 	 0.178800 
44 	 0.179200 
21 	 0.179300 
37 	 0.179300 
32 	 0.179400 
8 	 0.179500 
7 	 0.179600 
10 	 0.179800 
29 	 0.179800 
1 	 0.179900 
40 	 0.179900 
35 	 0.180000 
46 	 0.180000 
4 	 0.180300 
12 	 0.180300 
22 	 0.180300 
27 	 0.180300 
42 	 0.180400 
39 	 0.180500 
24 	 0.180600 
11 	 0.180700 
15 	 0.181000 
0 	 0.181100 
37 	 0.181100 
44 	 0.181200 
13 	 0.181300 
30 	 0.181800 
1 	 0.182100 
2 	 0.182100 
5 	 0.182100 
6 	 0.182100 
9 	 0.182100 
11 	 0.182100 
12 	 0.182100 
14 	 0.182100 
16 	 0.182100 
17 	 0.182100 
20 	 0.182100 
22 	 0.182100 
23 	 0.182100 
26 	 0.182100 
32 	 0.182100 
34 	 0.182100 
36 	 0.182100 
41 	 0.182100 
42 	 0.182100 
45 	 0.182100 
48 	 0.182100 
21 	 0.182200 
35 	 0.182400 
43 	 0.182500 
10 	 0.182600 
39 	 0.182900 
0 	 0.183100 
3 	 0.183100 
4 	 0.183100 
7 	 0.183100 
8 	 0.183100 
13 	 0.183100 
15 	 0.183100 
18 	 0.183100 
19 	 0.183100 
25 	 0.183100 
27 	 0.183100 
28 	 0.183100 
29 	 0.183100 
30 	 0.183100 
31 	 0.183100 
37 	 0.183100 
44 	 0.183100 
46 	 0.183100 
2 	 0.184100 
5 	 0.184100 
6 	 0.184100 
10 	 0.184100 
14 	 0.184100 
16 	 0.184100 
17 	 0.184100 
23 	 0.184100 
24 	 0.184100 
32 	 0.184100 
33 	 0.184100 
34 	 0.184100 
36 	 0.184100 
42 	 0.184100 
43 	 0.184100 
47 	 0.184100 
48 	 0.184100 
49 	 0.184100 
35 	 0.184200 
26 	 0.184700 
40 	 0.184900 
3 	 0.185100 
7 	 0.185100 
8 	 0.185100 
11 	 0.185100 
13 	 0.185100 
15 	 0.185100 
21 	 0.185100 
27 	 0.185100 
29 	 0.185100 
30 	 0.185100 
37 	 0.185100 
38 	 0.185100 
39 	 0.185100 
41 	 0.185100 
46 	 0.185100 
44 	 0.185500 
4 	 0.185900 
1 	 0.186100 
2 	 0.186100 
5 	 0.186100 
6 	 0.186100 
9 	 0.186100 
10 	 0.186100 
14 	 0.186100 
17 	 0.186100 
18 	 0.186100 
19 	 0.186100 
20 	 0.186100 
23 	 0.186100 
26 	 0.186100 
34 	 0.186100 
35 	 0.186100 
42 	 0.186100 
48 	 0.186100 
45 	 0.186300 
24 	 0.186400 
30 	 0.186600 
4 	 0.187100 
8 	 0.187100 
11 	 0.187100 
15 	 0.187100 
25 	 0.187100 
28 	 0.187100 
31 	 0.187100 
32 	 0.187100 
33 	 0.187100 
37 	 0.187100 
41 	 0.187100 
44 	 0.187100 
49 	 0.187100 
0 	 0.187800 
2 	 0.188100 
3 	 0.188100 
5 	 0.188100 
9 	 0.188100 
10 	 0.188100 
13 	 0.188100 
14 	 0.188100 
16 	 0.188100 
18 	 0.188100 
19 	 0.188100 
23 	 0.188100 
27 	 0.188100 
30 	 0.188100 
35 	 0.188100 
36 	 0.188100 
38 	 0.188100 
42 	 0.188100 
45 	 0.188100 
47 	 0.188100 
48 	 0.188100 
39 	 0.188200 
24 	 0.188800 
1 	 0.189100 
4 	 0.189100 
6 	 0.189100 
11 	 0.189100 
12 	 0.189100 
15 	 0.189100 
21 	 0.189100 
25 	 0.189100 
29 	 0.189100 
31 	 0.189100 
32 	 0.189100 
33 	 0.189100 
34 	 0.189100 
41 	 0.189100 
46 	 0.189100 
26 	 0.189500 
0 	 0.189700 
8 	 0.190000 
2 	 0.190100 
3 	 0.190100 
5 	 0.190100 
7 	 0.190100 
9 	 0.190100 
14 	 0.190100 
18 	 0.190100 
20 	 0.190100 
23 	 0.190100 
30 	 0.190100 
36 	 0.190100 
37 	 0.190100 
42 	 0.190100 
43 	 0.190100 
44 	 0.190100 
45 	 0.190100 
48 	 0.190100 
25 	 0.190900 
1 	 0.191000 
4 	 0.191100 
6 	 0.191100 
10 	 0.191100 
11 	 0.191100 
13 	 0.191100 
15 	 0.191100 
16 	 0.191100 
24 	 0.191100 
26 	 0.191100 
27 	 0.191100 
31 	 0.191100 
34 	 0.191100 
35 	 0.191100 
46 	 0.191100 
47 	 0.191100 
21 	 0.191200 
32 	 0.191300 
39 	 0.191500 
3 	 0.191700 
30 	 0.191900 
8 	 0.192000 
36 	 0.192000 
2 	 0.192100 
5 	 0.192100 
9 	 0.192100 
14 	 0.192100 
17 	 0.192100 
19 	 0.192100 
22 	 0.192100 
23 	 0.192100 
25 	 0.192100 
29 	 0.192100 
33 	 0.192100 
37 	 0.192100 
41 	 0.192100 
42 	 0.192100 
45 	 0.192100 
48 	 0.192100 
49 	 0.192100 
44 	 0.192400 
1 	 0.193100 
3 	 0.193100 
6 	 0.193100 
10 	 0.193100 
13 	 0.193100 
15 	 0.193100 
18 	 0.193100 
21 	 0.193100 
27 	 0.193100 
31 	 0.193100 
32 	 0.193100 
34 	 0.193100 
35 	 0.193100 
40 	 0.193100 
46 	 0.193100 
47 	 0.193100 
30 	 0.193600 
8 	 0.193900 
39 	 0.194000 
0 	 0.194100 
2 	 0.194100 
4 	 0.194100 
11 	 0.194100 
14 	 0.194100 
19 	 0.194100 
20 	 0.194100 
29 	 0.194100 
33 	 0.194100 
36 	 0.194100 
43 	 0.194100 
48 	 0.194100 
24 	 0.194700 
45 	 0.194700 
1 	 0.195000 
5 	 0.195100 
6 	 0.195100 
13 	 0.195100 
18 	 0.195100 
21 	 0.195100 
23 	 0.195100 
25 	 0.195100 
26 	 0.195100 
27 	 0.195100 
34 	 0.195100 
37 	 0.195100 
47 	 0.195100 
42 	 0.195200 
22 	 0.195600 
44 	 0.195600 
15 	 0.195800 
2 	 0.196100 
3 	 0.196100 
4 	 0.196100 
7 	 0.196100 
11 	 0.196100 
17 	 0.196100 
24 	 0.196100 
28 	 0.196100 
30 	 0.196100 
32 	 0.196100 
35 	 0.196100 
36 	 0.196100 
39 	 0.196100 
40 	 0.196100 
48 	 0.196100 
12 	 0.196300 
19 	 0.196500 
45 	 0.196600 
47 	 0.197000 
5 	 0.197100 
6 	 0.197100 
9 	 0.197100 
10 	 0.197100 
13 	 0.197100 
14 	 0.197100 
15 	 0.197100 
16 	 0.197100 
22 	 0.197100 
23 	 0.197100 
26 	 0.197100 
27 	 0.197100 
31 	 0.197100 
33 	 0.197100 
42 	 0.197100 
44 	 0.197100 
46 	 0.197100 
8 	 0.197600 
0 	 0.198100 
2 	 0.198100 
12 	 0.198100 
18 	 0.198100 
19 	 0.198100 
25 	 0.198100 
30 	 0.198100 
34 	 0.198100 
36 	 0.198100 
38 	 0.198100 
39 	 0.198100 
41 	 0.198100 
45 	 0.198100 
48 	 0.198100 
21 	 0.198200 
13 	 0.198800 
1 	 0.199100 
4 	 0.199100 
6 	 0.199100 
10 	 0.199100 
11 	 0.199100 
15 	 0.199100 
26 	 0.199100 
32 	 0.199100 
37 	 0.199100 
46 	 0.199100 
44 	 0.199200 
47 	 0.199200 
27 	 0.199300 
30 	 0.199700 
35 	 0.200000 
0 	 0.200100 
2 	 0.200100 
3 	 0.200100 
5 	 0.200100 
7 	 0.200100 
8 	 0.200100 
9 	 0.200100 
13 	 0.200100 
14 	 0.200100 
17 	 0.200100 
18 	 0.200100 
22 	 0.200100 
23 	 0.200100 
25 	 0.200100 
34 	 0.200100 
36 	 0.200100 
41 	 0.200100 
45 	 0.200100 
48 	 0.200100 
42 	 0.200300 
21 	 0.200700 
24 	 0.200800 
39 	 0.200800 
1 	 0.201100 
4 	 0.201100 
15 	 0.201100 
16 	 0.201100 
20 	 0.201100 
26 	 0.201100 
27 	 0.201100 
29 	 0.201100 
30 	 0.201100 
31 	 0.201100 
37 	 0.201100 
40 	 0.201100 
47 	 0.201100 
33 	 0.201300 
8 	 0.201900 
2 	 0.202100 
5 	 0.202100 
6 	 0.202100 
11 	 0.202100 
14 	 0.202100 
17 	 0.202100 
18 	 0.202100 
19 	 0.202100 
24 	 0.202100 
25 	 0.202100 
28 	 0.202100 
32 	 0.202100 
34 	 0.202100 
35 	 0.202100 
39 	 0.202100 
44 	 0.202100 
46 	 0.202100 
48 	 0.202100 
0 	 0.202500 
42 	 0.202500 
45 	 0.202700 
12 	 0.202800 
3 	 0.203100 
7 	 0.203100 
9 	 0.203100 
15 	 0.203100 
16 	 0.203100 
22 	 0.203100 
27 	 0.203100 
29 	 0.203100 
30 	 0.203100 
33 	 0.203100 
36 	 0.203100 
38 	 0.203100 
43 	 0.203100 
47 	 0.203100 
1 	 0.203200 
37 	 0.203900 
2 	 0.204100 
5 	 0.204100 
11 	 0.204100 
14 	 0.204100 
17 	 0.204100 
20 	 0.204100 
25 	 0.204100 
26 	 0.204100 
32 	 0.204100 
34 	 0.204100 
35 	 0.204100 
39 	 0.204100 
40 	 0.204100 
42 	 0.204100 
44 	 0.204100 
49 	 0.204100 
10 	 0.204600 
24 	 0.204600 
21 	 0.204900 
1 	 0.205000 
22 	 0.205000 
0 	 0.205100 
4 	 0.205100 
6 	 0.205100 
15 	 0.205100 
18 	 0.205100 
23 	 0.205100 
27 	 0.205100 
30 	 0.205100 
33 	 0.205100 
43 	 0.205100 
45 	 0.205100 
46 	 0.205100 
47 	 0.205100 
48 	 0.205100 
44 	 0.205800 
2 	 0.206100 
3 	 0.206100 
7 	 0.206100 
10 	 0.206100 
12 	 0.206100 
16 	 0.206100 
19 	 0.206100 
31 	 0.206100 
32 	 0.206100 
34 	 0.206100 
35 	 0.206100 
36 	 0.206100 
37 	 0.206100 
39 	 0.206100 
49 	 0.206100 
8 	 0.206200 
17 	 0.206200 
14 	 0.206600 
5 	 0.207100 
6 	 0.207100 
9 	 0.207100 
13 	 0.207100 
15 	 0.207100 
18 	 0.207100 
21 	 0.207100 
25 	 0.207100 
26 	 0.207100 
29 	 0.207100 
30 	 0.207100 
33 	 0.207100 
40 	 0.207100 
41 	 0.207100 
42 	 0.207100 
43 	 0.207100 
44 	 0.207100 
48 	 0.207100 
22 	 0.207200 
24 	 0.207700 
0 	 0.208100 
3 	 0.208100 
10 	 0.208100 
11 	 0.208100 
12 	 0.208100 
14 	 0.208100 
16 	 0.208100 
19 	 0.208100 
28 	 0.208100 
34 	 0.208100 
35 	 0.208100 
36 	 0.208100 
37 	 0.208100 
38 	 0.208100 
46 	 0.208100 
47 	 0.208100 
45 	 0.208200 
44 	 0.208400 
39 	 0.208600 
21 	 0.208900 
18 	 0.209000 
27 	 0.209400 
15 	 0.209600 
22 	 0.209700 
0 	 0.210500 
42 	 0.210700 
21 	 0.210900 
44 	 0.210900 
39 	 0.211000 
45 	 0.211000 
33 	 0.211100 
4 	 0.211300 
27 	 0.211600 
11 	 0.211800 
22 	 0.212700 
46 	 0.213100 
33 	 0.213400 
44 	 0.213400 
4 	 0.213500 
45 	 0.213600 
15 	 0.213800 
24 	 0.213800 
8 	 0.214100 
10 	 0.214100 
30 	 0.214100 
42 	 0.214200 
27 	 0.214800 
0 	 0.215100 
1 	 0.215100 
2 	 0.215100 
3 	 0.215100 
5 	 0.215100 
9 	 0.215100 
11 	 0.215100 
15 	 0.215100 
18 	 0.215100 
19 	 0.215100 
20 	 0.215100 
23 	 0.215100 
24 	 0.215100 
25 	 0.215100 
26 	 0.215100 
28 	 0.215100 
29 	 0.215100 
33 	 0.215100 
35 	 0.215100 
39 	 0.215100 
40 	 0.215100 
41 	 0.215100 
45 	 0.215100 
48 	 0.215100 
34 	 0.215700 
22 	 0.216000 
4 	 0.216100 
6 	 0.216100 
7 	 0.216100 
10 	 0.216100 
12 	 0.216100 
13 	 0.216100 
14 	 0.216100 
27 	 0.216100 
30 	 0.216100 
36 	 0.216100 
37 	 0.216100 
46 	 0.216100 
8 	 0.216300 
44 	 0.216300 
42 	 0.216500 
1 	 0.217100 
9 	 0.217100 
11 	 0.217100 
15 	 0.217100 
18 	 0.217100 
20 	 0.217100 
23 	 0.217100 
26 	 0.217100 
31 	 0.217100 
32 	 0.217100 
34 	 0.217100 
35 	 0.217100 
40 	 0.217100 
41 	 0.217100 
48 	 0.217100 
0 	 0.218100 
2 	 0.218100 
3 	 0.218100 
6 	 0.218100 
10 	 0.218100 
13 	 0.218100 
14 	 0.218100 
17 	 0.218100 
25 	 0.218100 
27 	 0.218100 
28 	 0.218100 
30 	 0.218100 
36 	 0.218100 
37 	 0.218100 
43 	 0.218100 
44 	 0.218100 
49 	 0.218100 
22 	 0.218200 
4 	 0.218500 
8 	 0.219100 
11 	 0.219100 
18 	 0.219100 
21 	 0.219100 
23 	 0.219100 
31 	 0.219100 
33 	 0.219100 
34 	 0.219100 
40 	 0.219100 
42 	 0.219100 
46 	 0.219100 
39 	 0.219200 
15 	 0.219300 
2 	 0.220100 
3 	 0.220100 
4 	 0.220100 
7 	 0.220100 
10 	 0.220100 
14 	 0.220100 
17 	 0.220100 
19 	 0.220100 
22 	 0.220100 
24 	 0.220100 
25 	 0.220100 
27 	 0.220100 
30 	 0.220100 
36 	 0.220100 
37 	 0.220100 
38 	 0.220100 
44 	 0.220100 
45 	 0.220100 
48 	 0.220100 
41 	 0.220600 
0 	 0.221100 
8 	 0.221100 
11 	 0.221100 
12 	 0.221100 
18 	 0.221100 
33 	 0.221100 
39 	 0.221100 
40 	 0.221100 
46 	 0.221100 
47 	 0.221100 
15 	 0.221500 
24 	 0.221700 
42 	 0.221700 
4 	 0.222000 
1 	 0.222100 
3 	 0.222100 
9 	 0.222100 
10 	 0.222100 
13 	 0.222100 
16 	 0.222100 
19 	 0.222100 
21 	 0.222100 
22 	 0.222100 
23 	 0.222100 
25 	 0.222100 
26 	 0.222100 
27 	 0.222100 
28 	 0.222100 
29 	 0.222100 
30 	 0.222100 
34 	 0.222100 
35 	 0.222100 
36 	 0.222100 
37 	 0.222100 
41 	 0.222100 
48 	 0.222100 
2 	 0.223100 
5 	 0.223100 
6 	 0.223100 
7 	 0.223100 
11 	 0.223100 
14 	 0.223100 
15 	 0.223100 
17 	 0.223100 
18 	 0.223100 
32 	 0.223100 
40 	 0.223100 
44 	 0.223100 
39 	 0.223300 
24 	 0.223600 
1 	 0.224100 
4 	 0.224100 
9 	 0.224100 
10 	 0.224100 
12 	 0.224100 
16 	 0.224100 
19 	 0.224100 
23 	 0.224100 
25 	 0.224100 
33 	 0.224100 
35 	 0.224100 
36 	 0.224100 
37 	 0.224100 
41 	 0.224100 
43 	 0.224100 
49 	 0.224100 
45 	 0.224200 
27 	 0.224600 
22 	 0.224700 
0 	 0.225000 
2 	 0.225100 
5 	 0.225100 
8 	 0.225100 
14 	 0.225100 
17 	 0.225100 
18 	 0.225100 
20 	 0.225100 
21 	 0.225100 
26 	 0.225100 
28 	 0.225100 
29 	 0.225100 
32 	 0.225100 
40 	 0.225100 
46 	 0.225100 
47 	 0.225100 
48 	 0.225100 
39 	 0.225200 
42 	 0.225200 
15 	 0.225700 
3 	 0.225900 
4 	 0.225900 
44 	 0.225900 
6 	 0.226100 
11 	 0.226100 
12 	 0.226100 
22 	 0.226100 
23 	 0.226100 
25 	 0.226100 
30 	 0.226100 
31 	 0.226100 
35 	 0.226100 
41 	 0.226100 
45 	 0.226500 
0 	 0.227100 
1 	 0.227100 
2 	 0.227100 
5 	 0.227100 
14 	 0.227100 
18 	 0.227100 
21 	 0.227100 
24 	 0.227100 
28 	 0.227100 
29 	 0.227100 
32 	 0.227100 
34 	 0.227100 
37 	 0.227100 
38 	 0.227100 
39 	 0.227100 
42 	 0.227100 
43 	 0.227100 
46 	 0.227100 
48 	 0.227100 
8 	 0.227200 
15 	 0.227900 
44 	 0.227900 
3 	 0.228100 
4 	 0.228100 
6 	 0.228100 
7 	 0.228100 
9 	 0.228100 
10 	 0.228100 
11 	 0.228100 
12 	 0.228100 
16 	 0.228100 
19 	 0.228100 
22 	 0.228100 
25 	 0.228100 
26 	 0.228100 
27 	 0.228100 
30 	 0.228100 
33 	 0.228100 
45 	 0.228100 
35 	 0.228500 
1 	 0.228800 
2 	 0.229100 
18 	 0.229100 
20 	 0.229100 
32 	 0.229100 
34 	 0.229100 
36 	 0.229100 
37 	 0.229100 
38 	 0.229100 
42 	 0.229100 
43 	 0.229100 
44 	 0.229100 
47 	 0.229100 
0 	 0.229400 
21 	 0.229400 
39 	 0.229500 
24 	 0.229600 
46 	 0.229800 
1 	 0.230100 
4 	 0.230100 
6 	 0.230100 
9 	 0.230100 
10 	 0.230100 
13 	 0.230100 
14 	 0.230100 
25 	 0.230100 
26 	 0.230100 
28 	 0.230100 
29 	 0.230100 
30 	 0.230100 
33 	 0.230100 
35 	 0.230100 
45 	 0.230200 
3 	 0.230500 
7 	 0.230600 
8 	 0.230700 
15 	 0.230700 
27 	 0.230700 
0 	 0.231100 
2 	 0.231100 
11 	 0.231100 
17 	 0.231100 
21 	 0.231100 
23 	 0.231100 
32 	 0.231100 
34 	 0.231100 
37 	 0.231100 
40 	 0.231100 
41 	 0.231100 
42 	 0.231100 
46 	 0.231100 
47 	 0.231100 
48 	 0.231100 
44 	 0.231300 
1 	 0.232100 
4 	 0.232100 
7 	 0.232100 
9 	 0.232100 
10 	 0.232100 
14 	 0.232100 
15 	 0.232100 
16 	 0.232100 
20 	 0.232100 
24 	 0.232100 
25 	 0.232100 
26 	 0.232100 
27 	 0.232100 
30 	 0.232100 
33 	 0.232100 
43 	 0.232100 
29 	 0.232200 
39 	 0.232500 
45 	 0.232600 
21 	 0.232900 
35 	 0.233000 
2 	 0.233100 
5 	 0.233100 
6 	 0.233100 
13 	 0.233100 
19 	 0.233100 
22 	 0.233100 
23 	 0.233100 
32 	 0.233100 
34 	 0.233100 
36 	 0.233100 
41 	 0.233100 
44 	 0.233100 
47 	 0.233100 
48 	 0.233100 
0 	 0.233300 
1 	 0.234100 
7 	 0.234100 
11 	 0.234100 
15 	 0.234100 
16 	 0.234100 
17 	 0.234100 
18 	 0.234100 
20 	 0.234100 
25 	 0.234100 
26 	 0.234100 
28 	 0.234100 
29 	 0.234100 
33 	 0.234100 
38 	 0.234100 
42 	 0.234100 
45 	 0.234100 
46 	 0.234100 
24 	 0.234300 
27 	 0.234600 
30 	 0.234700 
12 	 0.234800 
6 	 0.234900 
8 	 0.234900 
39 	 0.235000 
44 	 0.235000 
0 	 0.235100 
5 	 0.235100 
14 	 0.235100 
22 	 0.235100 
32 	 0.235100 
35 	 0.235100 
36 	 0.235100 
37 	 0.235100 
40 	 0.235100 
41 	 0.235100 
48 	 0.235100 
4 	 0.235600 
11 	 0.235600 
1 	 0.235700 
21 	 0.235900 
2 	 0.236100 
6 	 0.236100 
7 	 0.236100 
12 	 0.236100 
18 	 0.236100 
19 	 0.236100 
20 	 0.236100 
23 	 0.236100 
25 	 0.236100 
26 	 0.236100 
27 	 0.236100 
30 	 0.236100 
34 	 0.236100 
45 	 0.236100 
24 	 0.236600 
15 	 0.236700 
42 	 0.236800 
39 	 0.237000 
0 	 0.237100 
4 	 0.237100 
10 	 0.237100 
11 	 0.237100 
14 	 0.237100 
16 	 0.237100 
17 	 0.237100 
28 	 0.237100 
32 	 0.237100 
35 	 0.237100 
37 	 0.237100 
43 	 0.237100 
47 	 0.237100 
48 	 0.237100 
49 	 0.237100 
44 	 0.237300 
40 	 0.237400 
46 	 0.238000 
1 	 0.238100 
2 	 0.238100 
5 	 0.238100 
9 	 0.238100 
12 	 0.238100 
13 	 0.238100 
15 	 0.238100 
18 	 0.238100 
19 	 0.238100 
20 	 0.238100 
22 	 0.238100 
26 	 0.238100 
27 	 0.238100 
30 	 0.238100 
33 	 0.238100 
34 	 0.238100 
41 	 0.238100 
42 	 0.238100 
3 	 0.238700 
8 	 0.238900 
21 	 0.238900 
0 	 0.239100 
4 	 0.239100 
6 	 0.239100 
10 	 0.239100 
16 	 0.239100 
17 	 0.239100 
23 	 0.239100 
25 	 0.239100 
28 	 0.239100 
29 	 0.239100 
36 	 0.239100 
43 	 0.239100 
44 	 0.239100 
45 	 0.239100 
47 	 0.239100 
32 	 0.239600 
24 	 0.239700 
20 	 0.240600 
44 	 0.240600 
15 	 0.240900 
21 	 0.240900 
39 	 0.241000 
46 	 0.241100 
42 	 0.241200 
24 	 0.241800 
12 	 0.241900 
14 	 0.242000 
27 	 0.242100 
4 	 0.242400 
30 	 0.242600 
44 	 0.243300 
10 	 0.243600 
43 	 0.243900 
35 	 0.244100 
45 	 0.244100 
22 	 0.244200 
46 	 0.244200 
15 	 0.244600 
39 	 0.244600 
27 	 0.244900 
30 	 0.245100 
7 	 0.246100 
11 	 0.246400 
42 	 0.246700 
44 	 0.246800 
24 	 0.247500 
30 	 0.247700 
10 	 0.247800 
39 	 0.247900 
1 	 0.248100 
2 	 0.248100 
3 	 0.248100 
7 	 0.248100 
11 	 0.248100 
12 	 0.248100 
13 	 0.248100 
16 	 0.248100 
18 	 0.248100 
19 	 0.248100 
26 	 0.248100 
27 	 0.248100 
28 	 0.248100 
29 	 0.248100 
31 	 0.248100 
33 	 0.248100 
36 	 0.248100 
43 	 0.248100 
45 	 0.248100 
46 	 0.248100 
47 	 0.248100 
48 	 0.248100 
22 	 0.248200 
6 	 0.249100 
9 	 0.249100 
14 	 0.249100 
15 	 0.249100 
20 	 0.249100 
21 	 0.249100 
23 	 0.249100 
24 	 0.249100 
30 	 0.249100 
32 	 0.249100 
34 	 0.249100 
35 	 0.249100 
37 	 0.249100 
40 	 0.249100 
41 	 0.249100 
8 	 0.249900 
-2 	 -2 
