1 	 0.001100 
7 	 0.001100 
13 	 0.001100 
18 	 0.001100 
20 	 0.001100 
21 	 0.001100 
25 	 0.001100 
37 	 0.001100 
38 	 0.001100 
40 	 0.001100 
41 	 0.001100 
42 	 0.001100 
44 	 0.001100 
0 	 0.002100 
2 	 0.002100 
3 	 0.002100 
5 	 0.002100 
6 	 0.002100 
9 	 0.002100 
28 	 0.002100 
33 	 0.002100 
43 	 0.002100 
7 	 0.003100 
10 	 0.003100 
13 	 0.003100 
22 	 0.003100 
23 	 0.003100 
25 	 0.003100 
29 	 0.003100 
35 	 0.003100 
0 	 0.004100 
4 	 0.004100 
6 	 0.004100 
9 	 0.004100 
12 	 0.004100 
15 	 0.004100 
20 	 0.004100 
24 	 0.004100 
36 	 0.004100 
37 	 0.004100 
38 	 0.004100 
40 	 0.004100 
43 	 0.004100 
47 	 0.004300 
34 	 0.004400 
14 	 0.005100 
22 	 0.005100 
27 	 0.005100 
44 	 0.005100 
46 	 0.005100 
33 	 0.005300 
18 	 0.005800 
32 	 0.005800 
2 	 0.006100 
10 	 0.006100 
23 	 0.006100 
30 	 0.006100 
31 	 0.006100 
34 	 0.006100 
39 	 0.006100 
47 	 0.006100 
5 	 0.006600 
27 	 0.006900 
0 	 0.007100 
4 	 0.007100 
12 	 0.007100 
15 	 0.007100 
16 	 0.007100 
20 	 0.007100 
25 	 0.007100 
29 	 0.007100 
36 	 0.007100 
37 	 0.007100 
19 	 0.007200 
32 	 0.007600 
13 	 0.007700 
40 	 0.007800 
5 	 0.008100 
6 	 0.008100 
14 	 0.008100 
34 	 0.008100 
43 	 0.008100 
24 	 0.008300 
26 	 0.008400 
42 	 0.008600 
3 	 0.008700 
46 	 0.008800 
8 	 0.008900 
18 	 0.008900 
2 	 0.009100 
13 	 0.009100 
31 	 0.009100 
32 	 0.009100 
36 	 0.009100 
47 	 0.009100 
48 	 0.009100 
22 	 0.009200 
23 	 0.009700 
16 	 0.010000 
4 	 0.010100 
7 	 0.010100 
14 	 0.010100 
19 	 0.010100 
33 	 0.010100 
38 	 0.010100 
40 	 0.010100 
43 	 0.010100 
44 	 0.010100 
9 	 0.010200 
3 	 0.010400 
5 	 0.010600 
49 	 0.010700 
18 	 0.010900 
37 	 0.011100 
24 	 0.011200 
10 	 0.011400 
2 	 0.012100 
3 	 0.012100 
7 	 0.012100 
9 	 0.012100 
13 	 0.012100 
14 	 0.012100 
20 	 0.012100 
21 	 0.012100 
23 	 0.012100 
28 	 0.012100 
46 	 0.012100 
19 	 0.012300 
42 	 0.012400 
36 	 0.012500 
35 	 0.012600 
48 	 0.012600 
38 	 0.012700 
45 	 0.012700 
6 	 0.012800 
5 	 0.013000 
4 	 0.013100 
18 	 0.013100 
22 	 0.013100 
27 	 0.013100 
29 	 0.013100 
30 	 0.013100 
32 	 0.013100 
37 	 0.013100 
39 	 0.013100 
43 	 0.013400 
33 	 0.013500 
9 	 0.014000 
2 	 0.014100 
3 	 0.014100 
7 	 0.014100 
8 	 0.014100 
15 	 0.014100 
21 	 0.014100 
23 	 0.014100 
45 	 0.014100 
49 	 0.014100 
16 	 0.014300 
28 	 0.014500 
24 	 0.014600 
46 	 0.014800 
26 	 0.014900 
5 	 0.015000 
48 	 0.015600 
42 	 0.015800 
16 	 0.016000 
47 	 0.016000 
3 	 0.016100 
6 	 0.016100 
10 	 0.016100 
19 	 0.016100 
27 	 0.016100 
30 	 0.016100 
34 	 0.016100 
37 	 0.016100 
39 	 0.016100 
41 	 0.016100 
32 	 0.016200 
49 	 0.016400 
9 	 0.016500 
21 	 0.016800 
45 	 0.016800 
33 	 0.016900 
4 	 0.017100 
5 	 0.017100 
7 	 0.017100 
12 	 0.017100 
14 	 0.017100 
18 	 0.017100 
20 	 0.017100 
24 	 0.017100 
29 	 0.017100 
31 	 0.017100 
36 	 0.017100 
38 	 0.017100 
42 	 0.017600 
17 	 0.017700 
3 	 0.017900 
35 	 0.017900 
48 	 0.017900 
19 	 0.018000 
46 	 0.018000 
1 	 0.018100 
8 	 0.018100 
10 	 0.018100 
11 	 0.018100 
13 	 0.018100 
16 	 0.018100 
26 	 0.018100 
41 	 0.018100 
23 	 0.018500 
43 	 0.018500 
15 	 0.018600 
21 	 0.018900 
0 	 0.019100 
5 	 0.019100 
14 	 0.019100 
18 	 0.019100 
22 	 0.019100 
25 	 0.019100 
28 	 0.019100 
30 	 0.019100 
34 	 0.019100 
37 	 0.019100 
47 	 0.019100 
27 	 0.019300 
29 	 0.019300 
49 	 0.019700 
32 	 0.019800 
16 	 0.020000 
41 	 0.020000 
1 	 0.020100 
2 	 0.020100 
7 	 0.020100 
8 	 0.020100 
10 	 0.020100 
24 	 0.020100 
43 	 0.020100 
19 	 0.020200 
33 	 0.020300 
35 	 0.020300 
3 	 0.020800 
12 	 0.021100 
13 	 0.021100 
15 	 0.021100 
20 	 0.021100 
27 	 0.021100 
31 	 0.021100 
39 	 0.021100 
40 	 0.021100 
44 	 0.021100 
45 	 0.021100 
42 	 0.021200 
29 	 0.021300 
32 	 0.021300 
21 	 0.021500 
36 	 0.021800 
46 	 0.021800 
23 	 0.021900 
28 	 0.021900 
35 	 0.022100 
22 	 0.022200 
3 	 0.022600 
47 	 0.022600 
5 	 0.022700 
27 	 0.022700 
18 	 0.022800 
40 	 0.022800 
16 	 0.023000 
12 	 0.023100 
13 	 0.023100 
20 	 0.023100 
29 	 0.023100 
37 	 0.023100 
38 	 0.023100 
39 	 0.023100 
42 	 0.023100 
48 	 0.023100 
41 	 0.023200 
44 	 0.023200 
11 	 0.023300 
33 	 0.023300 
31 	 0.023500 
32 	 0.023800 
35 	 0.024000 
8 	 0.024100 
18 	 0.024100 
21 	 0.024100 
23 	 0.024100 
27 	 0.024100 
28 	 0.024100 
45 	 0.024100 
3 	 0.024600 
46 	 0.024900 
1 	 0.025100 
9 	 0.025100 
15 	 0.025100 
16 	 0.025100 
19 	 0.025100 
25 	 0.025100 
30 	 0.025100 
34 	 0.025100 
39 	 0.025100 
47 	 0.025100 
5 	 0.025300 
37 	 0.025300 
41 	 0.025700 
28 	 0.025800 
11 	 0.025900 
43 	 0.025900 
0 	 0.026100 
6 	 0.026100 
12 	 0.026100 
14 	 0.026100 
17 	 0.026100 
27 	 0.026100 
29 	 0.026100 
31 	 0.026100 
46 	 0.026100 
21 	 0.026200 
36 	 0.026200 
45 	 0.026300 
35 	 0.026400 
32 	 0.026500 
4 	 0.027100 
7 	 0.027100 
18 	 0.027100 
28 	 0.027100 
34 	 0.027100 
42 	 0.027100 
8 	 0.027200 
27 	 0.027600 
29 	 0.027800 
14 	 0.027900 
23 	 0.027900 
3 	 0.028000 
21 	 0.028000 
10 	 0.028100 
12 	 0.028100 
20 	 0.028100 
24 	 0.028100 
25 	 0.028100 
32 	 0.028100 
39 	 0.028100 
5 	 0.028300 
43 	 0.028300 
31 	 0.028400 
46 	 0.028600 
16 	 0.028700 
37 	 0.028700 
28 	 0.028800 
0 	 0.029100 
1 	 0.029100 
2 	 0.029100 
7 	 0.029100 
8 	 0.029100 
9 	 0.029100 
11 	 0.029100 
14 	 0.029100 
19 	 0.029100 
22 	 0.029100 
26 	 0.029100 
34 	 0.029100 
36 	 0.029100 
45 	 0.029200 
29 	 0.029500 
15 	 0.029600 
42 	 0.029700 
23 	 0.029900 
33 	 0.029900 
24 	 0.030000 
47 	 0.030300 
27 	 0.030600 
35 	 0.030800 
37 	 0.030900 
46 	 0.031000 
0 	 0.031100 
3 	 0.031100 
7 	 0.031100 
12 	 0.031100 
30 	 0.031100 
36 	 0.031100 
39 	 0.031100 
42 	 0.031100 
44 	 0.031100 
16 	 0.031200 
28 	 0.031500 
15 	 0.031700 
4 	 0.032000 
18 	 0.032000 
21 	 0.032000 
8 	 0.032100 
13 	 0.032100 
20 	 0.032100 
23 	 0.032100 
27 	 0.032100 
33 	 0.032100 
35 	 0.032100 
48 	 0.032100 
5 	 0.032300 
43 	 0.032400 
32 	 0.032500 
29 	 0.032800 
14 	 0.032900 
47 	 0.032900 
7 	 0.033100 
12 	 0.033100 
19 	 0.033100 
24 	 0.033100 
26 	 0.033100 
37 	 0.033100 
39 	 0.033500 
16 	 0.033600 
28 	 0.033600 
48 	 0.033900 
42 	 0.034000 
10 	 0.034100 
13 	 0.034100 
14 	 0.034100 
21 	 0.034100 
25 	 0.034100 
33 	 0.034100 
34 	 0.034100 
38 	 0.034100 
46 	 0.034100 
47 	 0.034100 
45 	 0.034200 
23 	 0.034400 
36 	 0.034400 
8 	 0.034500 
43 	 0.034500 
29 	 0.034600 
31 	 0.034600 
18 	 0.034900 
20 	 0.034900 
32 	 0.035000 
5 	 0.035100 
6 	 0.035100 
12 	 0.035100 
16 	 0.035100 
39 	 0.035100 
44 	 0.035100 
45 	 0.035700 
24 	 0.035800 
27 	 0.035800 
21 	 0.035900 
41 	 0.035900 
48 	 0.035900 
15 	 0.036000 
1 	 0.036100 
2 	 0.036100 
7 	 0.036100 
13 	 0.036100 
14 	 0.036100 
17 	 0.036100 
19 	 0.036100 
22 	 0.036100 
23 	 0.036100 
25 	 0.036100 
28 	 0.036100 
30 	 0.036100 
31 	 0.036100 
36 	 0.036100 
42 	 0.036100 
4 	 0.036300 
38 	 0.036400 
34 	 0.036500 
3 	 0.036600 
5 	 0.036800 
43 	 0.036800 
32 	 0.037000 
35 	 0.037300 
29 	 0.037400 
18 	 0.037600 
46 	 0.037600 
22 	 0.037800 
8 	 0.037900 
3 	 0.038100 
13 	 0.038100 
20 	 0.038100 
23 	 0.038100 
28 	 0.038100 
30 	 0.038100 
34 	 0.038100 
36 	 0.038100 
37 	 0.038100 
47 	 0.038100 
49 	 0.038100 
42 	 0.038200 
2 	 0.038300 
16 	 0.038300 
31 	 0.038600 
41 	 0.038800 
21 	 0.038900 
48 	 0.039000 
0 	 0.039100 
7 	 0.039100 
9 	 0.039100 
14 	 0.039100 
15 	 0.039100 
25 	 0.039100 
32 	 0.039100 
45 	 0.039200 
35 	 0.039300 
46 	 0.039600 
23 	 0.039900 
33 	 0.039900 
18 	 0.040000 
1 	 0.040100 
10 	 0.040100 
11 	 0.040100 
12 	 0.040100 
13 	 0.040100 
22 	 0.040100 
27 	 0.040100 
30 	 0.040100 
31 	 0.040100 
39 	 0.040100 
41 	 0.040100 
24 	 0.040200 
42 	 0.040600 
21 	 0.040700 
28 	 0.040700 
3 	 0.040800 
35 	 0.041000 
17 	 0.041100 
34 	 0.041100 
40 	 0.041100 
48 	 0.041300 
5 	 0.041500 
8 	 0.041500 
32 	 0.041500 
27 	 0.041600 
46 	 0.041800 
36 	 0.041900 
49 	 0.041900 
13 	 0.042000 
7 	 0.042100 
9 	 0.042100 
14 	 0.042100 
16 	 0.042100 
22 	 0.042100 
47 	 0.042100 
33 	 0.042300 
43 	 0.042500 
42 	 0.042600 
35 	 0.042800 
28 	 0.042900 
18 	 0.043000 
31 	 0.043000 
3 	 0.043100 
4 	 0.043100 
17 	 0.043100 
20 	 0.043100 
23 	 0.043100 
24 	 0.043100 
30 	 0.043100 
32 	 0.043100 
34 	 0.043100 
37 	 0.043100 
38 	 0.043100 
45 	 0.043100 
27 	 0.043300 
29 	 0.043800 
12 	 0.043900 
15 	 0.043900 
47 	 0.044100 
16 	 0.044300 
9 	 0.044500 
36 	 0.044600 
38 	 0.044800 
21 	 0.045000 
32 	 0.045100 
39 	 0.045200 
42 	 0.045200 
5 	 0.045400 
19 	 0.045400 
29 	 0.045500 
28 	 0.045600 
3 	 0.045700 
18 	 0.045800 
27 	 0.045800 
0 	 0.046100 
2 	 0.046100 
7 	 0.046100 
8 	 0.046100 
9 	 0.046100 
23 	 0.046100 
24 	 0.046100 
30 	 0.046100 
46 	 0.046100 
48 	 0.046100 
49 	 0.046100 
45 	 0.046400 
43 	 0.046800 
32 	 0.047000 
33 	 0.047000 
3 	 0.047100 
13 	 0.047100 
18 	 0.047100 
27 	 0.047100 
34 	 0.047100 
35 	 0.047100 
38 	 0.047100 
40 	 0.047100 
42 	 0.047100 
47 	 0.047100 
37 	 0.047400 
41 	 0.047400 
36 	 0.047500 
16 	 0.047700 
5 	 0.048000 
1 	 0.048100 
8 	 0.048100 
11 	 0.048100 
12 	 0.048100 
19 	 0.048100 
22 	 0.048100 
24 	 0.048100 
25 	 0.048100 
48 	 0.048100 
15 	 0.048200 
23 	 0.048400 
10 	 0.048500 
28 	 0.048800 
13 	 0.049100 
17 	 0.049100 
20 	 0.049100 
26 	 0.049100 
32 	 0.049100 
40 	 0.049100 
45 	 0.049100 
46 	 0.049100 
3 	 0.049200 
42 	 0.049200 
29 	 0.049500 
18 	 0.049600 
16 	 0.049800 
37 	 0.049800 
43 	 0.049800 
33 	 0.050000 
0 	 0.050100 
1 	 0.050100 
7 	 0.050100 
9 	 0.050100 
11 	 0.050100 
15 	 0.050100 
30 	 0.050100 
39 	 0.050100 
41 	 0.050100 
44 	 0.050100 
48 	 0.050100 
34 	 0.050300 
27 	 0.050500 
36 	 0.050600 
42 	 0.050700 
23 	 0.050800 
2 	 0.051100 
3 	 0.051100 
4 	 0.051100 
14 	 0.051100 
45 	 0.051100 
17 	 0.051800 
28 	 0.051800 
16 	 0.052000 
1 	 0.052100 
6 	 0.052100 
7 	 0.052100 
11 	 0.052100 
15 	 0.052100 
27 	 0.052100 
29 	 0.052100 
30 	 0.052100 
31 	 0.052100 
33 	 0.052100 
37 	 0.052100 
42 	 0.052100 
44 	 0.052100 
5 	 0.052300 
32 	 0.052400 
21 	 0.052800 
46 	 0.053000 
2 	 0.053300 
39 	 0.053500 
1 	 0.054100 
3 	 0.054100 
5 	 0.054100 
8 	 0.054100 
10 	 0.054100 
12 	 0.054100 
13 	 0.054100 
16 	 0.054100 
34 	 0.054100 
36 	 0.054100 
38 	 0.054100 
40 	 0.054100 
41 	 0.054100 
35 	 0.054300 
37 	 0.054300 
48 	 0.054300 
32 	 0.054400 
42 	 0.054600 
45 	 0.054600 
43 	 0.054700 
22 	 0.055100 
26 	 0.055100 
49 	 0.055100 
15 	 0.055400 
28 	 0.055600 
29 	 0.055700 
34 	 0.055700 
18 	 0.055800 
1 	 0.056100 
8 	 0.056100 
9 	 0.056100 
14 	 0.056100 
32 	 0.056100 
46 	 0.056100 
48 	 0.056100 
37 	 0.056300 
36 	 0.056800 
42 	 0.056900 
16 	 0.057000 
31 	 0.057000 
0 	 0.057100 
4 	 0.057100 
13 	 0.057100 
15 	 0.057100 
18 	 0.057100 
19 	 0.057100 
23 	 0.057100 
29 	 0.057100 
30 	 0.057100 
33 	 0.057100 
41 	 0.057100 
43 	 0.057100 
47 	 0.057200 
35 	 0.057400 
5 	 0.057500 
32 	 0.058000 
8 	 0.058100 
10 	 0.058100 
20 	 0.058100 
37 	 0.058100 
39 	 0.058100 
45 	 0.058600 
16 	 0.059000 
0 	 0.059100 
7 	 0.059100 
12 	 0.059100 
13 	 0.059100 
14 	 0.059100 
19 	 0.059100 
23 	 0.059100 
27 	 0.059100 
30 	 0.059100 
34 	 0.059100 
40 	 0.059100 
41 	 0.059100 
43 	 0.059100 
15 	 0.059200 
42 	 0.059200 
35 	 0.059300 
46 	 0.059300 
47 	 0.059400 
36 	 0.059500 
5 	 0.060000 
32 	 0.060600 
18 	 0.060700 
28 	 0.060700 
39 	 0.060700 
27 	 0.061300 
33 	 0.061300 
12 	 0.061400 
13 	 0.061400 
46 	 0.061600 
23 	 0.061800 
35 	 0.061800 
8 	 0.062000 
19 	 0.062000 
0 	 0.062100 
1 	 0.062100 
9 	 0.062100 
34 	 0.062100 
36 	 0.062100 
16 	 0.062300 
3 	 0.062700 
37 	 0.062700 
43 	 0.062700 
18 	 0.063000 
27 	 0.063000 
2 	 0.063100 
5 	 0.063100 
12 	 0.063100 
13 	 0.063100 
14 	 0.063100 
20 	 0.063100 
23 	 0.063100 
24 	 0.063100 
25 	 0.063100 
46 	 0.063100 
33 	 0.063200 
32 	 0.063800 
39 	 0.063800 
7 	 0.064100 
8 	 0.064100 
10 	 0.064100 
19 	 0.064100 
21 	 0.064100 
26 	 0.064100 
28 	 0.064100 
31 	 0.064100 
36 	 0.064100 
15 	 0.064300 
16 	 0.064400 
42 	 0.064500 
3 	 0.064700 
43 	 0.064900 
0 	 0.065100 
2 	 0.065100 
6 	 0.065100 
13 	 0.065100 
20 	 0.065100 
27 	 0.065100 
38 	 0.065100 
49 	 0.065100 
23 	 0.065300 
46 	 0.065400 
47 	 0.065600 
45 	 0.065700 
33 	 0.066000 
3 	 0.066100 
4 	 0.066100 
5 	 0.066100 
7 	 0.066100 
8 	 0.066100 
10 	 0.066100 
12 	 0.066100 
22 	 0.066100 
30 	 0.066100 
31 	 0.066100 
40 	 0.066100 
41 	 0.066100 
48 	 0.066100 
29 	 0.066500 
24 	 0.066600 
42 	 0.066700 
37 	 0.066900 
15 	 0.067000 
0 	 0.067100 
1 	 0.067100 
2 	 0.067100 
6 	 0.067100 
13 	 0.067100 
16 	 0.067100 
17 	 0.067100 
19 	 0.067100 
20 	 0.067100 
36 	 0.067100 
45 	 0.067100 
49 	 0.067100 
32 	 0.067200 
43 	 0.067400 
38 	 0.067500 
28 	 0.067800 
27 	 0.068000 
3 	 0.068100 
7 	 0.068100 
8 	 0.068100 
29 	 0.068100 
34 	 0.068100 
37 	 0.068100 
41 	 0.068100 
46 	 0.068100 
9 	 0.068200 
18 	 0.068200 
33 	 0.068500 
48 	 0.068600 
24 	 0.068700 
10 	 0.069100 
14 	 0.069100 
19 	 0.069100 
21 	 0.069100 
22 	 0.069100 
35 	 0.069100 
36 	 0.069100 
39 	 0.069100 
40 	 0.069100 
42 	 0.069100 
5 	 0.069200 
45 	 0.069400 
15 	 0.069500 
43 	 0.069600 
28 	 0.069700 
3 	 0.069900 
16 	 0.069900 
32 	 0.069900 
0 	 0.070100 
2 	 0.070100 
6 	 0.070100 
8 	 0.070100 
26 	 0.070100 
33 	 0.070100 
34 	 0.070100 
44 	 0.070100 
27 	 0.070400 
29 	 0.070600 
37 	 0.070600 
46 	 0.070700 
48 	 0.070800 
49 	 0.070900 
7 	 0.071100 
12 	 0.071100 
15 	 0.071100 
16 	 0.071100 
18 	 0.071100 
23 	 0.071100 
39 	 0.071100 
41 	 0.071400 
24 	 0.071500 
42 	 0.071800 
3 	 0.072000 
21 	 0.072000 
1 	 0.072100 
4 	 0.072100 
6 	 0.072100 
8 	 0.072100 
11 	 0.072100 
28 	 0.072100 
31 	 0.072100 
33 	 0.072100 
34 	 0.072100 
46 	 0.072400 
36 	 0.072500 
32 	 0.072600 
12 	 0.072800 
16 	 0.072800 
27 	 0.072800 
45 	 0.073300 
41 	 0.073400 
5 	 0.073700 
19 	 0.073700 
48 	 0.073900 
49 	 0.073900 
15 	 0.074000 
35 	 0.074000 
34 	 0.074100 
17 	 0.074200 
42 	 0.074200 
43 	 0.074200 
47 	 0.074200 
37 	 0.074500 
28 	 0.074800 
1 	 0.075100 
4 	 0.075100 
8 	 0.075100 
11 	 0.075100 
13 	 0.075100 
22 	 0.075100 
25 	 0.075100 
29 	 0.075100 
30 	 0.075100 
45 	 0.075100 
16 	 0.075300 
36 	 0.075500 
32 	 0.075600 
10 	 0.075800 
5 	 0.075900 
0 	 0.076100 
9 	 0.076100 
14 	 0.076100 
18 	 0.076100 
20 	 0.076100 
26 	 0.076100 
28 	 0.076100 
35 	 0.076100 
39 	 0.076100 
47 	 0.076100 
42 	 0.076400 
27 	 0.076900 
4 	 0.077100 
11 	 0.077100 
12 	 0.077100 
17 	 0.077100 
30 	 0.077100 
32 	 0.077100 
34 	 0.077100 
36 	 0.077100 
41 	 0.077100 
23 	 0.077400 
45 	 0.077400 
46 	 0.077800 
43 	 0.078000 
6 	 0.078100 
9 	 0.078100 
19 	 0.078100 
20 	 0.078100 
26 	 0.078100 
47 	 0.078100 
48 	 0.078100 
33 	 0.078300 
24 	 0.078600 
18 	 0.078900 
27 	 0.079000 
0 	 0.079100 
1 	 0.079100 
3 	 0.079100 
12 	 0.079100 
13 	 0.079100 
22 	 0.079100 
23 	 0.079100 
25 	 0.079100 
29 	 0.079100 
36 	 0.079100 
42 	 0.079100 
45 	 0.079100 
49 	 0.079100 
16 	 0.079200 
39 	 0.079500 
5 	 0.079600 
28 	 0.079600 
32 	 0.079600 
35 	 0.079700 
46 	 0.079800 
9 	 0.080000 
48 	 0.080000 
4 	 0.080100 
11 	 0.080100 
14 	 0.080100 
20 	 0.080100 
24 	 0.080100 
34 	 0.080100 
37 	 0.080100 
43 	 0.080100 
47 	 0.080100 
19 	 0.080200 
27 	 0.080700 
3 	 0.081100 
6 	 0.081100 
10 	 0.081100 
15 	 0.081100 
23 	 0.081100 
25 	 0.081100 
29 	 0.081100 
31 	 0.081100 
32 	 0.081100 
33 	 0.081100 
38 	 0.081100 
40 	 0.081100 
42 	 0.081100 
12 	 0.081400 
18 	 0.081500 
28 	 0.081700 
0 	 0.082100 
5 	 0.082100 
8 	 0.082100 
20 	 0.082100 
30 	 0.082100 
45 	 0.082100 
46 	 0.082100 
47 	 0.082100 
49 	 0.082100 
16 	 0.082300 
37 	 0.082300 
21 	 0.082400 
42 	 0.082900 
19 	 0.083000 
6 	 0.083100 
9 	 0.083100 
10 	 0.083100 
12 	 0.083100 
23 	 0.083100 
25 	 0.083100 
33 	 0.083100 
43 	 0.083100 
48 	 0.083100 
3 	 0.083300 
27 	 0.083600 
37 	 0.083800 
32 	 0.084000 
36 	 0.084000 
0 	 0.084100 
4 	 0.084100 
11 	 0.084100 
18 	 0.084100 
24 	 0.084100 
34 	 0.084100 
42 	 0.084100 
29 	 0.084200 
47 	 0.084600 
28 	 0.084700 
21 	 0.084900 
1 	 0.085100 
2 	 0.085100 
3 	 0.085100 
9 	 0.085100 
13 	 0.085100 
16 	 0.085100 
22 	 0.085100 
26 	 0.085100 
35 	 0.085100 
37 	 0.085100 
46 	 0.085100 
5 	 0.085200 
19 	 0.085300 
48 	 0.085400 
10 	 0.085800 
11 	 0.085900 
15 	 0.086000 
4 	 0.086100 
18 	 0.086100 
20 	 0.086100 
23 	 0.086100 
25 	 0.086100 
27 	 0.086100 
30 	 0.086100 
32 	 0.086100 
41 	 0.086100 
44 	 0.086100 
49 	 0.086100 
42 	 0.086200 
29 	 0.086500 
36 	 0.086500 
45 	 0.086800 
21 	 0.086900 
7 	 0.087100 
11 	 0.087100 
16 	 0.087100 
17 	 0.087100 
22 	 0.087100 
26 	 0.087100 
28 	 0.087100 
34 	 0.087100 
39 	 0.087100 
1 	 0.087200 
3 	 0.087200 
19 	 0.087500 
24 	 0.088000 
32 	 0.088000 
33 	 0.088000 
29 	 0.088500 
42 	 0.088500 
46 	 0.088500 
23 	 0.088800 
43 	 0.089000 
28 	 0.089100 
34 	 0.089200 
16 	 0.089400 
17 	 0.089400 
37 	 0.089400 
19 	 0.089500 
18 	 0.089900 
49 	 0.089900 
5 	 0.090000 
15 	 0.090100 
24 	 0.090300 
32 	 0.090300 
11 	 0.090400 
42 	 0.090400 
33 	 0.090500 
48 	 0.090500 
10 	 0.090600 
45 	 0.090600 
46 	 0.090700 
27 	 0.090800 
29 	 0.090800 
35 	 0.090800 
4 	 0.091100 
6 	 0.091100 
7 	 0.091100 
9 	 0.091100 
12 	 0.091100 
18 	 0.091100 
19 	 0.091100 
21 	 0.091100 
47 	 0.091100 
16 	 0.091900 
8 	 0.092100 
23 	 0.092100 
31 	 0.092100 
34 	 0.092100 
42 	 0.092100 
44 	 0.092100 
48 	 0.092100 
45 	 0.092400 
29 	 0.092600 
28 	 0.092800 
32 	 0.092800 
35 	 0.092800 
1 	 0.093100 
3 	 0.093100 
6 	 0.093100 
10 	 0.093100 
17 	 0.093100 
19 	 0.093100 
22 	 0.093100 
30 	 0.093100 
33 	 0.093100 
36 	 0.093100 
27 	 0.093500 
4 	 0.093700 
47 	 0.093700 
24 	 0.093800 
7 	 0.094100 
8 	 0.094100 
15 	 0.094100 
16 	 0.094100 
20 	 0.094100 
23 	 0.094100 
34 	 0.094100 
37 	 0.094100 
42 	 0.094100 
48 	 0.094100 
46 	 0.094300 
43 	 0.094400 
5 	 0.094600 
0 	 0.095100 
3 	 0.095100 
9 	 0.095100 
11 	 0.095100 
19 	 0.095100 
25 	 0.095100 
26 	 0.095100 
27 	 0.095100 
33 	 0.095100 
47 	 0.095100 
32 	 0.095400 
29 	 0.095700 
6 	 0.096100 
12 	 0.096100 
34 	 0.096100 
38 	 0.096100 
42 	 0.096100 
28 	 0.096300 
41 	 0.096300 
16 	 0.096400 
10 	 0.096700 
21 	 0.096800 
35 	 0.096900 
0 	 0.097100 
1 	 0.097100 
4 	 0.097100 
7 	 0.097100 
13 	 0.097100 
14 	 0.097100 
15 	 0.097100 
27 	 0.097100 
29 	 0.097100 
31 	 0.097100 
36 	 0.097100 
39 	 0.097100 
47 	 0.097100 
48 	 0.097100 
3 	 0.097200 
33 	 0.097300 
32 	 0.097400 
19 	 0.097600 
6 	 0.098100 
8 	 0.098100 
12 	 0.098100 
18 	 0.098100 
20 	 0.098100 
23 	 0.098100 
24 	 0.098100 
35 	 0.098100 
37 	 0.098100 
42 	 0.098100 
4 	 0.098600 
21 	 0.098700 
45 	 0.098900 
1 	 0.099100 
2 	 0.099100 
3 	 0.099100 
5 	 0.099100 
14 	 0.099100 
22 	 0.099100 
27 	 0.099100 
28 	 0.099100 
38 	 0.099100 
40 	 0.099100 
41 	 0.099100 
43 	 0.099100 
47 	 0.099100 
48 	 0.099100 
7 	 0.099200 
15 	 0.099200 
19 	 0.099300 
32 	 0.099500 
33 	 0.099500 
16 	 0.099900 
46 	 0.099900 
10 	 0.100100 
11 	 0.100100 
23 	 0.100100 
26 	 0.100100 
30 	 0.100100 
35 	 0.100100 
36 	 0.100100 
37 	 0.100100 
44 	 0.100100 
8 	 0.100300 
39 	 0.100300 
45 	 0.100600 
18 	 0.100700 
21 	 0.100700 
29 	 0.100800 
42 	 0.100800 
17 	 0.100900 
0 	 0.101100 
2 	 0.101100 
4 	 0.101100 
6 	 0.101100 
9 	 0.101100 
12 	 0.101100 
13 	 0.101100 
15 	 0.101100 
48 	 0.101100 
49 	 0.101100 
32 	 0.101200 
5 	 0.101300 
34 	 0.101300 
27 	 0.101400 
33 	 0.101400 
16 	 0.101900 
18 	 0.102100 
23 	 0.102100 
28 	 0.102500 
43 	 0.102500 
46 	 0.102500 
4 	 0.102600 
42 	 0.102600 
3 	 0.102700 
35 	 0.102800 
34 	 0.102900 
41 	 0.103000 
6 	 0.103100 
11 	 0.103100 
14 	 0.103100 
15 	 0.103100 
19 	 0.103100 
20 	 0.103100 
21 	 0.103100 
25 	 0.103100 
38 	 0.103100 
40 	 0.103100 
36 	 0.103200 
45 	 0.103200 
47 	 0.103200 
49 	 0.103300 
32 	 0.103600 
29 	 0.103700 
8 	 0.103800 
16 	 0.103900 
0 	 0.104100 
1 	 0.104100 
9 	 0.104100 
13 	 0.104100 
17 	 0.104100 
22 	 0.104100 
27 	 0.104100 
48 	 0.104400 
42 	 0.104500 
43 	 0.104600 
46 	 0.104800 
5 	 0.105100 
45 	 0.105200 
10 	 0.105400 
32 	 0.105400 
33 	 0.105500 
28 	 0.105600 
23 	 0.105900 
29 	 0.106100 
9 	 0.106200 
20 	 0.106300 
18 	 0.106400 
8 	 0.106500 
34 	 0.106800 
16 	 0.107200 
33 	 0.107200 
36 	 0.107200 
45 	 0.107200 
17 	 0.107300 
32 	 0.107400 
35 	 0.107400 
15 	 0.107500 
42 	 0.107600 
5 	 0.107700 
19 	 0.107700 
2 	 0.108100 
4 	 0.108100 
13 	 0.108100 
18 	 0.108100 
22 	 0.108100 
25 	 0.108100 
34 	 0.108100 
38 	 0.108100 
39 	 0.108100 
37 	 0.108300 
46 	 0.108300 
27 	 0.108600 
23 	 0.108700 
28 	 0.108700 
43 	 0.108700 
0 	 0.109100 
1 	 0.109100 
8 	 0.109100 
12 	 0.109100 
19 	 0.109100 
20 	 0.109100 
21 	 0.109100 
24 	 0.109100 
29 	 0.109100 
36 	 0.109100 
41 	 0.109100 
49 	 0.109100 
5 	 0.109400 
16 	 0.109400 
32 	 0.109600 
33 	 0.109700 
13 	 0.109900 
17 	 0.109900 
2 	 0.110100 
4 	 0.110100 
6 	 0.110100 
7 	 0.110100 
15 	 0.110100 
23 	 0.110100 
27 	 0.110100 
39 	 0.110100 
43 	 0.110100 
35 	 0.110800 
0 	 0.111100 
8 	 0.111100 
12 	 0.111100 
19 	 0.111100 
20 	 0.111100 
21 	 0.111100 
22 	 0.111100 
25 	 0.111100 
46 	 0.111100 
47 	 0.111100 
18 	 0.111300 
10 	 0.111400 
16 	 0.111400 
24 	 0.111400 
33 	 0.111500 
29 	 0.111600 
43 	 0.111800 
1 	 0.111900 
2 	 0.112100 
6 	 0.112100 
23 	 0.112100 
27 	 0.112100 
30 	 0.112100 
31 	 0.112100 
37 	 0.112100 
48 	 0.112100 
45 	 0.112200 
15 	 0.112300 
39 	 0.112400 
32 	 0.112500 
5 	 0.113100 
11 	 0.113100 
12 	 0.113100 
20 	 0.113100 
29 	 0.113100 
40 	 0.113100 
42 	 0.113100 
16 	 0.113400 
48 	 0.113600 
46 	 0.113700 
18 	 0.113800 
2 	 0.114100 
4 	 0.114100 
9 	 0.114100 
14 	 0.114100 
24 	 0.114100 
36 	 0.114100 
41 	 0.114100 
43 	 0.114100 
23 	 0.114200 
28 	 0.114200 
49 	 0.114600 
7 	 0.115100 
16 	 0.115100 
17 	 0.115100 
21 	 0.115100 
22 	 0.115100 
27 	 0.115100 
29 	 0.115100 
35 	 0.115100 
47 	 0.115100 
31 	 0.115400 
11 	 0.115500 
32 	 0.115500 
18 	 0.115800 
15 	 0.115900 
41 	 0.115900 
0 	 0.116100 
2 	 0.116100 
4 	 0.116100 
12 	 0.116100 
24 	 0.116100 
30 	 0.116100 
43 	 0.116100 
33 	 0.116300 
5 	 0.116600 
28 	 0.116700 
35 	 0.116800 
3 	 0.117100 
6 	 0.117100 
7 	 0.117100 
9 	 0.117100 
13 	 0.117100 
14 	 0.117100 
15 	 0.117100 
18 	 0.117100 
36 	 0.117100 
37 	 0.117100 
40 	 0.117100 
16 	 0.117200 
46 	 0.117300 
42 	 0.117400 
29 	 0.117500 
19 	 0.117700 
32 	 0.117700 
48 	 0.117700 
27 	 0.117800 
2 	 0.118100 
28 	 0.118100 
43 	 0.118100 
8 	 0.118200 
33 	 0.118600 
39 	 0.118700 
49 	 0.118700 
45 	 0.118800 
7 	 0.119100 
11 	 0.119100 
13 	 0.119100 
15 	 0.119100 
16 	 0.119100 
29 	 0.119100 
30 	 0.119100 
38 	 0.119100 
40 	 0.119100 
42 	 0.119100 
46 	 0.119100 
48 	 0.119100 
41 	 0.119300 
5 	 0.119400 
37 	 0.119600 
31 	 0.119700 
18 	 0.119800 
27 	 0.119800 
32 	 0.119900 
43 	 0.119900 
9 	 0.120500 
23 	 0.120700 
16 	 0.121200 
5 	 0.122200 
19 	 0.122300 
28 	 0.122400 
42 	 0.122400 
33 	 0.122500 
45 	 0.122800 
43 	 0.123000 
46 	 0.123300 
27 	 0.123800 
36 	 0.123900 
0 	 0.124100 
4 	 0.124100 
12 	 0.124100 
20 	 0.124100 
42 	 0.124100 
15 	 0.124400 
32 	 0.125000 
1 	 0.125100 
3 	 0.125100 
14 	 0.125100 
17 	 0.125100 
18 	 0.125100 
23 	 0.125100 
24 	 0.125100 
31 	 0.125100 
34 	 0.125100 
35 	 0.125100 
37 	 0.125100 
48 	 0.125100 
49 	 0.125100 
5 	 0.125400 
33 	 0.125500 
16 	 0.126000 
2 	 0.126100 
12 	 0.126100 
13 	 0.126100 
26 	 0.126100 
27 	 0.126100 
38 	 0.126100 
14 	 0.127100 
17 	 0.127100 
19 	 0.127100 
20 	 0.127100 
22 	 0.127100 
24 	 0.127100 
30 	 0.127100 
32 	 0.127100 
42 	 0.127200 
43 	 0.127500 
2 	 0.128100 
3 	 0.128100 
10 	 0.128100 
12 	 0.128100 
16 	 0.128100 
18 	 0.128100 
21 	 0.128100 
23 	 0.128100 
27 	 0.128100 
28 	 0.128100 
34 	 0.128100 
37 	 0.128100 
49 	 0.128100 
13 	 0.128700 
46 	 0.129000 
0 	 0.129100 
14 	 0.129100 
15 	 0.129100 
19 	 0.129100 
22 	 0.129100 
44 	 0.129100 
24 	 0.129900 
42 	 0.130000 
1 	 0.130100 
3 	 0.130100 
6 	 0.130100 
8 	 0.130100 
11 	 0.130100 
18 	 0.130100 
20 	 0.130100 
25 	 0.130100 
30 	 0.130100 
36 	 0.130100 
41 	 0.130100 
48 	 0.130100 
32 	 0.130500 
43 	 0.130500 
5 	 0.130700 
27 	 0.130800 
33 	 0.130900 
0 	 0.131100 
13 	 0.131100 
17 	 0.131100 
23 	 0.131100 
35 	 0.131100 
47 	 0.131100 
29 	 0.131200 
2 	 0.131300 
16 	 0.131300 
37 	 0.131300 
3 	 0.132100 
6 	 0.132100 
8 	 0.132100 
10 	 0.132100 
18 	 0.132100 
19 	 0.132100 
24 	 0.132100 
25 	 0.132100 
26 	 0.132100 
28 	 0.132100 
36 	 0.132100 
42 	 0.132300 
46 	 0.132300 
48 	 0.132400 
11 	 0.132900 
0 	 0.133100 
4 	 0.133100 
7 	 0.133100 
9 	 0.133100 
12 	 0.133100 
15 	 0.133100 
22 	 0.133100 
23 	 0.133100 
32 	 0.133100 
33 	 0.133100 
35 	 0.133100 
37 	 0.133100 
39 	 0.133100 
29 	 0.133300 
41 	 0.133400 
16 	 0.133500 
43 	 0.133500 
1 	 0.133700 
21 	 0.133800 
45 	 0.133800 
5 	 0.134000 
10 	 0.134100 
13 	 0.134100 
14 	 0.134100 
19 	 0.134100 
24 	 0.134100 
27 	 0.134100 
38 	 0.134100 
48 	 0.134100 
3 	 0.134300 
28 	 0.134700 
35 	 0.134900 
34 	 0.135000 
2 	 0.135100 
7 	 0.135100 
12 	 0.135100 
18 	 0.135100 
22 	 0.135100 
26 	 0.135100 
39 	 0.135100 
41 	 0.135100 
42 	 0.135100 
23 	 0.135200 
32 	 0.135200 
36 	 0.135200 
17 	 0.135500 
4 	 0.135900 
8 	 0.135900 
21 	 0.135900 
1 	 0.136100 
9 	 0.136100 
11 	 0.136100 
14 	 0.136100 
19 	 0.136100 
27 	 0.136100 
37 	 0.136100 
46 	 0.136100 
16 	 0.136300 
5 	 0.136400 
43 	 0.136400 
33 	 0.136500 
3 	 0.136600 
28 	 0.136800 
15 	 0.137000 
41 	 0.137000 
7 	 0.137100 
10 	 0.137100 
13 	 0.137100 
20 	 0.137100 
23 	 0.137100 
24 	 0.137100 
26 	 0.137100 
39 	 0.137100 
45 	 0.137100 
44 	 0.137200 
48 	 0.137200 
12 	 0.137400 
32 	 0.137400 
35 	 0.137400 
47 	 0.137500 
4 	 0.137900 
17 	 0.137900 
1 	 0.138100 
2 	 0.138100 
5 	 0.138100 
6 	 0.138100 
8 	 0.138100 
14 	 0.138100 
18 	 0.138100 
21 	 0.138100 
27 	 0.138100 
30 	 0.138100 
33 	 0.138100 
34 	 0.138100 
36 	 0.138100 
38 	 0.138100 
42 	 0.138100 
43 	 0.138100 
22 	 0.138200 
16 	 0.138300 
37 	 0.138300 
19 	 0.138600 
29 	 0.138700 
3 	 0.138900 
0 	 0.139100 
4 	 0.139100 
13 	 0.139100 
23 	 0.139100 
26 	 0.139100 
28 	 0.139100 
41 	 0.139100 
48 	 0.139100 
49 	 0.139200 
20 	 0.139300 
46 	 0.139300 
31 	 0.139600 
34 	 0.139700 
9 	 0.139900 
18 	 0.139900 
42 	 0.139900 
15 	 0.140000 
2 	 0.140100 
3 	 0.140100 
10 	 0.140100 
14 	 0.140100 
30 	 0.140100 
32 	 0.140100 
40 	 0.140100 
21 	 0.140200 
45 	 0.140300 
33 	 0.140500 
5 	 0.140600 
8 	 0.140600 
12 	 0.140700 
11 	 0.140800 
27 	 0.140800 
43 	 0.140800 
48 	 0.141000 
19 	 0.141100 
42 	 0.141100 
49 	 0.141100 
4 	 0.141200 
16 	 0.141300 
28 	 0.141300 
23 	 0.141500 
3 	 0.141700 
21 	 0.141700 
9 	 0.142000 
32 	 0.142000 
34 	 0.142000 
0 	 0.142100 
6 	 0.142100 
7 	 0.142100 
11 	 0.142100 
12 	 0.142100 
13 	 0.142100 
14 	 0.142100 
18 	 0.142100 
31 	 0.142100 
36 	 0.142100 
37 	 0.142100 
40 	 0.142100 
43 	 0.142100 
45 	 0.142100 
35 	 0.142400 
39 	 0.142500 
24 	 0.142700 
20 	 0.143000 
4 	 0.143100 
15 	 0.143100 
19 	 0.143100 
30 	 0.143100 
42 	 0.143100 
46 	 0.143100 
48 	 0.143100 
17 	 0.143200 
21 	 0.143200 
27 	 0.143300 
47 	 0.143400 
29 	 0.143500 
5 	 0.143600 
8 	 0.143700 
16 	 0.143900 
11 	 0.144000 
32 	 0.144000 
33 	 0.144000 
2 	 0.144100 
3 	 0.144100 
10 	 0.144100 
35 	 0.144100 
38 	 0.144100 
41 	 0.144100 
43 	 0.144100 
45 	 0.144200 
28 	 0.144400 
27 	 0.144900 
19 	 0.145500 
46 	 0.145500 
15 	 0.145900 
24 	 0.146100 
32 	 0.146100 
33 	 0.146100 
42 	 0.146400 
43 	 0.146500 
8 	 0.146600 
5 	 0.146700 
16 	 0.146800 
31 	 0.147000 
36 	 0.147200 
23 	 0.147500 
27 	 0.147600 
29 	 0.147600 
24 	 0.148100 
28 	 0.148300 
32 	 0.148300 
46 	 0.148300 
15 	 0.148400 
43 	 0.148500 
3 	 0.148800 
19 	 0.148900 
16 	 0.149000 
0 	 0.149100 
2 	 0.149100 
4 	 0.149100 
8 	 0.149100 
12 	 0.149100 
14 	 0.149100 
27 	 0.149100 
29 	 0.149100 
30 	 0.149100 
38 	 0.149100 
45 	 0.149100 
47 	 0.149100 
33 	 0.149300 
42 	 0.149800 
23 	 0.149900 
1 	 0.150100 
6 	 0.150100 
9 	 0.150100 
10 	 0.150100 
18 	 0.150100 
22 	 0.150100 
24 	 0.150100 
25 	 0.150100 
28 	 0.150100 
32 	 0.150100 
37 	 0.150100 
39 	 0.150100 
40 	 0.150100 
41 	 0.150100 
5 	 0.150600 
31 	 0.150600 
3 	 0.151100 
4 	 0.151100 
12 	 0.151100 
19 	 0.151100 
29 	 0.151100 
36 	 0.151100 
43 	 0.151100 
48 	 0.151100 
16 	 0.151200 
45 	 0.151300 
46 	 0.151600 
0 	 0.152100 
8 	 0.152100 
9 	 0.152100 
13 	 0.152100 
20 	 0.152100 
25 	 0.152100 
27 	 0.152100 
30 	 0.152100 
31 	 0.152100 
38 	 0.152100 
33 	 0.152300 
35 	 0.152300 
42 	 0.152300 
47 	 0.152700 
18 	 0.152800 
37 	 0.152900 
4 	 0.153100 
14 	 0.153100 
22 	 0.153100 
24 	 0.153100 
26 	 0.153100 
34 	 0.153100 
48 	 0.153100 
43 	 0.153500 
21 	 0.153600 
5 	 0.153800 
39 	 0.153800 
0 	 0.154100 
8 	 0.154100 
12 	 0.154100 
13 	 0.154100 
16 	 0.154100 
20 	 0.154100 
23 	 0.154100 
30 	 0.154100 
31 	 0.154100 
36 	 0.154100 
37 	 0.154100 
40 	 0.154100 
32 	 0.154300 
7 	 0.155100 
14 	 0.155100 
26 	 0.155100 
27 	 0.155100 
35 	 0.155100 
45 	 0.155100 
46 	 0.155100 
48 	 0.155100 
15 	 0.155400 
42 	 0.155400 
28 	 0.155500 
47 	 0.155600 
8 	 0.156000 
3 	 0.156100 
12 	 0.156100 
18 	 0.156100 
20 	 0.156100 
25 	 0.156100 
33 	 0.156100 
37 	 0.156100 
39 	 0.156100 
43 	 0.156100 
44 	 0.156100 
16 	 0.156600 
46 	 0.156800 
13 	 0.156900 
32 	 0.157000 
0 	 0.157100 
1 	 0.157100 
6 	 0.157100 
7 	 0.157100 
9 	 0.157100 
26 	 0.157100 
28 	 0.157100 
31 	 0.157100 
42 	 0.157100 
41 	 0.157200 
45 	 0.157400 
36 	 0.157500 
27 	 0.157600 
5 	 0.158000 
15 	 0.158000 
19 	 0.158000 
12 	 0.158100 
13 	 0.158100 
20 	 0.158100 
23 	 0.158100 
38 	 0.158100 
44 	 0.158100 
46 	 0.158100 
33 	 0.158200 
47 	 0.158200 
3 	 0.158300 
16 	 0.158300 
48 	 0.158400 
35 	 0.158700 
18 	 0.158800 
28 	 0.158800 
0 	 0.159100 
7 	 0.159100 
10 	 0.159100 
14 	 0.159100 
25 	 0.159100 
27 	 0.159100 
30 	 0.159100 
36 	 0.159100 
37 	 0.159100 
41 	 0.159100 
29 	 0.159300 
45 	 0.159400 
21 	 0.159500 
32 	 0.159600 
8 	 0.159700 
42 	 0.159900 
15 	 0.160000 
1 	 0.160100 
2 	 0.160100 
5 	 0.160100 
6 	 0.160100 
11 	 0.160100 
12 	 0.160100 
13 	 0.160100 
17 	 0.160100 
18 	 0.160100 
19 	 0.160100 
20 	 0.160100 
22 	 0.160100 
23 	 0.160100 
34 	 0.160100 
39 	 0.160100 
48 	 0.160400 
43 	 0.160500 
27 	 0.160900 
3 	 0.161000 
16 	 0.161000 
4 	 0.161100 
14 	 0.161100 
25 	 0.161100 
30 	 0.161100 
38 	 0.161100 
40 	 0.161100 
46 	 0.161100 
36 	 0.161400 
29 	 0.161500 
33 	 0.161500 
35 	 0.161600 
42 	 0.161600 
28 	 0.161900 
31 	 0.161900 
5 	 0.162000 
22 	 0.162000 
7 	 0.162100 
8 	 0.162100 
9 	 0.162100 
11 	 0.162100 
18 	 0.162100 
32 	 0.162100 
47 	 0.162200 
48 	 0.162300 
45 	 0.162700 
27 	 0.162800 
4 	 0.162900 
16 	 0.162900 
10 	 0.163000 
0 	 0.163100 
2 	 0.163100 
3 	 0.163100 
6 	 0.163100 
13 	 0.163100 
14 	 0.163100 
19 	 0.163100 
36 	 0.163100 
41 	 0.163100 
43 	 0.163100 
24 	 0.163200 
33 	 0.163300 
42 	 0.163600 
32 	 0.163800 
46 	 0.163900 
31 	 0.164000 
4 	 0.164100 
7 	 0.164100 
11 	 0.164100 
18 	 0.164100 
20 	 0.164100 
25 	 0.164100 
26 	 0.164100 
30 	 0.164100 
34 	 0.164100 
35 	 0.164100 
48 	 0.164300 
21 	 0.164600 
12 	 0.164800 
19 	 0.164800 
23 	 0.164800 
27 	 0.164900 
0 	 0.165100 
13 	 0.165100 
37 	 0.165100 
45 	 0.165100 
24 	 0.165200 
47 	 0.165200 
42 	 0.165400 
10 	 0.165500 
28 	 0.165600 
43 	 0.165600 
32 	 0.165700 
15 	 0.165800 
3 	 0.165900 
35 	 0.165900 
4 	 0.166100 
7 	 0.166100 
8 	 0.166100 
20 	 0.166100 
23 	 0.166100 
27 	 0.166100 
36 	 0.166100 
41 	 0.166100 
48 	 0.166100 
16 	 0.166200 
19 	 0.166400 
5 	 0.166500 
12 	 0.166500 
46 	 0.166800 
21 	 0.167000 
0 	 0.167100 
1 	 0.167100 
14 	 0.167100 
39 	 0.167100 
43 	 0.167100 
44 	 0.167100 
47 	 0.167100 
49 	 0.167100 
29 	 0.167200 
33 	 0.167500 
24 	 0.167600 
28 	 0.167700 
27 	 0.167900 
32 	 0.168000 
4 	 0.168100 
6 	 0.168100 
10 	 0.168100 
11 	 0.168100 
12 	 0.168100 
19 	 0.168100 
22 	 0.168100 
30 	 0.168100 
35 	 0.168100 
36 	 0.168100 
42 	 0.168100 
48 	 0.168100 
16 	 0.168200 
18 	 0.168200 
9 	 0.168300 
46 	 0.168800 
45 	 0.168900 
0 	 0.169100 
1 	 0.169100 
13 	 0.169100 
17 	 0.169100 
20 	 0.169100 
21 	 0.169100 
24 	 0.169100 
26 	 0.169100 
28 	 0.169100 
29 	 0.169100 
37 	 0.169100 
38 	 0.169100 
31 	 0.169200 
15 	 0.169400 
5 	 0.169500 
27 	 0.169500 
43 	 0.169500 
32 	 0.169800 
3 	 0.169900 
8 	 0.169900 
23 	 0.169900 
47 	 0.169900 
49 	 0.169900 
16 	 0.170000 
7 	 0.170100 
22 	 0.170100 
25 	 0.170100 
44 	 0.170100 
48 	 0.170100 
19 	 0.170200 
4 	 0.170300 
10 	 0.170300 
42 	 0.170600 
33 	 0.171000 
2 	 0.171100 
9 	 0.171100 
14 	 0.171100 
18 	 0.171100 
26 	 0.171100 
28 	 0.171100 
35 	 0.171100 
37 	 0.171100 
46 	 0.171100 
39 	 0.171200 
15 	 0.171300 
17 	 0.171300 
45 	 0.171900 
5 	 0.172000 
32 	 0.172000 
0 	 0.172100 
3 	 0.172100 
4 	 0.172100 
7 	 0.172100 
8 	 0.172100 
16 	 0.172100 
21 	 0.172100 
24 	 0.172100 
27 	 0.172100 
36 	 0.172100 
23 	 0.172200 
43 	 0.172400 
9 	 0.173100 
10 	 0.173100 
12 	 0.173100 
18 	 0.173100 
19 	 0.173100 
30 	 0.173100 
35 	 0.173100 
39 	 0.173100 
11 	 0.173200 
48 	 0.173300 
29 	 0.173400 
16 	 0.173800 
28 	 0.173800 
2 	 0.173900 
8 	 0.173900 
14 	 0.174000 
32 	 0.174000 
1 	 0.174100 
3 	 0.174100 
4 	 0.174100 
7 	 0.174100 
13 	 0.174100 
17 	 0.174100 
22 	 0.174100 
26 	 0.174100 
34 	 0.174100 
37 	 0.174100 
43 	 0.174100 
44 	 0.174100 
45 	 0.174100 
49 	 0.174100 
21 	 0.174200 
23 	 0.174500 
24 	 0.174500 
33 	 0.174500 
29 	 0.174800 
46 	 0.174800 
35 	 0.174900 
15 	 0.175000 
31 	 0.175000 
16 	 0.175100 
48 	 0.175200 
5 	 0.175300 
42 	 0.175300 
18 	 0.175500 
27 	 0.175600 
19 	 0.175700 
21 	 0.175700 
32 	 0.175700 
11 	 0.176100 
12 	 0.176100 
14 	 0.176100 
47 	 0.176100 
3 	 0.176200 
1 	 0.176300 
4 	 0.176300 
36 	 0.176400 
16 	 0.176900 
28 	 0.176900 
46 	 0.176900 
15 	 0.177000 
32 	 0.177400 
8 	 0.177500 
19 	 0.177600 
42 	 0.177600 
29 	 0.177800 
14 	 0.177900 
18 	 0.177900 
45 	 0.178100 
43 	 0.178300 
33 	 0.178700 
35 	 0.178800 
27 	 0.179000 
23 	 0.179400 
48 	 0.179400 
32 	 0.179600 
36 	 0.179700 
46 	 0.179800 
16 	 0.180000 
17 	 0.180000 
29 	 0.180000 
31 	 0.180000 
39 	 0.180000 
9 	 0.180500 
42 	 0.180600 
5 	 0.180800 
12 	 0.181100 
8 	 0.181300 
27 	 0.181400 
21 	 0.181600 
37 	 0.181700 
48 	 0.181800 
23 	 0.181900 
45 	 0.181900 
32 	 0.182000 
0 	 0.182100 
11 	 0.182100 
20 	 0.182100 
24 	 0.182100 
30 	 0.182100 
34 	 0.182100 
38 	 0.182100 
40 	 0.182100 
46 	 0.182100 
47 	 0.182100 
3 	 0.182300 
28 	 0.182600 
39 	 0.182900 
31 	 0.183000 
35 	 0.183000 
1 	 0.183100 
4 	 0.183100 
9 	 0.183100 
14 	 0.183100 
27 	 0.183100 
41 	 0.183100 
16 	 0.183200 
19 	 0.183200 
21 	 0.183200 
33 	 0.183200 
18 	 0.183300 
42 	 0.183300 
15 	 0.183400 
43 	 0.183900 
0 	 0.184100 
6 	 0.184100 
10 	 0.184100 
13 	 0.184100 
20 	 0.184100 
24 	 0.184100 
30 	 0.184100 
44 	 0.184100 
46 	 0.184100 
48 	 0.184100 
29 	 0.184400 
34 	 0.184900 
36 	 0.184900 
2 	 0.185100 
7 	 0.185100 
8 	 0.185100 
14 	 0.185100 
15 	 0.185100 
19 	 0.185100 
32 	 0.185100 
33 	 0.185100 
38 	 0.185100 
41 	 0.185100 
42 	 0.185100 
16 	 0.185300 
21 	 0.185500 
18 	 0.185700 
45 	 0.185700 
12 	 0.186100 
17 	 0.186100 
22 	 0.186100 
27 	 0.186100 
28 	 0.186100 
31 	 0.186100 
35 	 0.186100 
40 	 0.186100 
43 	 0.186100 
29 	 0.186300 
5 	 0.186800 
47 	 0.186800 
32 	 0.187000 
1 	 0.187100 
3 	 0.187100 
6 	 0.187100 
11 	 0.187100 
14 	 0.187100 
30 	 0.187100 
41 	 0.187100 
45 	 0.187500 
21 	 0.187900 
42 	 0.187900 
4 	 0.188100 
7 	 0.188100 
9 	 0.188100 
12 	 0.188100 
15 	 0.188100 
16 	 0.188100 
17 	 0.188100 
19 	 0.188100 
20 	 0.188100 
34 	 0.188100 
39 	 0.188100 
47 	 0.188100 
48 	 0.188300 
28 	 0.188700 
32 	 0.189000 
33 	 0.189000 
0 	 0.189100 
1 	 0.189100 
10 	 0.189100 
14 	 0.189100 
25 	 0.189100 
31 	 0.189100 
45 	 0.189100 
37 	 0.189500 
3 	 0.189600 
22 	 0.189700 
43 	 0.189700 
7 	 0.190100 
8 	 0.190100 
18 	 0.190100 
20 	 0.190100 
24 	 0.190100 
34 	 0.190100 
36 	 0.190100 
41 	 0.190100 
44 	 0.190100 
46 	 0.190100 
47 	 0.190300 
35 	 0.190400 
5 	 0.190600 
4 	 0.190700 
32 	 0.190800 
15 	 0.190900 
0 	 0.191100 
16 	 0.191100 
23 	 0.191100 
29 	 0.191100 
42 	 0.191100 
19 	 0.191300 
27 	 0.191500 
43 	 0.191900 
33 	 0.192000 
3 	 0.192100 
4 	 0.192100 
8 	 0.192100 
11 	 0.192100 
14 	 0.192100 
17 	 0.192100 
21 	 0.192100 
24 	 0.192100 
34 	 0.192100 
38 	 0.192100 
46 	 0.192300 
31 	 0.192600 
48 	 0.192700 
18 	 0.193100 
26 	 0.193100 
36 	 0.193400 
42 	 0.193500 
45 	 0.193600 
15 	 0.193700 
23 	 0.193900 
3 	 0.194100 
4 	 0.194100 
6 	 0.194100 
12 	 0.194100 
13 	 0.194100 
14 	 0.194100 
29 	 0.194100 
32 	 0.194100 
34 	 0.194100 
38 	 0.194100 
28 	 0.194400 
16 	 0.194500 
48 	 0.194900 
5 	 0.195000 
43 	 0.195000 
19 	 0.195100 
23 	 0.195100 
24 	 0.195100 
25 	 0.195100 
26 	 0.195100 
30 	 0.195100 
35 	 0.195100 
37 	 0.195100 
8 	 0.195500 
31 	 0.195600 
33 	 0.195600 
3 	 0.196100 
4 	 0.196100 
7 	 0.196100 
10 	 0.196100 
12 	 0.196100 
15 	 0.196100 
18 	 0.196100 
32 	 0.196100 
36 	 0.196100 
41 	 0.196100 
42 	 0.196100 
47 	 0.196100 
48 	 0.196100 
45 	 0.196400 
26 	 0.196900 
0 	 0.197100 
5 	 0.197100 
14 	 0.197100 
20 	 0.197100 
30 	 0.197100 
34 	 0.197100 
39 	 0.197100 
9 	 0.197200 
27 	 0.197200 
16 	 0.197300 
35 	 0.197300 
46 	 0.197500 
31 	 0.197600 
43 	 0.197900 
21 	 0.198000 
1 	 0.198100 
12 	 0.198100 
13 	 0.198100 
17 	 0.198100 
33 	 0.198100 
41 	 0.198100 
47 	 0.198100 
32 	 0.198200 
23 	 0.198700 
8 	 0.198800 
29 	 0.198800 
42 	 0.198800 
15 	 0.199000 
24 	 0.199000 
6 	 0.199100 
7 	 0.199100 
16 	 0.199100 
25 	 0.199100 
28 	 0.199100 
30 	 0.199100 
35 	 0.199100 
37 	 0.199100 
38 	 0.199100 
48 	 0.199100 
18 	 0.199500 
27 	 0.199500 
21 	 0.199600 
45 	 0.199600 
46 	 0.199800 
41 	 0.199900 
1 	 0.200100 
2 	 0.200100 
3 	 0.200100 
4 	 0.200100 
10 	 0.200100 
14 	 0.200100 
31 	 0.200100 
33 	 0.200100 
42 	 0.200100 
43 	 0.200100 
32 	 0.200300 
5 	 0.200400 
39 	 0.200500 
29 	 0.200700 
34 	 0.201000 
0 	 0.201100 
6 	 0.201100 
8 	 0.201100 
9 	 0.201100 
19 	 0.201100 
35 	 0.201100 
38 	 0.201100 
36 	 0.201200 
28 	 0.201400 
16 	 0.201700 
12 	 0.201800 
45 	 0.201900 
15 	 0.202000 
27 	 0.202000 
32 	 0.202000 
42 	 0.202000 
1 	 0.202100 
3 	 0.202100 
4 	 0.202100 
14 	 0.202100 
18 	 0.202100 
23 	 0.202100 
43 	 0.202100 
46 	 0.202100 
48 	 0.202100 
33 	 0.202200 
35 	 0.202900 
5 	 0.203000 
7 	 0.203100 
9 	 0.203100 
10 	 0.203100 
25 	 0.203100 
34 	 0.203100 
38 	 0.203100 
37 	 0.203200 
39 	 0.203300 
16 	 0.203400 
21 	 0.203700 
3 	 0.203800 
45 	 0.203900 
42 	 0.204000 
4 	 0.204100 
11 	 0.204100 
13 	 0.204100 
14 	 0.204100 
15 	 0.204100 
18 	 0.204100 
19 	 0.204100 
24 	 0.204100 
27 	 0.204100 
29 	 0.204100 
32 	 0.204100 
36 	 0.204100 
40 	 0.204100 
41 	 0.204100 
49 	 0.204100 
17 	 0.204200 
28 	 0.204300 
33 	 0.204300 
46 	 0.204400 
2 	 0.204500 
43 	 0.204600 
8 	 0.204700 
3 	 0.205100 
9 	 0.205100 
12 	 0.205100 
22 	 0.205100 
23 	 0.205100 
26 	 0.205100 
30 	 0.205100 
48 	 0.205100 
35 	 0.205300 
45 	 0.205500 
42 	 0.205600 
21 	 0.205800 
5 	 0.205900 
27 	 0.205900 
1 	 0.206100 
6 	 0.206100 
15 	 0.206100 
19 	 0.206100 
20 	 0.206100 
29 	 0.206100 
33 	 0.206100 
34 	 0.206100 
36 	 0.206100 
41 	 0.206100 
44 	 0.206100 
4 	 0.206300 
11 	 0.206400 
16 	 0.206400 
32 	 0.206500 
37 	 0.206600 
3 	 0.206700 
8 	 0.206700 
28 	 0.206700 
47 	 0.206700 
18 	 0.206900 
43 	 0.206900 
7 	 0.207100 
12 	 0.207100 
13 	 0.207100 
14 	 0.207100 
23 	 0.207100 
40 	 0.207100 
24 	 0.207600 
48 	 0.207700 
34 	 0.207900 
45 	 0.207900 
41 	 0.208000 
4 	 0.208100 
5 	 0.208100 
6 	 0.208100 
18 	 0.208100 
19 	 0.208100 
22 	 0.208100 
25 	 0.208100 
30 	 0.208100 
33 	 0.208100 
37 	 0.208100 
38 	 0.208100 
42 	 0.208100 
27 	 0.208500 
43 	 0.208500 
46 	 0.208600 
8 	 0.208700 
21 	 0.208800 
28 	 0.208800 
14 	 0.208900 
32 	 0.209200 
47 	 0.209200 
16 	 0.209400 
29 	 0.209600 
33 	 0.209600 
24 	 0.209700 
23 	 0.209800 
41 	 0.210000 
12 	 0.210400 
31 	 0.210400 
34 	 0.210500 
45 	 0.210500 
11 	 0.210600 
42 	 0.210600 
15 	 0.210800 
36 	 0.210900 
27 	 0.211200 
16 	 0.211300 
32 	 0.211300 
4 	 0.211500 
8 	 0.211500 
43 	 0.211500 
3 	 0.211700 
19 	 0.211800 
5 	 0.212100 
46 	 0.212200 
24 	 0.212300 
42 	 0.212500 
34 	 0.212700 
11 	 0.213000 
37 	 0.213100 
16 	 0.213400 
23 	 0.213600 
27 	 0.213600 
32 	 0.213600 
21 	 0.213900 
19 	 0.214000 
43 	 0.214000 
48 	 0.214300 
31 	 0.214600 
36 	 0.214600 
3 	 0.214700 
24 	 0.214900 
33 	 0.215000 
1 	 0.215100 
5 	 0.215100 
6 	 0.215100 
8 	 0.215100 
14 	 0.215100 
21 	 0.215100 
23 	 0.215100 
26 	 0.215100 
32 	 0.215100 
35 	 0.215100 
39 	 0.215100 
49 	 0.215100 
29 	 0.215300 
42 	 0.215500 
28 	 0.215600 
45 	 0.215800 
2 	 0.216100 
7 	 0.216100 
18 	 0.216100 
19 	 0.216100 
22 	 0.216100 
30 	 0.216100 
34 	 0.216100 
37 	 0.216100 
43 	 0.216100 
44 	 0.216100 
4 	 0.216300 
16 	 0.216300 
6 	 0.217100 
8 	 0.217100 
11 	 0.217100 
13 	 0.217100 
15 	 0.217100 
20 	 0.217100 
25 	 0.217100 
27 	 0.217100 
28 	 0.217100 
29 	 0.217100 
32 	 0.217100 
35 	 0.217100 
38 	 0.217100 
39 	 0.217100 
47 	 0.217100 
48 	 0.217100 
42 	 0.217300 
46 	 0.217300 
24 	 0.217600 
14 	 0.218000 
3 	 0.218100 
21 	 0.218100 
31 	 0.218100 
44 	 0.218100 
45 	 0.218300 
1 	 0.218400 
16 	 0.218600 
37 	 0.218600 
5 	 0.218700 
32 	 0.218900 
43 	 0.219000 
0 	 0.219100 
2 	 0.219100 
4 	 0.219100 
6 	 0.219100 
10 	 0.219100 
12 	 0.219100 
13 	 0.219100 
18 	 0.219100 
22 	 0.219100 
24 	 0.219100 
39 	 0.219100 
41 	 0.219100 
49 	 0.219100 
36 	 0.219400 
27 	 0.219500 
34 	 0.219500 
29 	 0.219700 
33 	 0.219700 
1 	 0.220100 
8 	 0.220100 
15 	 0.220100 
19 	 0.220100 
20 	 0.220100 
21 	 0.220100 
26 	 0.220100 
38 	 0.220100 
42 	 0.220200 
28 	 0.220500 
37 	 0.220600 
35 	 0.220700 
7 	 0.220800 
16 	 0.221000 
46 	 0.221000 
2 	 0.221100 
3 	 0.221100 
12 	 0.221100 
13 	 0.221100 
24 	 0.221100 
25 	 0.221100 
43 	 0.221100 
44 	 0.221100 
47 	 0.221100 
48 	 0.221300 
23 	 0.221700 
22 	 0.222000 
5 	 0.222100 
9 	 0.222100 
11 	 0.222100 
18 	 0.222100 
19 	 0.222100 
26 	 0.222100 
34 	 0.222100 
36 	 0.222100 
42 	 0.222100 
10 	 0.222200 
32 	 0.222200 
41 	 0.222300 
37 	 0.222400 
27 	 0.222600 
15 	 0.222700 
3 	 0.222900 
35 	 0.223000 
0 	 0.223100 
12 	 0.223100 
16 	 0.223100 
46 	 0.223100 
45 	 0.223300 
48 	 0.223300 
42 	 0.223700 
43 	 0.223700 
47 	 0.223700 
29 	 0.223800 
9 	 0.223900 
33 	 0.223900 
14 	 0.224100 
18 	 0.224100 
31 	 0.224100 
32 	 0.224100 
38 	 0.224100 
39 	 0.224200 
8 	 0.224500 
28 	 0.224800 
15 	 0.225000 
24 	 0.225000 
0 	 0.225100 
4 	 0.225100 
5 	 0.225100 
9 	 0.225100 
17 	 0.225100 
22 	 0.225100 
25 	 0.225100 
27 	 0.225100 
30 	 0.225100 
34 	 0.225100 
40 	 0.225100 
41 	 0.225100 
48 	 0.225100 
35 	 0.225400 
16 	 0.225500 
47 	 0.225700 
42 	 0.225800 
6 	 0.226100 
7 	 0.226100 
8 	 0.226100 
11 	 0.226100 
12 	 0.226100 
13 	 0.226100 
26 	 0.226100 
31 	 0.226100 
36 	 0.226100 
37 	 0.226100 
39 	 0.226100 
21 	 0.226300 
33 	 0.226400 
27 	 0.226800 
34 	 0.226800 
23 	 0.226900 
29 	 0.226900 
32 	 0.226900 
5 	 0.227000 
18 	 0.227000 
19 	 0.227100 
24 	 0.227100 
28 	 0.227100 
45 	 0.227100 
46 	 0.227100 
3 	 0.228000 
2 	 0.228100 
7 	 0.228100 
11 	 0.228100 
13 	 0.228100 
14 	 0.228100 
25 	 0.228100 
26 	 0.228100 
29 	 0.228100 
32 	 0.228100 
33 	 0.228100 
35 	 0.228100 
42 	 0.228100 
39 	 0.228200 
43 	 0.228400 
8 	 0.228700 
1 	 0.229100 
16 	 0.229100 
17 	 0.229100 
18 	 0.229100 
20 	 0.229100 
23 	 0.229100 
27 	 0.229100 
34 	 0.229100 
36 	 0.229100 
38 	 0.229100 
46 	 0.229100 
48 	 0.229100 
49 	 0.229100 
19 	 0.229200 
10 	 0.229300 
42 	 0.229900 
21 	 0.230000 
32 	 0.230000 
35 	 0.230000 
4 	 0.230100 
6 	 0.230100 
11 	 0.230100 
22 	 0.230100 
24 	 0.230100 
26 	 0.230100 
28 	 0.230100 
29 	 0.230100 
9 	 0.230500 
34 	 0.230500 
37 	 0.230500 
15 	 0.230700 
5 	 0.231000 
0 	 0.231100 
7 	 0.231100 
20 	 0.231100 
33 	 0.231100 
36 	 0.231100 
41 	 0.231100 
43 	 0.231100 
27 	 0.231200 
16 	 0.231300 
45 	 0.231400 
47 	 0.231400 
46 	 0.231800 
3 	 0.231900 
24 	 0.232000 
2 	 0.232100 
8 	 0.232100 
9 	 0.232100 
11 	 0.232100 
17 	 0.232100 
21 	 0.232100 
25 	 0.232100 
28 	 0.232100 
35 	 0.232100 
37 	 0.232100 
39 	 0.232100 
18 	 0.232700 
32 	 0.232800 
34 	 0.232900 
42 	 0.232900 
15 	 0.233000 
3 	 0.233100 
4 	 0.233100 
7 	 0.233100 
12 	 0.233100 
19 	 0.233100 
23 	 0.233100 
27 	 0.233100 
29 	 0.233100 
33 	 0.233100 
36 	 0.233200 
48 	 0.233300 
16 	 0.233500 
43 	 0.233500 
5 	 0.233600 
11 	 0.233800 
46 	 0.233800 
6 	 0.234100 
10 	 0.234100 
14 	 0.234100 
20 	 0.234100 
24 	 0.234100 
25 	 0.234100 
42 	 0.234100 
45 	 0.234100 
28 	 0.234300 
31 	 0.234600 
32 	 0.234600 
37 	 0.234800 
4 	 0.234900 
21 	 0.235000 
1 	 0.235100 
7 	 0.235100 
12 	 0.235100 
17 	 0.235100 
26 	 0.235100 
35 	 0.235100 
40 	 0.235100 
41 	 0.235100 
46 	 0.235100 
49 	 0.235100 
15 	 0.235300 
27 	 0.235500 
47 	 0.235800 
16 	 0.235900 
14 	 0.236000 
6 	 0.236100 
13 	 0.236100 
23 	 0.236100 
39 	 0.236100 
42 	 0.236100 
48 	 0.236100 
19 	 0.236200 
10 	 0.236300 
24 	 0.236300 
29 	 0.236400 
32 	 0.236400 
43 	 0.236500 
8 	 0.236700 
18 	 0.236700 
21 	 0.236700 
28 	 0.236700 
33 	 0.236700 
3 	 0.237000 
0 	 0.237100 
12 	 0.237100 
15 	 0.237100 
35 	 0.237100 
36 	 0.237100 
37 	 0.237100 
40 	 0.237100 
41 	 0.237100 
45 	 0.237100 
5 	 0.237600 
4 	 0.237700 
34 	 0.237800 
23 	 0.237900 
27 	 0.237900 
16 	 0.238000 
7 	 0.238100 
8 	 0.238100 
10 	 0.238100 
13 	 0.238100 
19 	 0.238100 
20 	 0.238100 
21 	 0.238100 
24 	 0.238100 
31 	 0.238100 
38 	 0.238100 
43 	 0.238100 
47 	 0.238100 
48 	 0.238100 
49 	 0.238100 
3 	 0.238500 
42 	 0.238600 
33 	 0.238700 
18 	 0.238900 
32 	 0.239000 
0 	 0.239100 
41 	 0.239100 
11 	 0.239200 
48 	 0.239500 
23 	 0.239700 
28 	 0.239700 
21 	 0.240000 
29 	 0.240100 
19 	 0.240200 
24 	 0.240200 
46 	 0.240200 
27 	 0.240300 
33 	 0.240400 
15 	 0.240600 
42 	 0.240600 
43 	 0.240600 
45 	 0.240800 
16 	 0.241000 
32 	 0.241000 
5 	 0.241600 
11 	 0.241600 
27 	 0.241900 
46 	 0.242100 
36 	 0.242200 
8 	 0.242500 
48 	 0.242700 
32 	 0.242800 
42 	 0.242800 
33 	 0.242900 
16 	 0.243000 
43 	 0.243000 
45 	 0.243900 
29 	 0.244400 
46 	 0.244500 
31 	 0.244600 
16 	 0.244800 
5 	 0.245200 
42 	 0.245400 
43 	 0.245700 
29 	 0.246700 
32 	 0.246800 
23 	 0.246900 
31 	 0.247200 
28 	 0.247600 
0 	 0.248100 
2 	 0.248100 
6 	 0.248100 
9 	 0.248100 
12 	 0.248100 
14 	 0.248100 
16 	 0.248100 
17 	 0.248100 
20 	 0.248100 
24 	 0.248100 
25 	 0.248100 
34 	 0.248100 
41 	 0.248100 
43 	 0.248100 
46 	 0.248100 
5 	 0.248300 
26 	 0.249100 
27 	 0.249100 
28 	 0.249100 
29 	 0.249100 
32 	 0.249100 
35 	 0.249100 
38 	 0.249100 
42 	 0.249100 
44 	 0.249100 
48 	 0.249100 
-2 	 -2 
