1 	 0.001100 
4 	 0.001100 
5 	 0.001100 
7 	 0.001100 
9 	 0.001100 
11 	 0.001100 
14 	 0.001100 
15 	 0.001100 
19 	 0.001100 
27 	 0.001100 
30 	 0.001100 
37 	 0.001100 
38 	 0.001100 
39 	 0.001100 
40 	 0.001100 
42 	 0.001100 
43 	 0.001100 
45 	 0.001100 
49 	 0.001100 
3 	 0.002100 
6 	 0.002100 
10 	 0.002100 
12 	 0.002100 
21 	 0.002100 
23 	 0.002100 
24 	 0.002100 
28 	 0.002100 
29 	 0.002100 
31 	 0.002100 
33 	 0.002100 
41 	 0.002100 
44 	 0.002100 
46 	 0.002100 
47 	 0.002100 
0 	 0.003100 
1 	 0.003100 
4 	 0.003100 
5 	 0.003100 
7 	 0.003100 
15 	 0.003100 
20 	 0.003100 
27 	 0.003100 
30 	 0.003100 
35 	 0.003100 
43 	 0.003100 
45 	 0.003100 
48 	 0.003100 
8 	 0.004100 
9 	 0.004100 
11 	 0.004100 
12 	 0.004100 
17 	 0.004100 
21 	 0.004100 
22 	 0.004100 
23 	 0.004100 
26 	 0.004100 
32 	 0.004100 
36 	 0.004100 
38 	 0.004100 
39 	 0.004100 
42 	 0.004100 
49 	 0.004100 
16 	 0.004800 
2 	 0.005100 
4 	 0.005100 
7 	 0.005100 
13 	 0.005100 
20 	 0.005100 
24 	 0.005100 
25 	 0.005100 
27 	 0.005100 
31 	 0.005100 
33 	 0.005100 
34 	 0.005100 
37 	 0.005100 
41 	 0.005100 
46 	 0.005100 
48 	 0.005100 
28 	 0.005900 
8 	 0.006100 
9 	 0.006100 
10 	 0.006100 
11 	 0.006100 
12 	 0.006100 
21 	 0.006100 
23 	 0.006100 
26 	 0.006100 
29 	 0.006100 
32 	 0.006100 
38 	 0.006100 
43 	 0.006100 
45 	 0.006100 
3 	 0.006200 
47 	 0.006200 
2 	 0.007100 
4 	 0.007100 
5 	 0.007100 
6 	 0.007100 
7 	 0.007100 
14 	 0.007100 
15 	 0.007100 
17 	 0.007100 
19 	 0.007100 
20 	 0.007100 
24 	 0.007100 
27 	 0.007100 
28 	 0.007100 
30 	 0.007100 
34 	 0.007100 
37 	 0.007100 
39 	 0.007100 
41 	 0.007100 
46 	 0.007100 
49 	 0.007100 
33 	 0.007200 
44 	 0.007300 
13 	 0.007400 
16 	 0.007700 
0 	 0.008100 
1 	 0.008100 
10 	 0.008100 
12 	 0.008100 
22 	 0.008100 
23 	 0.008100 
35 	 0.008100 
38 	 0.008100 
40 	 0.008100 
42 	 0.008100 
43 	 0.008100 
47 	 0.008100 
48 	 0.008100 
8 	 0.008500 
7 	 0.008900 
2 	 0.009100 
6 	 0.009100 
9 	 0.009100 
11 	 0.009100 
17 	 0.009100 
19 	 0.009100 
20 	 0.009100 
21 	 0.009100 
28 	 0.009100 
29 	 0.009100 
30 	 0.009100 
31 	 0.009100 
33 	 0.009100 
34 	 0.009100 
37 	 0.009100 
39 	 0.009100 
44 	 0.009100 
45 	 0.009100 
46 	 0.009100 
49 	 0.009100 
3 	 0.009200 
15 	 0.009700 
24 	 0.009800 
4 	 0.010100 
7 	 0.010100 
12 	 0.010100 
23 	 0.010100 
32 	 0.010100 
48 	 0.010100 
36 	 0.010900 
49 	 0.011000 
19 	 0.011100 
44 	 0.011100 
16 	 0.011400 
0 	 0.011500 
10 	 0.011700 
21 	 0.011800 
39 	 0.011800 
5 	 0.012100 
6 	 0.012100 
7 	 0.012100 
11 	 0.012100 
12 	 0.012100 
14 	 0.012100 
15 	 0.012100 
18 	 0.012100 
20 	 0.012100 
23 	 0.012100 
24 	 0.012100 
28 	 0.012100 
30 	 0.012100 
31 	 0.012100 
33 	 0.012100 
35 	 0.012100 
40 	 0.012100 
41 	 0.012100 
42 	 0.012100 
46 	 0.012100 
47 	 0.012100 
48 	 0.012100 
4 	 0.012200 
17 	 0.012700 
1 	 0.013100 
9 	 0.013100 
10 	 0.013100 
21 	 0.013100 
25 	 0.013100 
26 	 0.013100 
27 	 0.013100 
34 	 0.013100 
39 	 0.013100 
45 	 0.013100 
49 	 0.013100 
3 	 0.013900 
7 	 0.014000 
2 	 0.014100 
5 	 0.014100 
8 	 0.014100 
11 	 0.014100 
19 	 0.014100 
20 	 0.014100 
22 	 0.014100 
23 	 0.014100 
24 	 0.014100 
28 	 0.014100 
29 	 0.014100 
30 	 0.014100 
31 	 0.014100 
32 	 0.014100 
33 	 0.014100 
35 	 0.014100 
36 	 0.014100 
37 	 0.014100 
38 	 0.014100 
41 	 0.014100 
43 	 0.014100 
46 	 0.014100 
48 	 0.014100 
44 	 0.014400 
42 	 0.014500 
21 	 0.015500 
12 	 0.015600 
46 	 0.015800 
0 	 0.015900 
15 	 0.016000 
1 	 0.016100 
8 	 0.016100 
11 	 0.016100 
13 	 0.016100 
14 	 0.016100 
17 	 0.016100 
20 	 0.016100 
26 	 0.016100 
27 	 0.016100 
30 	 0.016100 
31 	 0.016100 
34 	 0.016100 
35 	 0.016100 
38 	 0.016100 
39 	 0.016100 
41 	 0.016100 
42 	 0.016100 
43 	 0.016100 
49 	 0.016100 
7 	 0.016300 
23 	 0.016600 
24 	 0.017000 
36 	 0.017000 
3 	 0.017100 
4 	 0.017100 
5 	 0.017100 
6 	 0.017100 
9 	 0.017100 
10 	 0.017100 
12 	 0.017100 
16 	 0.017100 
19 	 0.017100 
21 	 0.017100 
33 	 0.017100 
46 	 0.017100 
22 	 0.017200 
25 	 0.017300 
44 	 0.017400 
47 	 0.017400 
18 	 0.017600 
17 	 0.017900 
28 	 0.017900 
13 	 0.018100 
15 	 0.018100 
20 	 0.018100 
31 	 0.018100 
34 	 0.018100 
37 	 0.018100 
38 	 0.018100 
39 	 0.018100 
43 	 0.018100 
48 	 0.018100 
0 	 0.018500 
35 	 0.018900 
1 	 0.019100 
2 	 0.019100 
4 	 0.019100 
6 	 0.019100 
9 	 0.019100 
10 	 0.019100 
12 	 0.019100 
14 	 0.019100 
19 	 0.019100 
24 	 0.019100 
26 	 0.019100 
27 	 0.019100 
28 	 0.019100 
30 	 0.019100 
36 	 0.019100 
40 	 0.019100 
41 	 0.019100 
44 	 0.019100 
23 	 0.019300 
21 	 0.019500 
7 	 0.019600 
33 	 0.019700 
0 	 0.020100 
8 	 0.020100 
11 	 0.020100 
16 	 0.020100 
17 	 0.020100 
20 	 0.020100 
22 	 0.020100 
31 	 0.020100 
34 	 0.020100 
37 	 0.020100 
42 	 0.020100 
43 	 0.020100 
45 	 0.020100 
48 	 0.020100 
29 	 0.020500 
3 	 0.020600 
18 	 0.020900 
24 	 0.020900 
44 	 0.020900 
47 	 0.020900 
1 	 0.021100 
2 	 0.021100 
5 	 0.021100 
6 	 0.021100 
7 	 0.021100 
9 	 0.021100 
10 	 0.021100 
12 	 0.021100 
15 	 0.021100 
19 	 0.021100 
23 	 0.021100 
27 	 0.021100 
28 	 0.021100 
33 	 0.021100 
35 	 0.021100 
38 	 0.021100 
39 	 0.021100 
46 	 0.021200 
36 	 0.021800 
0 	 0.021900 
23 	 0.022600 
11 	 0.022800 
18 	 0.022800 
3 	 0.022900 
44 	 0.022900 
47 	 0.022900 
1 	 0.023100 
5 	 0.023100 
7 	 0.023100 
9 	 0.023100 
10 	 0.023100 
15 	 0.023100 
21 	 0.023100 
22 	 0.023100 
24 	 0.023100 
25 	 0.023100 
26 	 0.023100 
27 	 0.023100 
34 	 0.023100 
35 	 0.023100 
37 	 0.023100 
39 	 0.023100 
41 	 0.023100 
42 	 0.023100 
45 	 0.023100 
49 	 0.023100 
33 	 0.023300 
29 	 0.023700 
43 	 0.023700 
2 	 0.024100 
4 	 0.024100 
6 	 0.024100 
12 	 0.024100 
13 	 0.024100 
19 	 0.024100 
20 	 0.024100 
23 	 0.024100 
36 	 0.024100 
47 	 0.024100 
48 	 0.024100 
44 	 0.024500 
18 	 0.024700 
0 	 0.025100 
1 	 0.025100 
5 	 0.025100 
11 	 0.025100 
14 	 0.025100 
15 	 0.025100 
16 	 0.025100 
17 	 0.025100 
24 	 0.025100 
25 	 0.025100 
27 	 0.025100 
32 	 0.025100 
33 	 0.025100 
34 	 0.025100 
35 	 0.025100 
37 	 0.025100 
39 	 0.025100 
41 	 0.025100 
42 	 0.025100 
43 	 0.025100 
45 	 0.025100 
49 	 0.025100 
31 	 0.025400 
3 	 0.025500 
21 	 0.025900 
7 	 0.026000 
28 	 0.026000 
4 	 0.026100 
8 	 0.026100 
10 	 0.026100 
13 	 0.026100 
22 	 0.026100 
23 	 0.026100 
36 	 0.026100 
38 	 0.026100 
40 	 0.026100 
48 	 0.026100 
44 	 0.026200 
6 	 0.026400 
46 	 0.026400 
16 	 0.026900 
1 	 0.027100 
3 	 0.027100 
9 	 0.027100 
11 	 0.027100 
15 	 0.027100 
18 	 0.027100 
20 	 0.027100 
21 	 0.027100 
24 	 0.027100 
25 	 0.027100 
26 	 0.027100 
29 	 0.027100 
31 	 0.027100 
33 	 0.027100 
41 	 0.027100 
42 	 0.027100 
45 	 0.027100 
47 	 0.027100 
49 	 0.027100 
17 	 0.027200 
43 	 0.027300 
0 	 0.028100 
4 	 0.028100 
5 	 0.028100 
6 	 0.028100 
8 	 0.028100 
10 	 0.028100 
12 	 0.028100 
19 	 0.028100 
32 	 0.028100 
34 	 0.028100 
37 	 0.028100 
38 	 0.028100 
39 	 0.028100 
36 	 0.028200 
28 	 0.028400 
7 	 0.028500 
23 	 0.028800 
44 	 0.029000 
3 	 0.029100 
9 	 0.029100 
11 	 0.029100 
13 	 0.029100 
16 	 0.029100 
17 	 0.029100 
21 	 0.029100 
24 	 0.029100 
25 	 0.029100 
27 	 0.029100 
31 	 0.029100 
35 	 0.029100 
41 	 0.029100 
43 	 0.029100 
45 	 0.029100 
47 	 0.029100 
49 	 0.029100 
15 	 0.029200 
48 	 0.029300 
29 	 0.029500 
33 	 0.029700 
7 	 0.030500 
44 	 0.030600 
10 	 0.030700 
23 	 0.030800 
24 	 0.030800 
1 	 0.031100 
3 	 0.031100 
4 	 0.031100 
5 	 0.031100 
6 	 0.031100 
8 	 0.031100 
12 	 0.031100 
13 	 0.031100 
15 	 0.031100 
17 	 0.031100 
25 	 0.031100 
28 	 0.031100 
30 	 0.031100 
33 	 0.031100 
35 	 0.031100 
36 	 0.031100 
37 	 0.031100 
39 	 0.031100 
40 	 0.031100 
41 	 0.031100 
47 	 0.031100 
49 	 0.031100 
38 	 0.031200 
0 	 0.031300 
21 	 0.031300 
31 	 0.031500 
32 	 0.031900 
2 	 0.032100 
7 	 0.032100 
10 	 0.032100 
11 	 0.032100 
22 	 0.032100 
24 	 0.032100 
27 	 0.032100 
34 	 0.032100 
42 	 0.032100 
45 	 0.032100 
48 	 0.032100 
33 	 0.032300 
23 	 0.032500 
16 	 0.032600 
43 	 0.032800 
9 	 0.033000 
3 	 0.033100 
4 	 0.033100 
5 	 0.033100 
12 	 0.033100 
14 	 0.033100 
18 	 0.033100 
21 	 0.033100 
30 	 0.033100 
32 	 0.033100 
37 	 0.033100 
38 	 0.033100 
39 	 0.033100 
41 	 0.033100 
44 	 0.033100 
49 	 0.033100 
6 	 0.033800 
0 	 0.034100 
1 	 0.034100 
15 	 0.034100 
20 	 0.034100 
23 	 0.034100 
24 	 0.034100 
27 	 0.034100 
28 	 0.034100 
31 	 0.034100 
33 	 0.034100 
36 	 0.034100 
42 	 0.034100 
43 	 0.034100 
7 	 0.034500 
4 	 0.035100 
5 	 0.035100 
10 	 0.035100 
12 	 0.035100 
13 	 0.035100 
16 	 0.035100 
18 	 0.035100 
21 	 0.035100 
35 	 0.035100 
38 	 0.035100 
41 	 0.035100 
44 	 0.035100 
46 	 0.035100 
47 	 0.035100 
49 	 0.035100 
11 	 0.035300 
25 	 0.035400 
6 	 0.035900 
1 	 0.036100 
8 	 0.036100 
9 	 0.036100 
20 	 0.036100 
22 	 0.036100 
24 	 0.036100 
26 	 0.036100 
27 	 0.036100 
30 	 0.036100 
31 	 0.036100 
33 	 0.036100 
34 	 0.036100 
36 	 0.036100 
39 	 0.036100 
42 	 0.036100 
43 	 0.036100 
45 	 0.036100 
48 	 0.036100 
28 	 0.036400 
7 	 0.036600 
15 	 0.036800 
11 	 0.037000 
16 	 0.037000 
44 	 0.037200 
46 	 0.037400 
0 	 0.037500 
3 	 0.037500 
23 	 0.037500 
21 	 0.037900 
5 	 0.038100 
6 	 0.038100 
9 	 0.038100 
10 	 0.038100 
12 	 0.038100 
15 	 0.038100 
24 	 0.038100 
25 	 0.038100 
26 	 0.038100 
27 	 0.038100 
30 	 0.038100 
31 	 0.038100 
33 	 0.038100 
36 	 0.038100 
37 	 0.038100 
39 	 0.038100 
41 	 0.038100 
42 	 0.038100 
43 	 0.038100 
49 	 0.038100 
38 	 0.038200 
28 	 0.038500 
7 	 0.038600 
16 	 0.038600 
2 	 0.039100 
4 	 0.039100 
13 	 0.039100 
14 	 0.039100 
20 	 0.039100 
21 	 0.039100 
32 	 0.039100 
35 	 0.039100 
40 	 0.039100 
44 	 0.039100 
45 	 0.039100 
46 	 0.039100 
48 	 0.039100 
3 	 0.039900 
11 	 0.040000 
36 	 0.040000 
1 	 0.040100 
5 	 0.040100 
9 	 0.040100 
12 	 0.040100 
15 	 0.040100 
17 	 0.040100 
22 	 0.040100 
25 	 0.040100 
26 	 0.040100 
27 	 0.040100 
28 	 0.040100 
30 	 0.040100 
33 	 0.040100 
37 	 0.040100 
38 	 0.040100 
41 	 0.040100 
43 	 0.040100 
47 	 0.040100 
49 	 0.040100 
6 	 0.040200 
24 	 0.040200 
0 	 0.040500 
7 	 0.040600 
44 	 0.041000 
2 	 0.041100 
3 	 0.041100 
4 	 0.041100 
10 	 0.041100 
13 	 0.041100 
16 	 0.041100 
19 	 0.041100 
23 	 0.041100 
35 	 0.041100 
39 	 0.041100 
42 	 0.041100 
45 	 0.041100 
48 	 0.041100 
21 	 0.041300 
43 	 0.041700 
11 	 0.042000 
5 	 0.042100 
7 	 0.042100 
12 	 0.042100 
14 	 0.042100 
15 	 0.042100 
17 	 0.042100 
20 	 0.042100 
24 	 0.042100 
26 	 0.042100 
29 	 0.042100 
31 	 0.042100 
36 	 0.042100 
41 	 0.042100 
49 	 0.042100 
22 	 0.042300 
23 	 0.042700 
1 	 0.043100 
6 	 0.043100 
18 	 0.043100 
21 	 0.043100 
25 	 0.043100 
27 	 0.043100 
28 	 0.043100 
33 	 0.043100 
38 	 0.043100 
39 	 0.043100 
42 	 0.043100 
45 	 0.043100 
48 	 0.043100 
10 	 0.043300 
7 	 0.043600 
32 	 0.043700 
44 	 0.043900 
11 	 0.044000 
15 	 0.044000 
36 	 0.044200 
0 	 0.044300 
24 	 0.044600 
3 	 0.044700 
33 	 0.045100 
39 	 0.045100 
10 	 0.045300 
21 	 0.045800 
7 	 0.046000 
47 	 0.046000 
1 	 0.046100 
3 	 0.046100 
4 	 0.046100 
5 	 0.046100 
6 	 0.046100 
8 	 0.046100 
11 	 0.046100 
12 	 0.046100 
15 	 0.046100 
18 	 0.046100 
20 	 0.046100 
23 	 0.046100 
24 	 0.046100 
27 	 0.046100 
30 	 0.046100 
31 	 0.046100 
34 	 0.046100 
37 	 0.046100 
40 	 0.046100 
42 	 0.046100 
44 	 0.046100 
45 	 0.046100 
48 	 0.046100 
49 	 0.046100 
38 	 0.046200 
39 	 0.047000 
0 	 0.047100 
2 	 0.047100 
9 	 0.047100 
10 	 0.047100 
14 	 0.047100 
19 	 0.047100 
21 	 0.047100 
29 	 0.047100 
32 	 0.047100 
41 	 0.047100 
43 	 0.047100 
46 	 0.047100 
33 	 0.047300 
7 	 0.047600 
4 	 0.048100 
6 	 0.048100 
8 	 0.048100 
11 	 0.048100 
12 	 0.048100 
13 	 0.048100 
15 	 0.048100 
20 	 0.048100 
23 	 0.048100 
24 	 0.048100 
25 	 0.048100 
27 	 0.048100 
30 	 0.048100 
31 	 0.048100 
34 	 0.048100 
36 	 0.048100 
44 	 0.048100 
48 	 0.048100 
49 	 0.048100 
46 	 0.048900 
39 	 0.049000 
1 	 0.049100 
7 	 0.049100 
9 	 0.049100 
16 	 0.049100 
19 	 0.049100 
21 	 0.049100 
33 	 0.049100 
37 	 0.049100 
40 	 0.049100 
41 	 0.049100 
42 	 0.049100 
43 	 0.049100 
45 	 0.049400 
28 	 0.049600 
3 	 0.049700 
32 	 0.049800 
0 	 0.050100 
4 	 0.050100 
6 	 0.050100 
10 	 0.050100 
11 	 0.050100 
15 	 0.050100 
20 	 0.050100 
24 	 0.050100 
26 	 0.050100 
35 	 0.050100 
38 	 0.050100 
44 	 0.050100 
48 	 0.050100 
49 	 0.050100 
23 	 0.050500 
1 	 0.051100 
3 	 0.051100 
5 	 0.051100 
7 	 0.051100 
8 	 0.051100 
12 	 0.051100 
14 	 0.051100 
18 	 0.051100 
22 	 0.051100 
28 	 0.051100 
32 	 0.051100 
37 	 0.051100 
40 	 0.051100 
41 	 0.051100 
45 	 0.051100 
47 	 0.051100 
21 	 0.051700 
36 	 0.051900 
2 	 0.052100 
4 	 0.052100 
6 	 0.052100 
9 	 0.052100 
10 	 0.052100 
11 	 0.052100 
13 	 0.052100 
15 	 0.052100 
20 	 0.052100 
24 	 0.052100 
25 	 0.052100 
27 	 0.052100 
33 	 0.052100 
34 	 0.052100 
35 	 0.052100 
39 	 0.052100 
42 	 0.052100 
43 	 0.052100 
44 	 0.052100 
48 	 0.052100 
49 	 0.052100 
23 	 0.052300 
17 	 0.052600 
0 	 0.052800 
32 	 0.053300 
29 	 0.053500 
28 	 0.053600 
3 	 0.053700 
7 	 0.053800 
0 	 0.054100 
1 	 0.054100 
4 	 0.054100 
5 	 0.054100 
8 	 0.054100 
9 	 0.054100 
10 	 0.054100 
11 	 0.054100 
12 	 0.054100 
13 	 0.054100 
14 	 0.054100 
15 	 0.054100 
16 	 0.054100 
17 	 0.054100 
20 	 0.054100 
21 	 0.054100 
27 	 0.054100 
31 	 0.054100 
34 	 0.054100 
39 	 0.054100 
40 	 0.054100 
41 	 0.054100 
42 	 0.054100 
45 	 0.054100 
46 	 0.054100 
48 	 0.054100 
49 	 0.054100 
47 	 0.054200 
23 	 0.054300 
24 	 0.054500 
44 	 0.054600 
36 	 0.054800 
18 	 0.055100 
30 	 0.055100 
33 	 0.055100 
35 	 0.055100 
37 	 0.055100 
38 	 0.055100 
43 	 0.055100 
28 	 0.055500 
1 	 0.056100 
3 	 0.056100 
5 	 0.056100 
6 	 0.056100 
7 	 0.056100 
9 	 0.056100 
10 	 0.056100 
11 	 0.056100 
12 	 0.056100 
13 	 0.056100 
20 	 0.056100 
21 	 0.056100 
23 	 0.056100 
25 	 0.056100 
31 	 0.056100 
32 	 0.056100 
39 	 0.056100 
40 	 0.056100 
44 	 0.056100 
45 	 0.056100 
47 	 0.056100 
49 	 0.056100 
16 	 0.056200 
24 	 0.056900 
35 	 0.056900 
46 	 0.056900 
4 	 0.057100 
8 	 0.057100 
19 	 0.057100 
29 	 0.057100 
30 	 0.057100 
33 	 0.057100 
34 	 0.057100 
38 	 0.057100 
42 	 0.057100 
48 	 0.057100 
0 	 0.057500 
15 	 0.057500 
17 	 0.057500 
16 	 0.057800 
5 	 0.058100 
6 	 0.058100 
10 	 0.058100 
11 	 0.058100 
12 	 0.058100 
18 	 0.058100 
21 	 0.058100 
23 	 0.058100 
25 	 0.058100 
26 	 0.058100 
27 	 0.058100 
28 	 0.058100 
35 	 0.058100 
37 	 0.058100 
39 	 0.058100 
40 	 0.058100 
41 	 0.058100 
44 	 0.058100 
45 	 0.058100 
49 	 0.058100 
32 	 0.058300 
31 	 0.058500 
7 	 0.058600 
24 	 0.058800 
4 	 0.059100 
17 	 0.059100 
20 	 0.059100 
30 	 0.059100 
36 	 0.059100 
38 	 0.059100 
42 	 0.059100 
43 	 0.059100 
48 	 0.059100 
3 	 0.059200 
33 	 0.059200 
15 	 0.059400 
0 	 0.059600 
39 	 0.059800 
40 	 0.060000 
32 	 0.060100 
21 	 0.060200 
9 	 0.060300 
16 	 0.060400 
45 	 0.060400 
23 	 0.060700 
44 	 0.060800 
6 	 0.060900 
24 	 0.060900 
42 	 0.060900 
7 	 0.061000 
33 	 0.061100 
38 	 0.061100 
17 	 0.061500 
29 	 0.061500 
3 	 0.061700 
15 	 0.062000 
36 	 0.062000 
1 	 0.062100 
6 	 0.062100 
8 	 0.062100 
9 	 0.062100 
10 	 0.062100 
19 	 0.062100 
20 	 0.062100 
23 	 0.062100 
24 	 0.062100 
27 	 0.062100 
28 	 0.062100 
30 	 0.062100 
31 	 0.062100 
40 	 0.062100 
41 	 0.062100 
42 	 0.062100 
45 	 0.062100 
46 	 0.062100 
47 	 0.062100 
48 	 0.062100 
49 	 0.062100 
21 	 0.063000 
2 	 0.063100 
3 	 0.063100 
7 	 0.063100 
11 	 0.063100 
12 	 0.063100 
17 	 0.063100 
26 	 0.063100 
29 	 0.063100 
33 	 0.063100 
37 	 0.063100 
38 	 0.063100 
39 	 0.063100 
44 	 0.063400 
25 	 0.063600 
9 	 0.064000 
36 	 0.064000 
6 	 0.064100 
8 	 0.064100 
10 	 0.064100 
16 	 0.064100 
18 	 0.064100 
20 	 0.064100 
24 	 0.064100 
27 	 0.064100 
30 	 0.064100 
31 	 0.064100 
35 	 0.064100 
42 	 0.064100 
43 	 0.064100 
46 	 0.064100 
49 	 0.064100 
7 	 0.064700 
23 	 0.064700 
11 	 0.065100 
28 	 0.065100 
32 	 0.065100 
37 	 0.065100 
48 	 0.065100 
21 	 0.065300 
0 	 0.065500 
3 	 0.065800 
24 	 0.066000 
39 	 0.066000 
2 	 0.066100 
4 	 0.066100 
6 	 0.066100 
9 	 0.066100 
10 	 0.066100 
15 	 0.066100 
19 	 0.066100 
20 	 0.066100 
22 	 0.066100 
27 	 0.066100 
29 	 0.066100 
31 	 0.066100 
33 	 0.066100 
36 	 0.066100 
42 	 0.066100 
45 	 0.066100 
38 	 0.066300 
44 	 0.066300 
46 	 0.066300 
16 	 0.066400 
47 	 0.066400 
0 	 0.067100 
3 	 0.067100 
11 	 0.067100 
12 	 0.067100 
14 	 0.067100 
17 	 0.067100 
21 	 0.067100 
23 	 0.067100 
26 	 0.067100 
30 	 0.067100 
32 	 0.067100 
34 	 0.067100 
35 	 0.067100 
41 	 0.067100 
49 	 0.067100 
7 	 0.067500 
19 	 0.067700 
25 	 0.067800 
28 	 0.067800 
29 	 0.067900 
1 	 0.068100 
2 	 0.068100 
5 	 0.068100 
9 	 0.068100 
10 	 0.068100 
20 	 0.068100 
24 	 0.068100 
27 	 0.068100 
31 	 0.068100 
39 	 0.068100 
43 	 0.068100 
44 	 0.068100 
33 	 0.068200 
4 	 0.069100 
6 	 0.069100 
12 	 0.069100 
17 	 0.069100 
19 	 0.069100 
21 	 0.069100 
23 	 0.069100 
25 	 0.069100 
28 	 0.069100 
29 	 0.069100 
35 	 0.069100 
38 	 0.069100 
45 	 0.069100 
47 	 0.069100 
48 	 0.069100 
49 	 0.069100 
32 	 0.069400 
0 	 0.069700 
7 	 0.069800 
36 	 0.069800 
3 	 0.070000 
2 	 0.070100 
8 	 0.070100 
11 	 0.070100 
15 	 0.070100 
18 	 0.070100 
20 	 0.070100 
22 	 0.070100 
24 	 0.070100 
27 	 0.070100 
31 	 0.070100 
39 	 0.070100 
42 	 0.070100 
43 	 0.070100 
44 	 0.070100 
46 	 0.070400 
0 	 0.071100 
1 	 0.071100 
5 	 0.071100 
9 	 0.071100 
16 	 0.071100 
19 	 0.071100 
21 	 0.071100 
25 	 0.071100 
26 	 0.071100 
33 	 0.071100 
36 	 0.071100 
38 	 0.071100 
40 	 0.071100 
45 	 0.071100 
48 	 0.071100 
7 	 0.072000 
2 	 0.072100 
3 	 0.072100 
6 	 0.072100 
8 	 0.072100 
10 	 0.072100 
11 	 0.072100 
12 	 0.072100 
13 	 0.072100 
14 	 0.072100 
22 	 0.072100 
24 	 0.072100 
27 	 0.072100 
28 	 0.072100 
29 	 0.072100 
34 	 0.072100 
35 	 0.072100 
37 	 0.072100 
39 	 0.072100 
42 	 0.072100 
43 	 0.072100 
44 	 0.072100 
49 	 0.072100 
4 	 0.072200 
23 	 0.072400 
46 	 0.072800 
0 	 0.072900 
15 	 0.073000 
5 	 0.073600 
7 	 0.074000 
11 	 0.074000 
27 	 0.074000 
36 	 0.074000 
47 	 0.074000 
6 	 0.074100 
21 	 0.074100 
24 	 0.074100 
44 	 0.074100 
38 	 0.074400 
49 	 0.074400 
16 	 0.074600 
31 	 0.074600 
10 	 0.075000 
29 	 0.075000 
35 	 0.075000 
0 	 0.075100 
1 	 0.075100 
5 	 0.075100 
18 	 0.075100 
19 	 0.075100 
20 	 0.075100 
25 	 0.075100 
32 	 0.075100 
33 	 0.075100 
37 	 0.075100 
39 	 0.075100 
40 	 0.075100 
41 	 0.075100 
45 	 0.075100 
46 	 0.075100 
48 	 0.075100 
15 	 0.075600 
3 	 0.075800 
11 	 0.075800 
6 	 0.076100 
9 	 0.076100 
12 	 0.076100 
13 	 0.076100 
17 	 0.076100 
21 	 0.076100 
22 	 0.076100 
24 	 0.076100 
27 	 0.076100 
34 	 0.076100 
42 	 0.076100 
43 	 0.076100 
7 	 0.076300 
28 	 0.076400 
23 	 0.076500 
44 	 0.076700 
16 	 0.076800 
4 	 0.077100 
11 	 0.077100 
14 	 0.077100 
19 	 0.077100 
20 	 0.077100 
25 	 0.077100 
31 	 0.077100 
32 	 0.077100 
33 	 0.077100 
37 	 0.077100 
39 	 0.077100 
40 	 0.077100 
45 	 0.077100 
47 	 0.077100 
48 	 0.077100 
49 	 0.077100 
36 	 0.077400 
0 	 0.077600 
2 	 0.078100 
8 	 0.078100 
10 	 0.078100 
12 	 0.078100 
15 	 0.078100 
17 	 0.078100 
18 	 0.078100 
21 	 0.078100 
22 	 0.078100 
23 	 0.078100 
24 	 0.078100 
26 	 0.078100 
27 	 0.078100 
28 	 0.078100 
30 	 0.078100 
34 	 0.078100 
35 	 0.078100 
41 	 0.078100 
42 	 0.078100 
43 	 0.078100 
44 	 0.078100 
46 	 0.078100 
7 	 0.078500 
6 	 0.079000 
0 	 0.079100 
4 	 0.079100 
5 	 0.079100 
9 	 0.079100 
13 	 0.079100 
14 	 0.079100 
16 	 0.079100 
20 	 0.079100 
25 	 0.079100 
31 	 0.079100 
32 	 0.079100 
36 	 0.079100 
37 	 0.079100 
38 	 0.079100 
49 	 0.079100 
23 	 0.079600 
3 	 0.079700 
47 	 0.079700 
24 	 0.079900 
46 	 0.079900 
1 	 0.080100 
10 	 0.080100 
12 	 0.080100 
15 	 0.080100 
27 	 0.080100 
28 	 0.080100 
29 	 0.080100 
30 	 0.080100 
39 	 0.080100 
40 	 0.080100 
42 	 0.080100 
48 	 0.080100 
26 	 0.080200 
33 	 0.080300 
20 	 0.080500 
21 	 0.080500 
7 	 0.080600 
31 	 0.080900 
3 	 0.081100 
4 	 0.081100 
5 	 0.081100 
6 	 0.081100 
8 	 0.081100 
11 	 0.081100 
14 	 0.081100 
16 	 0.081100 
17 	 0.081100 
23 	 0.081100 
25 	 0.081100 
35 	 0.081100 
37 	 0.081100 
38 	 0.081100 
41 	 0.081100 
49 	 0.081100 
44 	 0.081200 
0 	 0.081400 
47 	 0.081400 
15 	 0.082000 
28 	 0.082000 
2 	 0.082100 
7 	 0.082100 
12 	 0.082100 
21 	 0.082100 
24 	 0.082100 
26 	 0.082100 
27 	 0.082100 
30 	 0.082100 
31 	 0.082100 
36 	 0.082100 
39 	 0.082100 
40 	 0.082100 
42 	 0.082100 
45 	 0.082100 
48 	 0.082100 
29 	 0.082300 
33 	 0.082300 
43 	 0.082500 
23 	 0.083000 
1 	 0.083100 
3 	 0.083100 
4 	 0.083100 
5 	 0.083100 
6 	 0.083100 
9 	 0.083100 
16 	 0.083100 
35 	 0.083100 
38 	 0.083100 
49 	 0.083100 
44 	 0.083400 
0 	 0.083500 
18 	 0.083500 
15 	 0.084000 
2 	 0.084100 
7 	 0.084100 
20 	 0.084100 
21 	 0.084100 
22 	 0.084100 
24 	 0.084100 
27 	 0.084100 
29 	 0.084100 
32 	 0.084100 
36 	 0.084100 
39 	 0.084100 
42 	 0.084100 
17 	 0.084500 
28 	 0.084500 
23 	 0.084800 
16 	 0.084900 
1 	 0.085100 
4 	 0.085100 
5 	 0.085100 
8 	 0.085100 
11 	 0.085100 
13 	 0.085100 
30 	 0.085100 
31 	 0.085100 
34 	 0.085100 
40 	 0.085100 
41 	 0.085100 
43 	 0.085100 
44 	 0.085100 
46 	 0.085100 
47 	 0.085100 
48 	 0.085100 
49 	 0.085100 
33 	 0.085300 
10 	 0.085600 
15 	 0.085800 
6 	 0.085900 
0 	 0.086100 
2 	 0.086100 
9 	 0.086100 
12 	 0.086100 
16 	 0.086100 
18 	 0.086100 
20 	 0.086100 
21 	 0.086100 
22 	 0.086100 
23 	 0.086100 
24 	 0.086100 
27 	 0.086100 
36 	 0.086100 
37 	 0.086100 
38 	 0.086100 
42 	 0.086100 
7 	 0.086300 
25 	 0.086400 
39 	 0.086600 
17 	 0.086700 
3 	 0.087100 
4 	 0.087100 
6 	 0.087100 
10 	 0.087100 
11 	 0.087100 
14 	 0.087100 
19 	 0.087100 
33 	 0.087100 
34 	 0.087100 
35 	 0.087100 
40 	 0.087100 
41 	 0.087100 
45 	 0.087100 
48 	 0.087100 
49 	 0.087100 
47 	 0.087200 
46 	 0.087400 
44 	 0.087600 
24 	 0.088000 
7 	 0.088300 
39 	 0.088700 
23 	 0.089100 
15 	 0.089200 
29 	 0.089200 
43 	 0.089200 
21 	 0.089400 
36 	 0.089400 
18 	 0.090000 
3 	 0.090100 
0 	 0.090500 
24 	 0.090500 
7 	 0.090600 
44 	 0.090600 
25 	 0.090700 
2 	 0.091100 
4 	 0.091100 
6 	 0.091100 
8 	 0.091100 
10 	 0.091100 
13 	 0.091100 
14 	 0.091100 
16 	 0.091100 
20 	 0.091100 
21 	 0.091100 
22 	 0.091100 
23 	 0.091100 
26 	 0.091100 
27 	 0.091100 
31 	 0.091100 
33 	 0.091100 
35 	 0.091100 
38 	 0.091100 
39 	 0.091100 
41 	 0.091100 
48 	 0.091100 
49 	 0.091100 
36 	 0.092000 
11 	 0.092100 
12 	 0.092100 
15 	 0.092100 
19 	 0.092100 
32 	 0.092100 
34 	 0.092100 
45 	 0.092100 
47 	 0.092100 
18 	 0.092300 
29 	 0.092400 
17 	 0.092500 
0 	 0.092600 
23 	 0.092700 
33 	 0.092800 
6 	 0.093000 
44 	 0.093000 
5 	 0.093100 
7 	 0.093100 
9 	 0.093100 
22 	 0.093100 
24 	 0.093100 
25 	 0.093100 
30 	 0.093100 
31 	 0.093100 
39 	 0.093100 
41 	 0.093100 
42 	 0.093100 
49 	 0.093100 
21 	 0.093300 
46 	 0.093700 
3 	 0.093800 
2 	 0.094100 
4 	 0.094100 
8 	 0.094100 
10 	 0.094100 
11 	 0.094100 
14 	 0.094100 
17 	 0.094100 
26 	 0.094100 
27 	 0.094100 
34 	 0.094100 
35 	 0.094100 
37 	 0.094100 
38 	 0.094100 
45 	 0.094100 
48 	 0.094100 
33 	 0.094400 
23 	 0.094500 
12 	 0.094600 
43 	 0.094700 
1 	 0.095100 
3 	 0.095100 
5 	 0.095100 
6 	 0.095100 
21 	 0.095100 
24 	 0.095100 
30 	 0.095100 
40 	 0.095100 
42 	 0.095100 
46 	 0.095100 
47 	 0.095100 
49 	 0.095100 
39 	 0.095200 
15 	 0.095300 
18 	 0.095300 
25 	 0.095400 
0 	 0.095800 
36 	 0.095900 
2 	 0.096100 
4 	 0.096100 
7 	 0.096100 
8 	 0.096100 
12 	 0.096100 
13 	 0.096100 
17 	 0.096100 
20 	 0.096100 
27 	 0.096100 
28 	 0.096100 
31 	 0.096100 
33 	 0.096100 
34 	 0.096100 
35 	 0.096100 
38 	 0.096100 
41 	 0.096100 
43 	 0.096100 
26 	 0.096500 
47 	 0.096700 
9 	 0.096800 
46 	 0.096800 
24 	 0.097000 
3 	 0.097100 
6 	 0.097100 
10 	 0.097100 
11 	 0.097100 
15 	 0.097100 
25 	 0.097100 
30 	 0.097100 
39 	 0.097100 
42 	 0.097100 
48 	 0.097100 
49 	 0.097100 
21 	 0.097300 
16 	 0.097400 
23 	 0.097600 
44 	 0.097600 
33 	 0.097800 
1 	 0.098100 
4 	 0.098100 
5 	 0.098100 
12 	 0.098100 
20 	 0.098100 
26 	 0.098100 
27 	 0.098100 
34 	 0.098100 
35 	 0.098100 
37 	 0.098100 
38 	 0.098100 
45 	 0.098100 
28 	 0.098500 
47 	 0.098500 
7 	 0.098600 
16 	 0.098700 
24 	 0.098900 
6 	 0.099100 
9 	 0.099100 
10 	 0.099100 
13 	 0.099100 
14 	 0.099100 
17 	 0.099100 
21 	 0.099100 
29 	 0.099100 
31 	 0.099100 
40 	 0.099100 
41 	 0.099100 
42 	 0.099100 
0 	 0.099300 
3 	 0.099800 
1 	 0.100100 
4 	 0.100100 
7 	 0.100100 
19 	 0.100100 
20 	 0.100100 
23 	 0.100100 
24 	 0.100100 
25 	 0.100100 
27 	 0.100100 
32 	 0.100100 
33 	 0.100100 
34 	 0.100100 
36 	 0.100100 
37 	 0.100100 
39 	 0.100100 
45 	 0.100100 
48 	 0.100100 
49 	 0.100100 
22 	 0.100300 
15 	 0.100500 
28 	 0.100500 
35 	 0.100500 
18 	 0.100700 
0 	 0.101100 
3 	 0.101100 
6 	 0.101100 
12 	 0.101100 
17 	 0.101100 
31 	 0.101100 
38 	 0.101100 
40 	 0.101100 
42 	 0.101100 
43 	 0.101100 
29 	 0.101700 
36 	 0.102000 
1 	 0.102100 
4 	 0.102100 
7 	 0.102100 
9 	 0.102100 
11 	 0.102100 
16 	 0.102100 
20 	 0.102100 
21 	 0.102100 
23 	 0.102100 
25 	 0.102100 
27 	 0.102100 
28 	 0.102100 
33 	 0.102100 
37 	 0.102100 
41 	 0.102100 
44 	 0.102100 
45 	 0.102100 
46 	 0.102100 
49 	 0.102100 
35 	 0.102200 
24 	 0.102300 
6 	 0.103000 
15 	 0.103000 
0 	 0.103100 
3 	 0.103100 
5 	 0.103100 
12 	 0.103100 
13 	 0.103100 
17 	 0.103100 
19 	 0.103100 
29 	 0.103100 
31 	 0.103100 
32 	 0.103100 
39 	 0.103100 
40 	 0.103100 
42 	 0.103100 
43 	 0.103100 
28 	 0.103800 
7 	 0.104000 
1 	 0.104100 
4 	 0.104100 
10 	 0.104100 
11 	 0.104100 
20 	 0.104100 
21 	 0.104100 
22 	 0.104100 
24 	 0.104100 
25 	 0.104100 
26 	 0.104100 
27 	 0.104100 
34 	 0.104100 
38 	 0.104100 
41 	 0.104100 
44 	 0.104100 
46 	 0.104100 
47 	 0.104100 
33 	 0.104300 
48 	 0.104300 
6 	 0.105000 
19 	 0.105100 
36 	 0.105200 
35 	 0.105300 
23 	 0.105700 
43 	 0.105700 
28 	 0.105900 
24 	 0.106100 
15 	 0.106200 
0 	 0.106500 
7 	 0.106600 
20 	 0.106600 
21 	 0.106700 
4 	 0.106800 
44 	 0.106800 
11 	 0.106900 
17 	 0.106900 
38 	 0.107000 
39 	 0.107000 
3 	 0.107200 
16 	 0.107400 
6 	 0.107600 
33 	 0.107600 
23 	 0.107800 
36 	 0.107800 
47 	 0.108000 
0 	 0.108100 
1 	 0.108100 
2 	 0.108100 
4 	 0.108100 
5 	 0.108100 
10 	 0.108100 
11 	 0.108100 
15 	 0.108100 
17 	 0.108100 
20 	 0.108100 
24 	 0.108100 
25 	 0.108100 
27 	 0.108100 
28 	 0.108100 
30 	 0.108100 
35 	 0.108100 
37 	 0.108100 
41 	 0.108100 
43 	 0.108100 
45 	 0.108100 
46 	 0.108100 
48 	 0.108100 
49 	 0.108100 
32 	 0.108200 
31 	 0.108400 
7 	 0.108600 
44 	 0.108600 
19 	 0.108700 
39 	 0.108700 
3 	 0.109100 
9 	 0.109100 
21 	 0.109100 
23 	 0.109100 
29 	 0.109100 
33 	 0.109100 
34 	 0.109100 
36 	 0.109100 
38 	 0.109100 
42 	 0.109100 
1 	 0.110100 
4 	 0.110100 
6 	 0.110100 
8 	 0.110100 
10 	 0.110100 
11 	 0.110100 
14 	 0.110100 
15 	 0.110100 
16 	 0.110100 
19 	 0.110100 
22 	 0.110100 
27 	 0.110100 
35 	 0.110100 
37 	 0.110100 
40 	 0.110100 
41 	 0.110100 
43 	 0.110100 
45 	 0.110100 
46 	 0.110100 
48 	 0.110100 
49 	 0.110100 
47 	 0.110300 
0 	 0.110500 
44 	 0.110700 
24 	 0.110800 
7 	 0.110900 
2 	 0.111100 
5 	 0.111100 
12 	 0.111100 
17 	 0.111100 
20 	 0.111100 
31 	 0.111100 
34 	 0.111100 
36 	 0.111100 
38 	 0.111100 
21 	 0.111200 
23 	 0.111500 
32 	 0.111900 
39 	 0.112000 
1 	 0.112100 
7 	 0.112100 
10 	 0.112100 
11 	 0.112100 
13 	 0.112100 
14 	 0.112100 
15 	 0.112100 
19 	 0.112100 
25 	 0.112100 
27 	 0.112100 
30 	 0.112100 
35 	 0.112100 
37 	 0.112100 
42 	 0.112100 
45 	 0.112100 
47 	 0.112100 
48 	 0.112100 
49 	 0.112100 
46 	 0.112700 
3 	 0.112800 
44 	 0.112900 
5 	 0.113100 
12 	 0.113100 
18 	 0.113100 
20 	 0.113100 
21 	 0.113100 
23 	 0.113100 
29 	 0.113100 
31 	 0.113100 
34 	 0.113100 
36 	 0.113100 
38 	 0.113100 
41 	 0.113100 
16 	 0.113400 
33 	 0.113400 
28 	 0.113600 
24 	 0.113700 
30 	 0.114000 
0 	 0.114100 
2 	 0.114100 
3 	 0.114100 
4 	 0.114100 
7 	 0.114100 
9 	 0.114100 
10 	 0.114100 
11 	 0.114100 
15 	 0.114100 
22 	 0.114100 
25 	 0.114100 
27 	 0.114100 
37 	 0.114100 
39 	 0.114100 
40 	 0.114100 
43 	 0.114100 
45 	 0.114100 
46 	 0.114100 
48 	 0.114100 
44 	 0.114700 
1 	 0.115100 
5 	 0.115100 
8 	 0.115100 
12 	 0.115100 
18 	 0.115100 
19 	 0.115100 
26 	 0.115100 
28 	 0.115100 
32 	 0.115100 
34 	 0.115100 
38 	 0.115100 
41 	 0.115100 
47 	 0.115100 
17 	 0.115200 
16 	 0.115300 
33 	 0.115300 
21 	 0.115800 
24 	 0.115800 
39 	 0.116000 
6 	 0.116100 
7 	 0.116100 
10 	 0.116100 
11 	 0.116100 
14 	 0.116100 
15 	 0.116100 
20 	 0.116100 
23 	 0.116100 
27 	 0.116100 
30 	 0.116100 
35 	 0.116100 
40 	 0.116100 
42 	 0.116100 
43 	 0.116100 
45 	 0.116100 
48 	 0.116100 
49 	 0.116100 
31 	 0.116500 
44 	 0.116800 
28 	 0.116900 
36 	 0.117000 
4 	 0.117100 
5 	 0.117100 
8 	 0.117100 
12 	 0.117100 
18 	 0.117100 
19 	 0.117100 
22 	 0.117100 
32 	 0.117100 
46 	 0.117100 
0 	 0.117600 
3 	 0.117700 
24 	 0.117800 
21 	 0.117900 
1 	 0.118100 
11 	 0.118100 
13 	 0.118100 
15 	 0.118100 
16 	 0.118100 
17 	 0.118100 
25 	 0.118100 
27 	 0.118100 
31 	 0.118100 
33 	 0.118100 
37 	 0.118100 
39 	 0.118100 
41 	 0.118100 
42 	 0.118100 
45 	 0.118100 
48 	 0.118100 
49 	 0.118100 
7 	 0.118200 
23 	 0.118400 
10 	 0.118500 
35 	 0.118500 
44 	 0.118800 
46 	 0.118800 
4 	 0.119100 
6 	 0.119100 
8 	 0.119100 
12 	 0.119100 
20 	 0.119100 
21 	 0.119100 
22 	 0.119100 
24 	 0.119100 
32 	 0.119100 
34 	 0.119100 
38 	 0.119100 
43 	 0.119100 
47 	 0.119100 
28 	 0.119500 
39 	 0.120100 
7 	 0.120300 
36 	 0.120500 
0 	 0.120600 
44 	 0.120600 
15 	 0.120700 
3 	 0.120800 
23 	 0.121200 
38 	 0.121300 
21 	 0.121800 
17 	 0.122100 
24 	 0.122100 
44 	 0.122100 
43 	 0.122200 
47 	 0.122200 
25 	 0.122300 
33 	 0.122400 
7 	 0.122500 
10 	 0.122500 
32 	 0.122600 
46 	 0.122600 
39 	 0.122800 
0 	 0.123100 
28 	 0.123500 
4 	 0.124000 
36 	 0.124000 
1 	 0.124100 
5 	 0.124100 
6 	 0.124100 
8 	 0.124100 
10 	 0.124100 
11 	 0.124100 
15 	 0.124100 
21 	 0.124100 
23 	 0.124100 
24 	 0.124100 
27 	 0.124100 
29 	 0.124100 
30 	 0.124100 
32 	 0.124100 
35 	 0.124100 
38 	 0.124100 
41 	 0.124100 
42 	 0.124100 
44 	 0.124100 
47 	 0.124100 
48 	 0.124100 
49 	 0.124100 
31 	 0.124500 
43 	 0.124500 
2 	 0.125100 
12 	 0.125100 
13 	 0.125100 
18 	 0.125100 
20 	 0.125100 
25 	 0.125100 
34 	 0.125100 
37 	 0.125100 
39 	 0.125100 
40 	 0.125100 
45 	 0.125100 
33 	 0.125300 
3 	 0.125800 
7 	 0.125800 
36 	 0.126000 
4 	 0.126100 
9 	 0.126100 
19 	 0.126100 
21 	 0.126100 
24 	 0.126100 
28 	 0.126100 
31 	 0.126100 
41 	 0.126100 
43 	 0.126100 
49 	 0.126100 
0 	 0.126500 
6 	 0.126600 
23 	 0.126900 
3 	 0.127100 
7 	 0.127100 
8 	 0.127100 
10 	 0.127100 
11 	 0.127100 
12 	 0.127100 
14 	 0.127100 
15 	 0.127100 
17 	 0.127100 
25 	 0.127100 
26 	 0.127100 
27 	 0.127100 
30 	 0.127100 
34 	 0.127100 
39 	 0.127100 
44 	 0.127100 
45 	 0.127100 
46 	 0.127100 
48 	 0.127100 
33 	 0.127700 
21 	 0.128000 
1 	 0.128100 
2 	 0.128100 
4 	 0.128100 
5 	 0.128100 
13 	 0.128100 
28 	 0.128100 
29 	 0.128100 
31 	 0.128100 
32 	 0.128100 
37 	 0.128100 
38 	 0.128100 
40 	 0.128100 
42 	 0.128100 
43 	 0.128100 
47 	 0.128100 
24 	 0.128700 
36 	 0.129000 
7 	 0.129100 
10 	 0.129100 
12 	 0.129100 
15 	 0.129100 
16 	 0.129100 
19 	 0.129100 
20 	 0.129100 
23 	 0.129100 
27 	 0.129100 
35 	 0.129100 
39 	 0.129100 
45 	 0.129100 
48 	 0.129100 
49 	 0.129100 
44 	 0.129500 
0 	 0.130100 
4 	 0.130100 
5 	 0.130100 
6 	 0.130100 
8 	 0.130100 
11 	 0.130100 
13 	 0.130100 
21 	 0.130100 
22 	 0.130100 
28 	 0.130100 
29 	 0.130100 
30 	 0.130100 
31 	 0.130100 
33 	 0.130100 
34 	 0.130100 
37 	 0.130100 
38 	 0.130100 
41 	 0.130100 
17 	 0.130600 
3 	 0.130700 
16 	 0.130800 
46 	 0.130800 
24 	 0.131000 
1 	 0.131100 
2 	 0.131100 
7 	 0.131100 
9 	 0.131100 
12 	 0.131100 
18 	 0.131100 
20 	 0.131100 
26 	 0.131100 
27 	 0.131100 
32 	 0.131100 
36 	 0.131100 
39 	 0.131100 
40 	 0.131100 
45 	 0.131100 
48 	 0.131100 
49 	 0.131100 
47 	 0.131200 
23 	 0.131600 
33 	 0.131800 
11 	 0.131900 
0 	 0.132100 
3 	 0.132100 
6 	 0.132100 
8 	 0.132100 
13 	 0.132100 
15 	 0.132100 
16 	 0.132100 
17 	 0.132100 
19 	 0.132100 
21 	 0.132100 
22 	 0.132100 
30 	 0.132100 
31 	 0.132100 
34 	 0.132100 
38 	 0.132100 
41 	 0.132100 
44 	 0.132100 
24 	 0.132800 
2 	 0.133100 
4 	 0.133100 
10 	 0.133100 
11 	 0.133100 
12 	 0.133100 
14 	 0.133100 
23 	 0.133100 
27 	 0.133100 
32 	 0.133100 
33 	 0.133100 
39 	 0.133100 
40 	 0.133100 
43 	 0.133100 
45 	 0.133100 
48 	 0.133100 
49 	 0.133100 
28 	 0.133500 
7 	 0.133600 
9 	 0.133800 
16 	 0.133900 
0 	 0.134100 
1 	 0.134100 
8 	 0.134100 
18 	 0.134100 
20 	 0.134100 
24 	 0.134100 
29 	 0.134100 
30 	 0.134100 
35 	 0.134100 
36 	 0.134100 
42 	 0.134100 
3 	 0.134700 
25 	 0.134700 
21 	 0.134900 
2 	 0.135100 
4 	 0.135100 
5 	 0.135100 
6 	 0.135100 
7 	 0.135100 
9 	 0.135100 
12 	 0.135100 
13 	 0.135100 
14 	 0.135100 
15 	 0.135100 
16 	 0.135100 
22 	 0.135100 
23 	 0.135100 
26 	 0.135100 
27 	 0.135100 
28 	 0.135100 
33 	 0.135100 
34 	 0.135100 
38 	 0.135100 
41 	 0.135100 
43 	 0.135100 
44 	 0.135100 
45 	 0.135100 
48 	 0.135100 
32 	 0.135200 
46 	 0.135300 
24 	 0.135900 
1 	 0.136100 
3 	 0.136100 
8 	 0.136100 
10 	 0.136100 
11 	 0.136100 
17 	 0.136100 
19 	 0.136100 
21 	 0.136100 
25 	 0.136100 
29 	 0.136100 
35 	 0.136100 
36 	 0.136100 
40 	 0.136100 
42 	 0.136100 
49 	 0.136100 
0 	 0.136900 
22 	 0.136900 
30 	 0.137000 
4 	 0.137100 
6 	 0.137100 
9 	 0.137100 
12 	 0.137100 
14 	 0.137100 
15 	 0.137100 
16 	 0.137100 
23 	 0.137100 
24 	 0.137100 
27 	 0.137100 
28 	 0.137100 
31 	 0.137100 
33 	 0.137100 
38 	 0.137100 
46 	 0.137100 
32 	 0.137300 
7 	 0.137400 
44 	 0.137700 
48 	 0.137900 
1 	 0.138100 
2 	 0.138100 
3 	 0.138100 
5 	 0.138100 
10 	 0.138100 
13 	 0.138100 
17 	 0.138100 
20 	 0.138100 
25 	 0.138100 
34 	 0.138100 
35 	 0.138100 
36 	 0.138100 
37 	 0.138100 
40 	 0.138100 
41 	 0.138100 
45 	 0.138100 
47 	 0.138100 
49 	 0.138100 
21 	 0.138300 
43 	 0.138400 
11 	 0.139000 
23 	 0.139000 
4 	 0.139100 
6 	 0.139100 
12 	 0.139100 
15 	 0.139100 
16 	 0.139100 
24 	 0.139100 
27 	 0.139100 
29 	 0.139100 
30 	 0.139100 
31 	 0.139100 
32 	 0.139100 
39 	 0.139100 
46 	 0.139100 
48 	 0.139100 
33 	 0.139200 
7 	 0.139600 
18 	 0.139600 
44 	 0.139600 
1 	 0.140100 
3 	 0.140100 
5 	 0.140100 
8 	 0.140100 
14 	 0.140100 
20 	 0.140100 
28 	 0.140100 
34 	 0.140100 
35 	 0.140100 
36 	 0.140100 
37 	 0.140100 
38 	 0.140100 
43 	 0.140100 
45 	 0.140100 
49 	 0.140100 
17 	 0.140400 
21 	 0.140500 
9 	 0.140600 
24 	 0.140800 
0 	 0.140900 
16 	 0.140900 
33 	 0.141000 
6 	 0.141100 
7 	 0.141100 
10 	 0.141100 
12 	 0.141100 
13 	 0.141100 
19 	 0.141100 
23 	 0.141100 
25 	 0.141100 
27 	 0.141100 
29 	 0.141100 
30 	 0.141100 
31 	 0.141100 
39 	 0.141100 
42 	 0.141100 
44 	 0.141100 
46 	 0.141100 
48 	 0.141100 
47 	 0.141200 
22 	 0.141500 
32 	 0.141600 
43 	 0.141900 
11 	 0.142000 
15 	 0.142000 
0 	 0.142100 
1 	 0.142100 
14 	 0.142100 
18 	 0.142100 
20 	 0.142100 
24 	 0.142100 
35 	 0.142100 
38 	 0.142100 
41 	 0.142100 
49 	 0.142100 
28 	 0.142400 
5 	 0.142600 
29 	 0.142700 
3 	 0.142800 
36 	 0.142800 
27 	 0.143000 
33 	 0.143000 
47 	 0.143000 
2 	 0.143100 
4 	 0.143100 
7 	 0.143100 
8 	 0.143100 
9 	 0.143100 
10 	 0.143100 
21 	 0.143100 
26 	 0.143100 
34 	 0.143100 
43 	 0.143100 
30 	 0.143200 
44 	 0.143400 
32 	 0.143700 
16 	 0.143800 
11 	 0.143900 
23 	 0.143900 
1 	 0.144100 
6 	 0.144100 
12 	 0.144100 
15 	 0.144100 
18 	 0.144100 
22 	 0.144100 
31 	 0.144100 
36 	 0.144100 
37 	 0.144100 
38 	 0.144100 
39 	 0.144100 
41 	 0.144100 
45 	 0.144100 
48 	 0.144100 
49 	 0.144100 
24 	 0.144200 
0 	 0.144500 
17 	 0.144500 
29 	 0.144700 
30 	 0.145000 
33 	 0.145000 
34 	 0.145100 
4 	 0.145200 
10 	 0.145200 
7 	 0.145300 
21 	 0.145300 
3 	 0.145500 
35 	 0.145600 
16 	 0.145700 
25 	 0.145700 
22 	 0.145800 
32 	 0.145800 
23 	 0.145900 
44 	 0.146000 
31 	 0.146100 
38 	 0.146100 
24 	 0.146500 
36 	 0.146500 
46 	 0.146600 
6 	 0.146800 
0 	 0.146900 
15 	 0.147100 
47 	 0.147400 
35 	 0.147500 
7 	 0.147600 
33 	 0.147600 
10 	 0.147700 
39 	 0.148100 
4 	 0.148200 
21 	 0.148200 
25 	 0.148300 
38 	 0.148700 
11 	 0.148800 
36 	 0.148800 
0 	 0.148900 
2 	 0.149100 
3 	 0.149100 
6 	 0.149100 
7 	 0.149100 
9 	 0.149100 
14 	 0.149100 
15 	 0.149100 
20 	 0.149100 
23 	 0.149100 
26 	 0.149100 
27 	 0.149100 
31 	 0.149100 
33 	 0.149100 
37 	 0.149100 
40 	 0.149100 
41 	 0.149100 
47 	 0.149100 
48 	 0.149100 
49 	 0.149100 
24 	 0.149200 
18 	 0.149400 
12 	 0.149500 
44 	 0.149600 
43 	 0.149900 
4 	 0.150100 
8 	 0.150100 
10 	 0.150100 
11 	 0.150100 
19 	 0.150100 
21 	 0.150100 
22 	 0.150100 
28 	 0.150100 
45 	 0.150100 
39 	 0.150600 
42 	 0.150600 
1 	 0.151100 
2 	 0.151100 
3 	 0.151100 
6 	 0.151100 
12 	 0.151100 
15 	 0.151100 
18 	 0.151100 
23 	 0.151100 
29 	 0.151100 
31 	 0.151100 
36 	 0.151100 
37 	 0.151100 
46 	 0.151100 
47 	 0.151100 
48 	 0.151100 
49 	 0.151100 
24 	 0.151200 
33 	 0.151700 
26 	 0.151800 
9 	 0.151900 
7 	 0.152100 
8 	 0.152100 
10 	 0.152100 
11 	 0.152100 
16 	 0.152100 
17 	 0.152100 
19 	 0.152100 
20 	 0.152100 
21 	 0.152100 
25 	 0.152100 
27 	 0.152100 
32 	 0.152100 
34 	 0.152100 
35 	 0.152100 
39 	 0.152100 
40 	 0.152100 
41 	 0.152100 
42 	 0.152100 
44 	 0.152100 
45 	 0.152100 
43 	 0.152700 
23 	 0.153000 
1 	 0.153100 
2 	 0.153100 
5 	 0.153100 
9 	 0.153100 
12 	 0.153100 
14 	 0.153100 
15 	 0.153100 
26 	 0.153100 
31 	 0.153100 
33 	 0.153100 
37 	 0.153100 
46 	 0.153100 
48 	 0.153100 
28 	 0.153500 
24 	 0.153700 
30 	 0.153700 
36 	 0.153800 
4 	 0.154100 
8 	 0.154100 
10 	 0.154100 
11 	 0.154100 
13 	 0.154100 
16 	 0.154100 
21 	 0.154100 
25 	 0.154100 
27 	 0.154100 
35 	 0.154100 
41 	 0.154100 
43 	 0.154100 
44 	 0.154100 
45 	 0.154100 
47 	 0.154100 
49 	 0.154100 
17 	 0.154400 
3 	 0.154500 
7 	 0.155000 
29 	 0.155000 
5 	 0.155100 
9 	 0.155100 
12 	 0.155100 
15 	 0.155100 
19 	 0.155100 
20 	 0.155100 
23 	 0.155100 
26 	 0.155100 
28 	 0.155100 
30 	 0.155100 
32 	 0.155100 
38 	 0.155100 
39 	 0.155100 
48 	 0.155100 
34 	 0.155300 
33 	 0.155500 
24 	 0.155700 
36 	 0.155800 
2 	 0.156100 
3 	 0.156100 
4 	 0.156100 
10 	 0.156100 
16 	 0.156100 
21 	 0.156100 
25 	 0.156100 
27 	 0.156100 
31 	 0.156100 
35 	 0.156100 
37 	 0.156100 
40 	 0.156100 
41 	 0.156100 
43 	 0.156100 
46 	 0.156100 
49 	 0.156100 
44 	 0.156600 
23 	 0.156700 
6 	 0.156900 
5 	 0.157100 
7 	 0.157100 
8 	 0.157100 
9 	 0.157100 
12 	 0.157100 
13 	 0.157100 
15 	 0.157100 
20 	 0.157100 
28 	 0.157100 
30 	 0.157100 
32 	 0.157100 
39 	 0.157100 
45 	 0.157100 
33 	 0.157200 
18 	 0.157400 
47 	 0.157400 
24 	 0.157800 
0 	 0.157900 
1 	 0.158100 
3 	 0.158100 
4 	 0.158100 
6 	 0.158100 
17 	 0.158100 
19 	 0.158100 
21 	 0.158100 
31 	 0.158100 
38 	 0.158100 
42 	 0.158100 
46 	 0.158100 
48 	 0.158100 
49 	 0.158100 
36 	 0.158500 
7 	 0.158800 
0 	 0.159100 
2 	 0.159100 
10 	 0.159100 
11 	 0.159100 
12 	 0.159100 
15 	 0.159100 
20 	 0.159100 
24 	 0.159100 
25 	 0.159100 
27 	 0.159100 
28 	 0.159100 
29 	 0.159100 
34 	 0.159100 
39 	 0.159100 
41 	 0.159100 
45 	 0.159100 
33 	 0.159300 
18 	 0.159400 
23 	 0.159400 
32 	 0.159400 
44 	 0.159500 
3 	 0.160100 
6 	 0.160100 
7 	 0.160100 
8 	 0.160100 
14 	 0.160100 
21 	 0.160100 
26 	 0.160100 
31 	 0.160100 
37 	 0.160100 
38 	 0.160100 
40 	 0.160100 
42 	 0.160100 
46 	 0.160100 
47 	 0.160100 
49 	 0.160100 
17 	 0.160700 
0 	 0.161100 
1 	 0.161100 
10 	 0.161100 
11 	 0.161100 
12 	 0.161100 
13 	 0.161100 
15 	 0.161100 
16 	 0.161100 
20 	 0.161100 
23 	 0.161100 
25 	 0.161100 
28 	 0.161100 
30 	 0.161100 
32 	 0.161100 
43 	 0.161100 
44 	 0.161100 
24 	 0.161200 
33 	 0.161300 
36 	 0.161500 
39 	 0.162000 
4 	 0.162100 
5 	 0.162100 
9 	 0.162100 
19 	 0.162100 
21 	 0.162100 
27 	 0.162100 
31 	 0.162100 
35 	 0.162100 
40 	 0.162100 
41 	 0.162100 
45 	 0.162100 
47 	 0.162100 
49 	 0.162100 
7 	 0.162300 
17 	 0.162700 
46 	 0.162900 
0 	 0.163100 
2 	 0.163100 
8 	 0.163100 
11 	 0.163100 
16 	 0.163100 
20 	 0.163100 
22 	 0.163100 
23 	 0.163100 
24 	 0.163100 
25 	 0.163100 
26 	 0.163100 
28 	 0.163100 
30 	 0.163100 
33 	 0.163100 
34 	 0.163100 
36 	 0.163100 
37 	 0.163100 
42 	 0.163100 
48 	 0.163100 
15 	 0.163200 
10 	 0.163500 
1 	 0.163600 
44 	 0.163600 
3 	 0.163700 
5 	 0.164100 
6 	 0.164100 
7 	 0.164100 
9 	 0.164100 
12 	 0.164100 
13 	 0.164100 
14 	 0.164100 
29 	 0.164100 
31 	 0.164100 
38 	 0.164100 
39 	 0.164100 
40 	 0.164100 
41 	 0.164100 
43 	 0.164100 
45 	 0.164100 
47 	 0.164100 
49 	 0.164100 
21 	 0.164300 
24 	 0.164900 
33 	 0.164900 
28 	 0.165000 
1 	 0.165100 
2 	 0.165100 
3 	 0.165100 
10 	 0.165100 
11 	 0.165100 
15 	 0.165100 
17 	 0.165100 
27 	 0.165100 
34 	 0.165100 
37 	 0.165100 
36 	 0.165300 
44 	 0.165400 
20 	 0.165500 
0 	 0.165900 
7 	 0.166000 
29 	 0.166000 
43 	 0.166000 
4 	 0.166100 
5 	 0.166100 
6 	 0.166100 
8 	 0.166100 
9 	 0.166100 
12 	 0.166100 
18 	 0.166100 
21 	 0.166100 
23 	 0.166100 
26 	 0.166100 
31 	 0.166100 
39 	 0.166100 
40 	 0.166100 
41 	 0.166100 
42 	 0.166100 
45 	 0.166100 
46 	 0.166100 
47 	 0.166100 
48 	 0.166100 
49 	 0.166100 
25 	 0.166300 
32 	 0.166300 
33 	 0.166800 
28 	 0.167000 
2 	 0.167100 
3 	 0.167100 
10 	 0.167100 
11 	 0.167100 
13 	 0.167100 
14 	 0.167100 
15 	 0.167100 
20 	 0.167100 
24 	 0.167100 
27 	 0.167100 
30 	 0.167100 
37 	 0.167100 
38 	 0.167100 
23 	 0.167500 
46 	 0.167700 
36 	 0.167800 
1 	 0.168100 
4 	 0.168100 
5 	 0.168100 
9 	 0.168100 
12 	 0.168100 
16 	 0.168100 
17 	 0.168100 
21 	 0.168100 
25 	 0.168100 
31 	 0.168100 
33 	 0.168100 
41 	 0.168100 
43 	 0.168100 
47 	 0.168100 
48 	 0.168100 
44 	 0.168200 
7 	 0.168600 
27 	 0.168900 
0 	 0.169100 
2 	 0.169100 
10 	 0.169100 
11 	 0.169100 
14 	 0.169100 
15 	 0.169100 
18 	 0.169100 
19 	 0.169100 
23 	 0.169100 
24 	 0.169100 
28 	 0.169100 
29 	 0.169100 
34 	 0.169100 
36 	 0.169100 
38 	 0.169100 
42 	 0.169100 
45 	 0.169100 
35 	 0.169400 
3 	 0.169800 
43 	 0.169900 
16 	 0.170000 
47 	 0.170000 
1 	 0.170100 
4 	 0.170100 
7 	 0.170100 
9 	 0.170100 
12 	 0.170100 
13 	 0.170100 
17 	 0.170100 
20 	 0.170100 
21 	 0.170100 
22 	 0.170100 
25 	 0.170100 
27 	 0.170100 
30 	 0.170100 
31 	 0.170100 
33 	 0.170100 
39 	 0.170100 
41 	 0.170100 
49 	 0.170100 
44 	 0.170300 
5 	 0.170400 
6 	 0.171000 
8 	 0.171100 
10 	 0.171100 
11 	 0.171100 
24 	 0.171100 
28 	 0.171100 
37 	 0.171100 
40 	 0.171100 
42 	 0.171100 
43 	 0.171100 
45 	 0.171100 
48 	 0.171100 
23 	 0.171500 
38 	 0.171500 
15 	 0.171700 
29 	 0.171700 
3 	 0.171900 
0 	 0.172000 
16 	 0.172000 
1 	 0.172100 
5 	 0.172100 
7 	 0.172100 
9 	 0.172100 
14 	 0.172100 
17 	 0.172100 
19 	 0.172100 
20 	 0.172100 
21 	 0.172100 
22 	 0.172100 
27 	 0.172100 
33 	 0.172100 
35 	 0.172100 
41 	 0.172100 
47 	 0.172100 
49 	 0.172100 
30 	 0.172200 
36 	 0.172500 
4 	 0.173100 
10 	 0.173100 
15 	 0.173100 
23 	 0.173100 
25 	 0.173100 
31 	 0.173100 
34 	 0.173100 
37 	 0.173100 
38 	 0.173100 
39 	 0.173100 
40 	 0.173100 
42 	 0.173100 
24 	 0.173500 
28 	 0.173500 
44 	 0.173700 
3 	 0.173900 
0 	 0.174100 
1 	 0.174100 
5 	 0.174100 
6 	 0.174100 
7 	 0.174100 
8 	 0.174100 
11 	 0.174100 
12 	 0.174100 
14 	 0.174100 
17 	 0.174100 
18 	 0.174100 
20 	 0.174100 
21 	 0.174100 
27 	 0.174100 
36 	 0.174100 
41 	 0.174100 
43 	 0.174100 
49 	 0.174100 
19 	 0.174200 
30 	 0.174400 
45 	 0.174600 
39 	 0.174900 
4 	 0.175100 
10 	 0.175100 
15 	 0.175100 
16 	 0.175100 
23 	 0.175100 
24 	 0.175100 
31 	 0.175100 
32 	 0.175100 
33 	 0.175100 
38 	 0.175100 
40 	 0.175100 
42 	 0.175100 
48 	 0.175100 
44 	 0.175400 
29 	 0.175500 
47 	 0.175500 
3 	 0.175700 
0 	 0.175800 
7 	 0.176100 
25 	 0.176200 
16 	 0.177000 
21 	 0.177000 
36 	 0.177000 
6 	 0.177100 
28 	 0.177200 
44 	 0.177200 
17 	 0.177400 
10 	 0.177500 
23 	 0.177500 
39 	 0.178000 
7 	 0.178100 
24 	 0.178100 
47 	 0.178200 
38 	 0.178400 
0 	 0.178500 
43 	 0.178500 
6 	 0.179200 
44 	 0.179200 
4 	 0.179400 
36 	 0.179400 
10 	 0.179700 
11 	 0.180000 
25 	 0.180000 
16 	 0.180100 
21 	 0.180100 
23 	 0.180100 
33 	 0.180100 
24 	 0.180500 
0 	 0.180800 
15 	 0.181100 
31 	 0.181100 
7 	 0.181400 
38 	 0.181400 
9 	 0.181600 
43 	 0.181600 
0 	 0.182100 
1 	 0.182100 
2 	 0.182100 
3 	 0.182100 
4 	 0.182100 
5 	 0.182100 
6 	 0.182100 
11 	 0.182100 
12 	 0.182100 
14 	 0.182100 
19 	 0.182100 
20 	 0.182100 
21 	 0.182100 
22 	 0.182100 
23 	 0.182100 
24 	 0.182100 
26 	 0.182100 
27 	 0.182100 
29 	 0.182100 
32 	 0.182100 
39 	 0.182100 
40 	 0.182100 
41 	 0.182100 
42 	 0.182100 
44 	 0.182100 
45 	 0.182100 
49 	 0.182100 
33 	 0.182300 
10 	 0.183100 
17 	 0.183100 
28 	 0.183100 
30 	 0.183100 
36 	 0.183100 
37 	 0.183100 
38 	 0.183100 
48 	 0.183100 
25 	 0.184000 
0 	 0.184100 
1 	 0.184100 
3 	 0.184100 
6 	 0.184100 
9 	 0.184100 
12 	 0.184100 
13 	 0.184100 
15 	 0.184100 
18 	 0.184100 
22 	 0.184100 
23 	 0.184100 
24 	 0.184100 
26 	 0.184100 
27 	 0.184100 
33 	 0.184100 
41 	 0.184100 
45 	 0.184100 
49 	 0.184100 
21 	 0.184200 
7 	 0.184600 
29 	 0.184700 
20 	 0.184800 
2 	 0.185100 
4 	 0.185100 
8 	 0.185100 
10 	 0.185100 
14 	 0.185100 
17 	 0.185100 
31 	 0.185100 
34 	 0.185100 
35 	 0.185100 
37 	 0.185100 
39 	 0.185100 
42 	 0.185100 
48 	 0.185100 
40 	 0.185400 
16 	 0.185600 
28 	 0.185700 
5 	 0.185900 
9 	 0.185900 
24 	 0.185900 
18 	 0.186000 
36 	 0.186000 
6 	 0.186100 
11 	 0.186100 
12 	 0.186100 
13 	 0.186100 
20 	 0.186100 
22 	 0.186100 
27 	 0.186100 
32 	 0.186100 
41 	 0.186100 
43 	 0.186100 
44 	 0.186100 
45 	 0.186100 
46 	 0.186100 
49 	 0.186100 
47 	 0.186400 
26 	 0.186500 
15 	 0.187000 
48 	 0.187000 
1 	 0.187100 
2 	 0.187100 
3 	 0.187100 
4 	 0.187100 
5 	 0.187100 
7 	 0.187100 
8 	 0.187100 
10 	 0.187100 
14 	 0.187100 
16 	 0.187100 
21 	 0.187100 
23 	 0.187100 
24 	 0.187100 
25 	 0.187100 
28 	 0.187100 
29 	 0.187100 
30 	 0.187100 
39 	 0.187100 
42 	 0.187100 
35 	 0.187400 
17 	 0.187600 
40 	 0.187700 
6 	 0.188100 
20 	 0.188100 
22 	 0.188100 
27 	 0.188100 
37 	 0.188100 
38 	 0.188100 
41 	 0.188100 
43 	 0.188100 
45 	 0.188100 
46 	 0.188100 
44 	 0.188400 
28 	 0.188500 
47 	 0.188500 
33 	 0.188700 
1 	 0.189100 
3 	 0.189100 
7 	 0.189100 
8 	 0.189100 
10 	 0.189100 
11 	 0.189100 
12 	 0.189100 
13 	 0.189100 
15 	 0.189100 
18 	 0.189100 
21 	 0.189100 
24 	 0.189100 
29 	 0.189100 
31 	 0.189100 
34 	 0.189100 
36 	 0.189100 
42 	 0.189100 
49 	 0.189100 
4 	 0.189200 
9 	 0.189800 
39 	 0.189800 
46 	 0.189900 
6 	 0.190100 
17 	 0.190100 
20 	 0.190100 
23 	 0.190100 
27 	 0.190100 
30 	 0.190100 
38 	 0.190100 
40 	 0.190100 
45 	 0.190100 
48 	 0.190100 
16 	 0.190300 
44 	 0.190600 
0 	 0.190900 
1 	 0.191100 
4 	 0.191100 
5 	 0.191100 
8 	 0.191100 
11 	 0.191100 
12 	 0.191100 
15 	 0.191100 
18 	 0.191100 
25 	 0.191100 
26 	 0.191100 
28 	 0.191100 
31 	 0.191100 
32 	 0.191100 
33 	 0.191100 
34 	 0.191100 
35 	 0.191100 
37 	 0.191100 
42 	 0.191100 
43 	 0.191100 
47 	 0.191100 
49 	 0.191100 
21 	 0.191300 
24 	 0.191300 
7 	 0.191500 
3 	 0.191700 
29 	 0.191700 
23 	 0.192000 
2 	 0.192100 
6 	 0.192100 
14 	 0.192100 
17 	 0.192100 
19 	 0.192100 
20 	 0.192100 
30 	 0.192100 
36 	 0.192100 
41 	 0.192100 
44 	 0.192100 
45 	 0.192100 
46 	 0.192100 
48 	 0.192100 
8 	 0.192900 
1 	 0.193100 
4 	 0.193100 
5 	 0.193100 
9 	 0.193100 
10 	 0.193100 
12 	 0.193100 
13 	 0.193100 
16 	 0.193100 
21 	 0.193100 
24 	 0.193100 
25 	 0.193100 
27 	 0.193100 
32 	 0.193100 
33 	 0.193100 
37 	 0.193100 
38 	 0.193100 
39 	 0.193100 
40 	 0.193100 
43 	 0.193100 
49 	 0.193100 
31 	 0.193200 
28 	 0.193300 
0 	 0.193600 
23 	 0.193800 
7 	 0.194000 
17 	 0.194100 
18 	 0.194100 
20 	 0.194100 
29 	 0.194100 
30 	 0.194100 
34 	 0.194100 
41 	 0.194100 
42 	 0.194100 
44 	 0.194100 
45 	 0.194100 
48 	 0.194100 
36 	 0.194200 
3 	 0.194700 
15 	 0.195000 
1 	 0.195100 
4 	 0.195100 
11 	 0.195100 
12 	 0.195100 
16 	 0.195100 
21 	 0.195100 
24 	 0.195100 
38 	 0.195100 
39 	 0.195100 
43 	 0.195100 
46 	 0.195100 
47 	 0.195100 
49 	 0.195100 
23 	 0.195500 
28 	 0.195600 
6 	 0.195800 
36 	 0.196000 
2 	 0.196100 
3 	 0.196100 
5 	 0.196100 
9 	 0.196100 
10 	 0.196100 
14 	 0.196100 
18 	 0.196100 
19 	 0.196100 
20 	 0.196100 
25 	 0.196100 
26 	 0.196100 
31 	 0.196100 
44 	 0.196100 
45 	 0.196100 
48 	 0.196100 
7 	 0.196300 
0 	 0.196500 
17 	 0.196600 
33 	 0.196700 
16 	 0.196900 
21 	 0.196900 
1 	 0.197100 
4 	 0.197100 
6 	 0.197100 
12 	 0.197100 
15 	 0.197100 
27 	 0.197100 
28 	 0.197100 
35 	 0.197100 
39 	 0.197100 
42 	 0.197100 
43 	 0.197100 
47 	 0.197100 
49 	 0.197100 
23 	 0.197300 
38 	 0.197300 
32 	 0.197600 
44 	 0.197900 
46 	 0.197900 
3 	 0.198100 
5 	 0.198100 
7 	 0.198100 
9 	 0.198100 
14 	 0.198100 
16 	 0.198100 
19 	 0.198100 
20 	 0.198100 
21 	 0.198100 
33 	 0.198100 
41 	 0.198100 
48 	 0.198100 
24 	 0.198200 
36 	 0.198400 
1 	 0.199100 
4 	 0.199100 
10 	 0.199100 
11 	 0.199100 
12 	 0.199100 
18 	 0.199100 
27 	 0.199100 
30 	 0.199100 
31 	 0.199100 
35 	 0.199100 
37 	 0.199100 
39 	 0.199100 
40 	 0.199100 
47 	 0.199100 
49 	 0.199100 
38 	 0.199200 
23 	 0.199500 
15 	 0.199800 
20 	 0.200000 
5 	 0.200100 
16 	 0.200100 
21 	 0.200100 
25 	 0.200100 
33 	 0.200100 
34 	 0.200100 
36 	 0.200100 
42 	 0.200100 
43 	 0.200100 
44 	 0.200100 
45 	 0.200100 
46 	 0.200100 
0 	 0.200500 
7 	 0.200500 
17 	 0.200700 
11 	 0.200800 
24 	 0.200900 
47 	 0.200900 
2 	 0.201100 
3 	 0.201100 
6 	 0.201100 
9 	 0.201100 
10 	 0.201100 
12 	 0.201100 
15 	 0.201100 
22 	 0.201100 
23 	 0.201100 
29 	 0.201100 
37 	 0.201100 
38 	 0.201100 
39 	 0.201100 
49 	 0.201100 
33 	 0.201700 
28 	 0.202000 
36 	 0.202000 
1 	 0.202100 
4 	 0.202100 
7 	 0.202100 
8 	 0.202100 
11 	 0.202100 
14 	 0.202100 
20 	 0.202100 
21 	 0.202100 
25 	 0.202100 
27 	 0.202100 
30 	 0.202100 
31 	 0.202100 
34 	 0.202100 
41 	 0.202100 
42 	 0.202100 
45 	 0.202100 
48 	 0.202100 
44 	 0.202500 
17 	 0.202700 
47 	 0.203000 
10 	 0.203100 
12 	 0.203100 
15 	 0.203100 
19 	 0.203100 
23 	 0.203100 
24 	 0.203100 
29 	 0.203100 
39 	 0.203100 
43 	 0.203100 
49 	 0.203100 
38 	 0.203200 
33 	 0.203300 
3 	 0.203500 
28 	 0.204000 
0 	 0.204100 
1 	 0.204100 
2 	 0.204100 
4 	 0.204100 
5 	 0.204100 
8 	 0.204100 
13 	 0.204100 
20 	 0.204100 
21 	 0.204100 
25 	 0.204100 
27 	 0.204100 
31 	 0.204100 
37 	 0.204100 
41 	 0.204100 
42 	 0.204100 
45 	 0.204100 
46 	 0.204100 
48 	 0.204100 
6 	 0.204200 
44 	 0.204200 
7 	 0.204600 
16 	 0.204700 
36 	 0.204900 
43 	 0.204900 
11 	 0.205000 
9 	 0.205100 
10 	 0.205100 
14 	 0.205100 
15 	 0.205100 
17 	 0.205100 
24 	 0.205100 
26 	 0.205100 
29 	 0.205100 
32 	 0.205100 
39 	 0.205100 
47 	 0.205100 
49 	 0.205100 
23 	 0.205500 
3 	 0.205700 
0 	 0.205800 
1 	 0.206100 
2 	 0.206100 
5 	 0.206100 
6 	 0.206100 
12 	 0.206100 
13 	 0.206100 
16 	 0.206100 
21 	 0.206100 
27 	 0.206100 
33 	 0.206100 
37 	 0.206100 
41 	 0.206100 
42 	 0.206100 
43 	 0.206100 
45 	 0.206100 
48 	 0.206100 
7 	 0.206600 
18 	 0.206700 
34 	 0.206700 
44 	 0.206900 
47 	 0.207000 
4 	 0.207100 
9 	 0.207100 
11 	 0.207100 
22 	 0.207100 
23 	 0.207100 
24 	 0.207100 
28 	 0.207100 
32 	 0.207100 
38 	 0.207100 
39 	 0.207100 
40 	 0.207100 
49 	 0.207100 
29 	 0.207500 
0 	 0.207600 
33 	 0.207600 
3 	 0.207900 
2 	 0.208100 
5 	 0.208100 
6 	 0.208100 
10 	 0.208100 
12 	 0.208100 
14 	 0.208100 
15 	 0.208100 
20 	 0.208100 
21 	 0.208100 
26 	 0.208100 
31 	 0.208100 
34 	 0.208100 
41 	 0.208100 
42 	 0.208100 
43 	 0.208100 
18 	 0.208900 
23 	 0.208900 
44 	 0.208900 
47 	 0.208900 
7 	 0.209000 
24 	 0.209100 
22 	 0.209200 
36 	 0.209600 
43 	 0.209900 
0 	 0.210300 
25 	 0.210300 
28 	 0.210500 
32 	 0.210900 
44 	 0.210900 
23 	 0.211100 
24 	 0.211100 
4 	 0.211200 
7 	 0.211300 
21 	 0.211300 
10 	 0.211500 
15 	 0.211500 
6 	 0.211800 
11 	 0.211900 
36 	 0.211900 
38 	 0.212000 
33 	 0.212300 
25 	 0.212600 
44 	 0.212900 
21 	 0.213300 
47 	 0.213400 
0 	 0.213500 
7 	 0.213500 
6 	 0.213800 
39 	 0.213800 
43 	 0.213900 
3 	 0.214100 
15 	 0.214100 
24 	 0.214100 
36 	 0.214300 
38 	 0.214400 
10 	 0.214600 
11 	 0.214600 
23 	 0.215000 
4 	 0.215100 
5 	 0.215100 
6 	 0.215100 
8 	 0.215100 
9 	 0.215100 
12 	 0.215100 
13 	 0.215100 
16 	 0.215100 
17 	 0.215100 
18 	 0.215100 
20 	 0.215100 
21 	 0.215100 
27 	 0.215100 
31 	 0.215100 
33 	 0.215100 
35 	 0.215100 
39 	 0.215100 
41 	 0.215100 
42 	 0.215100 
47 	 0.215100 
49 	 0.215100 
0 	 0.216100 
1 	 0.216100 
7 	 0.216100 
10 	 0.216100 
11 	 0.216100 
15 	 0.216100 
19 	 0.216100 
22 	 0.216100 
25 	 0.216100 
28 	 0.216100 
32 	 0.216100 
38 	 0.216100 
43 	 0.216100 
45 	 0.216100 
48 	 0.216100 
33 	 0.216600 
36 	 0.217000 
4 	 0.217100 
6 	 0.217100 
17 	 0.217100 
20 	 0.217100 
21 	 0.217100 
24 	 0.217100 
26 	 0.217100 
30 	 0.217100 
35 	 0.217100 
39 	 0.217100 
40 	 0.217100 
41 	 0.217100 
42 	 0.217100 
46 	 0.217100 
49 	 0.217100 
9 	 0.217200 
47 	 0.217200 
16 	 0.217500 
23 	 0.217500 
44 	 0.217600 
3 	 0.217800 
13 	 0.217800 
0 	 0.218100 
1 	 0.218100 
2 	 0.218100 
7 	 0.218100 
8 	 0.218100 
10 	 0.218100 
11 	 0.218100 
12 	 0.218100 
18 	 0.218100 
28 	 0.218100 
31 	 0.218100 
33 	 0.218100 
37 	 0.218100 
43 	 0.218100 
9 	 0.218900 
3 	 0.219100 
6 	 0.219100 
13 	 0.219100 
14 	 0.219100 
15 	 0.219100 
20 	 0.219100 
21 	 0.219100 
23 	 0.219100 
24 	 0.219100 
25 	 0.219100 
26 	 0.219100 
27 	 0.219100 
30 	 0.219100 
39 	 0.219100 
45 	 0.219100 
47 	 0.219100 
16 	 0.219300 
17 	 0.219900 
0 	 0.220100 
2 	 0.220100 
4 	 0.220100 
7 	 0.220100 
11 	 0.220100 
12 	 0.220100 
19 	 0.220100 
28 	 0.220100 
31 	 0.220100 
32 	 0.220100 
33 	 0.220100 
37 	 0.220100 
38 	 0.220100 
40 	 0.220100 
42 	 0.220100 
43 	 0.220100 
48 	 0.220100 
8 	 0.220200 
36 	 0.220300 
44 	 0.220500 
18 	 0.220700 
24 	 0.220900 
49 	 0.221000 
1 	 0.221100 
5 	 0.221100 
9 	 0.221100 
10 	 0.221100 
14 	 0.221100 
15 	 0.221100 
16 	 0.221100 
21 	 0.221100 
27 	 0.221100 
29 	 0.221100 
34 	 0.221100 
39 	 0.221100 
46 	 0.221100 
47 	 0.221100 
3 	 0.221800 
11 	 0.222100 
22 	 0.222100 
23 	 0.222100 
24 	 0.222100 
25 	 0.222100 
26 	 0.222100 
28 	 0.222100 
35 	 0.222100 
36 	 0.222100 
37 	 0.222100 
38 	 0.222100 
41 	 0.222100 
43 	 0.222100 
48 	 0.222100 
40 	 0.222200 
33 	 0.222400 
17 	 0.222500 
44 	 0.222500 
18 	 0.222700 
7 	 0.222800 
16 	 0.222800 
46 	 0.222800 
10 	 0.223000 
1 	 0.223100 
4 	 0.223100 
5 	 0.223100 
6 	 0.223100 
9 	 0.223100 
12 	 0.223100 
15 	 0.223100 
19 	 0.223100 
27 	 0.223100 
31 	 0.223100 
34 	 0.223100 
39 	 0.223100 
45 	 0.223100 
47 	 0.223100 
49 	 0.223100 
21 	 0.223200 
36 	 0.223800 
11 	 0.224000 
2 	 0.224100 
3 	 0.224100 
8 	 0.224100 
18 	 0.224100 
20 	 0.224100 
26 	 0.224100 
33 	 0.224100 
38 	 0.224100 
41 	 0.224100 
46 	 0.224100 
48 	 0.224100 
28 	 0.224200 
44 	 0.224200 
24 	 0.224300 
23 	 0.224600 
7 	 0.225000 
1 	 0.225100 
5 	 0.225100 
6 	 0.225100 
9 	 0.225100 
10 	 0.225100 
12 	 0.225100 
21 	 0.225100 
22 	 0.225100 
27 	 0.225100 
31 	 0.225100 
32 	 0.225100 
34 	 0.225100 
39 	 0.225100 
42 	 0.225100 
45 	 0.225100 
49 	 0.225100 
15 	 0.225200 
26 	 0.225800 
0 	 0.226000 
2 	 0.226000 
33 	 0.226000 
11 	 0.226100 
14 	 0.226100 
17 	 0.226100 
20 	 0.226100 
37 	 0.226100 
40 	 0.226100 
41 	 0.226100 
43 	 0.226100 
48 	 0.226100 
24 	 0.226300 
28 	 0.226300 
36 	 0.226500 
23 	 0.226600 
3 	 0.226700 
18 	 0.226800 
39 	 0.226900 
1 	 0.227100 
5 	 0.227100 
7 	 0.227100 
8 	 0.227100 
12 	 0.227100 
15 	 0.227100 
19 	 0.227100 
21 	 0.227100 
25 	 0.227100 
27 	 0.227100 
31 	 0.227100 
32 	 0.227100 
34 	 0.227100 
35 	 0.227100 
44 	 0.227100 
45 	 0.227100 
47 	 0.227100 
6 	 0.227600 
11 	 0.227800 
40 	 0.227900 
48 	 0.227900 
2 	 0.228100 
3 	 0.228100 
4 	 0.228100 
10 	 0.228100 
17 	 0.228100 
23 	 0.228100 
28 	 0.228100 
37 	 0.228100 
39 	 0.228100 
41 	 0.228100 
42 	 0.228100 
49 	 0.228100 
36 	 0.228200 
24 	 0.228500 
29 	 0.228800 
16 	 0.229000 
44 	 0.229000 
5 	 0.229100 
6 	 0.229100 
8 	 0.229100 
11 	 0.229100 
12 	 0.229100 
14 	 0.229100 
20 	 0.229100 
25 	 0.229100 
27 	 0.229100 
30 	 0.229100 
32 	 0.229100 
43 	 0.229100 
45 	 0.229100 
46 	 0.229100 
47 	 0.229100 
48 	 0.229100 
15 	 0.229300 
21 	 0.229300 
7 	 0.229600 
3 	 0.230100 
4 	 0.230100 
10 	 0.230100 
18 	 0.230100 
26 	 0.230100 
31 	 0.230100 
37 	 0.230100 
38 	 0.230100 
39 	 0.230100 
49 	 0.230100 
33 	 0.230300 
17 	 0.230500 
24 	 0.230700 
0 	 0.231100 
2 	 0.231100 
5 	 0.231100 
6 	 0.231100 
7 	 0.231100 
9 	 0.231100 
12 	 0.231100 
13 	 0.231100 
15 	 0.231100 
19 	 0.231100 
20 	 0.231100 
21 	 0.231100 
22 	 0.231100 
28 	 0.231100 
29 	 0.231100 
32 	 0.231100 
42 	 0.231100 
43 	 0.231100 
44 	 0.231100 
45 	 0.231100 
48 	 0.231100 
23 	 0.231200 
35 	 0.231400 
47 	 0.231400 
36 	 0.231600 
39 	 0.231800 
1 	 0.232100 
3 	 0.232100 
8 	 0.232100 
10 	 0.232100 
17 	 0.232100 
18 	 0.232100 
25 	 0.232100 
31 	 0.232100 
33 	 0.232100 
34 	 0.232100 
37 	 0.232100 
38 	 0.232100 
40 	 0.232100 
49 	 0.232100 
0 	 0.232900 
15 	 0.232900 
24 	 0.232900 
46 	 0.232900 
2 	 0.233100 
4 	 0.233100 
5 	 0.233100 
6 	 0.233100 
9 	 0.233100 
12 	 0.233100 
20 	 0.233100 
23 	 0.233100 
26 	 0.233100 
32 	 0.233100 
39 	 0.233100 
45 	 0.233100 
48 	 0.233100 
47 	 0.233200 
35 	 0.233300 
44 	 0.233400 
7 	 0.233800 
21 	 0.233900 
0 	 0.234100 
3 	 0.234100 
8 	 0.234100 
10 	 0.234100 
11 	 0.234100 
13 	 0.234100 
14 	 0.234100 
15 	 0.234100 
19 	 0.234100 
22 	 0.234100 
25 	 0.234100 
27 	 0.234100 
28 	 0.234100 
33 	 0.234100 
36 	 0.234100 
38 	 0.234100 
41 	 0.234100 
42 	 0.234100 
43 	 0.234100 
46 	 0.234100 
49 	 0.234100 
17 	 0.234400 
23 	 0.234700 
9 	 0.234900 
16 	 0.235000 
5 	 0.235100 
6 	 0.235100 
7 	 0.235100 
18 	 0.235100 
20 	 0.235100 
21 	 0.235100 
24 	 0.235100 
26 	 0.235100 
29 	 0.235100 
30 	 0.235100 
48 	 0.235100 
39 	 0.235200 
47 	 0.235200 
49 	 0.235600 
46 	 0.235700 
44 	 0.235900 
0 	 0.236100 
1 	 0.236100 
4 	 0.236100 
9 	 0.236100 
10 	 0.236100 
11 	 0.236100 
12 	 0.236100 
15 	 0.236100 
17 	 0.236100 
19 	 0.236100 
22 	 0.236100 
27 	 0.236100 
31 	 0.236100 
32 	 0.236100 
33 	 0.236100 
34 	 0.236100 
36 	 0.236100 
41 	 0.236100 
42 	 0.236100 
43 	 0.236100 
45 	 0.236100 
38 	 0.236300 
3 	 0.236700 
23 	 0.236700 
5 	 0.237100 
6 	 0.237100 
8 	 0.237100 
16 	 0.237100 
20 	 0.237100 
21 	 0.237100 
24 	 0.237100 
28 	 0.237100 
35 	 0.237100 
37 	 0.237100 
39 	 0.237100 
47 	 0.237200 
7 	 0.237900 
1 	 0.238100 
4 	 0.238100 
9 	 0.238100 
10 	 0.238100 
12 	 0.238100 
13 	 0.238100 
17 	 0.238100 
26 	 0.238100 
27 	 0.238100 
30 	 0.238100 
31 	 0.238100 
32 	 0.238100 
38 	 0.238100 
41 	 0.238100 
42 	 0.238100 
43 	 0.238100 
45 	 0.238100 
46 	 0.238100 
48 	 0.238100 
49 	 0.238100 
33 	 0.238300 
23 	 0.238400 
25 	 0.238400 
0 	 0.238500 
21 	 0.238800 
36 	 0.238900 
5 	 0.239100 
7 	 0.239100 
8 	 0.239100 
15 	 0.239100 
16 	 0.239100 
34 	 0.239100 
35 	 0.239100 
37 	 0.239100 
39 	 0.239100 
44 	 0.239100 
28 	 0.239500 
3 	 0.239700 
24 	 0.239800 
31 	 0.240100 
33 	 0.240200 
23 	 0.240400 
19 	 0.240600 
18 	 0.240900 
21 	 0.240900 
38 	 0.241000 
0 	 0.241100 
6 	 0.241100 
35 	 0.241200 
47 	 0.241200 
49 	 0.241200 
22 	 0.241300 
17 	 0.241400 
32 	 0.241600 
10 	 0.241700 
36 	 0.241900 
7 	 0.242000 
44 	 0.242200 
24 	 0.242300 
39 	 0.242300 
25 	 0.242700 
6 	 0.242900 
31 	 0.242900 
11 	 0.243000 
3 	 0.243200 
22 	 0.243200 
15 	 0.243400 
38 	 0.243400 
0 	 0.243500 
23 	 0.243500 
10 	 0.243700 
46 	 0.243700 
33 	 0.243800 
21 	 0.244100 
4 	 0.244200 
43 	 0.244200 
7 	 0.244800 
12 	 0.244900 
42 	 0.244900 
11 	 0.245000 
32 	 0.245100 
39 	 0.245100 
22 	 0.245200 
36 	 0.245200 
24 	 0.245300 
17 	 0.245500 
25 	 0.245500 
33 	 0.245600 
38 	 0.245700 
46 	 0.245700 
44 	 0.245900 
18 	 0.246000 
0 	 0.246400 
19 	 0.246600 
23 	 0.246600 
21 	 0.246700 
6 	 0.246800 
4 	 0.247000 
22 	 0.247000 
15 	 0.247100 
43 	 0.247200 
47 	 0.247300 
3 	 0.247700 
39 	 0.247700 
11 	 0.247800 
33 	 0.247800 
24 	 0.247900 
36 	 0.247900 
1 	 0.248100 
5 	 0.248100 
10 	 0.248100 
12 	 0.248100 
19 	 0.248100 
20 	 0.248100 
21 	 0.248100 
27 	 0.248100 
28 	 0.248100 
31 	 0.248100 
32 	 0.248100 
34 	 0.248100 
35 	 0.248100 
37 	 0.248100 
41 	 0.248100 
42 	 0.248100 
44 	 0.248100 
45 	 0.248100 
46 	 0.248300 
25 	 0.248400 
7 	 0.248600 
38 	 0.248700 
2 	 0.249100 
3 	 0.249100 
4 	 0.249100 
6 	 0.249100 
8 	 0.249100 
13 	 0.249100 
15 	 0.249100 
24 	 0.249100 
26 	 0.249100 
30 	 0.249100 
33 	 0.249100 
39 	 0.249100 
43 	 0.249100 
48 	 0.249100 
49 	 0.249100 
-2 	 -2 
