1 	 0.001100 
4 	 0.001100 
7 	 0.001100 
8 	 0.001100 
12 	 0.001100 
14 	 0.001100 
15 	 0.001100 
16 	 0.001100 
17 	 0.001100 
18 	 0.001100 
19 	 0.001100 
20 	 0.001100 
23 	 0.001100 
24 	 0.001100 
26 	 0.001100 
28 	 0.001100 
29 	 0.001100 
31 	 0.001100 
32 	 0.001100 
33 	 0.001100 
34 	 0.001100 
35 	 0.001100 
36 	 0.001100 
37 	 0.001100 
39 	 0.001100 
43 	 0.001100 
44 	 0.001100 
0 	 0.002100 
6 	 0.002100 
11 	 0.002100 
13 	 0.002100 
21 	 0.002100 
22 	 0.002100 
25 	 0.002100 
27 	 0.002100 
30 	 0.002100 
38 	 0.002100 
40 	 0.002100 
41 	 0.002100 
45 	 0.002100 
46 	 0.002100 
47 	 0.002100 
48 	 0.002100 
1 	 0.003100 
2 	 0.003100 
4 	 0.003100 
7 	 0.003100 
10 	 0.003100 
12 	 0.003100 
14 	 0.003100 
17 	 0.003100 
18 	 0.003100 
19 	 0.003100 
23 	 0.003100 
24 	 0.003100 
26 	 0.003100 
34 	 0.003100 
36 	 0.003100 
37 	 0.003100 
39 	 0.003100 
43 	 0.003100 
44 	 0.003100 
3 	 0.004100 
13 	 0.004100 
16 	 0.004100 
20 	 0.004100 
21 	 0.004100 
28 	 0.004100 
29 	 0.004100 
30 	 0.004100 
31 	 0.004100 
33 	 0.004100 
35 	 0.004100 
41 	 0.004100 
45 	 0.004100 
46 	 0.004100 
48 	 0.004100 
49 	 0.004100 
40 	 0.005000 
1 	 0.005100 
4 	 0.005100 
5 	 0.005100 
6 	 0.005100 
10 	 0.005100 
11 	 0.005100 
12 	 0.005100 
15 	 0.005100 
17 	 0.005100 
18 	 0.005100 
19 	 0.005100 
23 	 0.005100 
24 	 0.005100 
25 	 0.005100 
27 	 0.005100 
32 	 0.005100 
34 	 0.005100 
36 	 0.005100 
37 	 0.005100 
38 	 0.005100 
39 	 0.005100 
43 	 0.005100 
47 	 0.005100 
9 	 0.005800 
2 	 0.006100 
7 	 0.006100 
8 	 0.006100 
13 	 0.006100 
14 	 0.006100 
16 	 0.006100 
20 	 0.006100 
22 	 0.006100 
29 	 0.006100 
30 	 0.006100 
31 	 0.006100 
33 	 0.006100 
35 	 0.006100 
41 	 0.006100 
45 	 0.006100 
46 	 0.006100 
48 	 0.006100 
49 	 0.006100 
18 	 0.006800 
44 	 0.006800 
21 	 0.006900 
0 	 0.007100 
1 	 0.007100 
4 	 0.007100 
6 	 0.007100 
10 	 0.007100 
11 	 0.007100 
12 	 0.007100 
15 	 0.007100 
17 	 0.007100 
19 	 0.007100 
23 	 0.007100 
24 	 0.007100 
25 	 0.007100 
28 	 0.007100 
32 	 0.007100 
34 	 0.007100 
36 	 0.007100 
37 	 0.007100 
38 	 0.007100 
39 	 0.007100 
40 	 0.007100 
42 	 0.007100 
47 	 0.007100 
5 	 0.007500 
3 	 0.007700 
7 	 0.008100 
8 	 0.008100 
13 	 0.008100 
14 	 0.008100 
16 	 0.008100 
18 	 0.008100 
20 	 0.008100 
22 	 0.008100 
27 	 0.008100 
30 	 0.008100 
41 	 0.008100 
43 	 0.008100 
45 	 0.008100 
46 	 0.008100 
48 	 0.008100 
49 	 0.008100 
44 	 0.008400 
24 	 0.009000 
0 	 0.009100 
1 	 0.009100 
4 	 0.009100 
6 	 0.009100 
12 	 0.009100 
15 	 0.009100 
17 	 0.009100 
19 	 0.009100 
23 	 0.009100 
25 	 0.009100 
29 	 0.009100 
31 	 0.009100 
33 	 0.009100 
34 	 0.009100 
36 	 0.009100 
37 	 0.009100 
38 	 0.009100 
39 	 0.009100 
40 	 0.009100 
42 	 0.009100 
47 	 0.009100 
21 	 0.009300 
28 	 0.009600 
5 	 0.010100 
7 	 0.010100 
10 	 0.010100 
13 	 0.010100 
14 	 0.010100 
18 	 0.010100 
20 	 0.010100 
22 	 0.010100 
43 	 0.010100 
45 	 0.010100 
48 	 0.010100 
44 	 0.010200 
3 	 0.010600 
23 	 0.010700 
24 	 0.010700 
47 	 0.010900 
25 	 0.011000 
4 	 0.011100 
6 	 0.011100 
11 	 0.011100 
15 	 0.011200 
33 	 0.011400 
29 	 0.011700 
21 	 0.011800 
0 	 0.011900 
16 	 0.012000 
1 	 0.012100 
2 	 0.012100 
7 	 0.012100 
8 	 0.012100 
13 	 0.012100 
14 	 0.012100 
17 	 0.012100 
18 	 0.012100 
19 	 0.012100 
22 	 0.012100 
23 	 0.012100 
24 	 0.012100 
27 	 0.012100 
30 	 0.012100 
32 	 0.012100 
34 	 0.012100 
35 	 0.012100 
36 	 0.012100 
37 	 0.012100 
39 	 0.012100 
40 	 0.012100 
41 	 0.012100 
45 	 0.012100 
46 	 0.012100 
48 	 0.012100 
49 	 0.012100 
47 	 0.012500 
44 	 0.012600 
10 	 0.012700 
4 	 0.013100 
6 	 0.013100 
12 	 0.013100 
15 	 0.013100 
20 	 0.013100 
21 	 0.013100 
25 	 0.013100 
26 	 0.013100 
28 	 0.013100 
31 	 0.013100 
43 	 0.013100 
33 	 0.013200 
3 	 0.013800 
24 	 0.014000 
36 	 0.014000 
1 	 0.014100 
7 	 0.014100 
8 	 0.014100 
13 	 0.014100 
14 	 0.014100 
16 	 0.014100 
17 	 0.014100 
23 	 0.014100 
27 	 0.014100 
29 	 0.014100 
30 	 0.014100 
32 	 0.014100 
34 	 0.014100 
35 	 0.014100 
38 	 0.014100 
39 	 0.014100 
40 	 0.014100 
41 	 0.014100 
45 	 0.014100 
46 	 0.014100 
47 	 0.014100 
48 	 0.014100 
44 	 0.014200 
2 	 0.014300 
0 	 0.014600 
20 	 0.014700 
26 	 0.014800 
28 	 0.014900 
6 	 0.015200 
33 	 0.015200 
21 	 0.015300 
25 	 0.015400 
35 	 0.015500 
10 	 0.015700 
29 	 0.015800 
24 	 0.016000 
36 	 0.016000 
40 	 0.016000 
0 	 0.016100 
3 	 0.016100 
4 	 0.016100 
5 	 0.016100 
7 	 0.016100 
11 	 0.016100 
12 	 0.016100 
13 	 0.016100 
14 	 0.016100 
16 	 0.016100 
19 	 0.016100 
20 	 0.016100 
22 	 0.016100 
23 	 0.016100 
26 	 0.016100 
27 	 0.016100 
28 	 0.016100 
30 	 0.016100 
31 	 0.016100 
32 	 0.016100 
34 	 0.016100 
37 	 0.016100 
38 	 0.016100 
39 	 0.016100 
42 	 0.016100 
15 	 0.016700 
44 	 0.016900 
1 	 0.017100 
6 	 0.017100 
8 	 0.017100 
10 	 0.017100 
17 	 0.017100 
18 	 0.017100 
21 	 0.017100 
25 	 0.017100 
29 	 0.017100 
33 	 0.017100 
35 	 0.017100 
41 	 0.017100 
43 	 0.017100 
45 	 0.017100 
46 	 0.017100 
47 	 0.017100 
48 	 0.017100 
28 	 0.017900 
11 	 0.018000 
4 	 0.018100 
7 	 0.018100 
12 	 0.018100 
13 	 0.018100 
14 	 0.018100 
19 	 0.018100 
20 	 0.018100 
23 	 0.018100 
24 	 0.018100 
27 	 0.018100 
30 	 0.018100 
32 	 0.018100 
34 	 0.018100 
36 	 0.018100 
39 	 0.018100 
40 	 0.018100 
44 	 0.018100 
16 	 0.018300 
3 	 0.018800 
35 	 0.018800 
15 	 0.018900 
25 	 0.018900 
1 	 0.019100 
6 	 0.019100 
8 	 0.019100 
18 	 0.019100 
28 	 0.019100 
33 	 0.019100 
37 	 0.019100 
41 	 0.019100 
42 	 0.019100 
43 	 0.019100 
46 	 0.019100 
17 	 0.019200 
38 	 0.019400 
0 	 0.019500 
21 	 0.019600 
31 	 0.019700 
11 	 0.019900 
47 	 0.019900 
2 	 0.020100 
3 	 0.020100 
5 	 0.020100 
10 	 0.020100 
12 	 0.020100 
13 	 0.020100 
14 	 0.020100 
15 	 0.020100 
16 	 0.020100 
19 	 0.020100 
22 	 0.020100 
23 	 0.020100 
24 	 0.020100 
25 	 0.020100 
27 	 0.020100 
30 	 0.020100 
36 	 0.020100 
44 	 0.020100 
45 	 0.020100 
49 	 0.020100 
32 	 0.020400 
48 	 0.020400 
7 	 0.020600 
17 	 0.020600 
33 	 0.020700 
39 	 0.020800 
28 	 0.020900 
35 	 0.021000 
0 	 0.021100 
1 	 0.021100 
6 	 0.021100 
8 	 0.021100 
18 	 0.021100 
20 	 0.021100 
29 	 0.021100 
37 	 0.021100 
38 	 0.021100 
40 	 0.021100 
41 	 0.021100 
42 	 0.021100 
43 	 0.021100 
46 	 0.021100 
47 	 0.021100 
4 	 0.021300 
24 	 0.021800 
21 	 0.022000 
36 	 0.022000 
30 	 0.022100 
15 	 0.022200 
5 	 0.022500 
16 	 0.022500 
3 	 0.022600 
28 	 0.022600 
23 	 0.022700 
44 	 0.022700 
17 	 0.022800 
9 	 0.022900 
7 	 0.023000 
35 	 0.023000 
43 	 0.023000 
0 	 0.023100 
1 	 0.023100 
4 	 0.023100 
6 	 0.023100 
10 	 0.023100 
11 	 0.023100 
12 	 0.023100 
13 	 0.023100 
14 	 0.023100 
18 	 0.023100 
19 	 0.023100 
25 	 0.023100 
26 	 0.023100 
27 	 0.023100 
29 	 0.023100 
32 	 0.023100 
33 	 0.023100 
34 	 0.023100 
37 	 0.023100 
38 	 0.023100 
39 	 0.023100 
41 	 0.023100 
45 	 0.023100 
46 	 0.023100 
47 	 0.023100 
24 	 0.023300 
21 	 0.023500 
42 	 0.023700 
2 	 0.024100 
5 	 0.024100 
8 	 0.024100 
15 	 0.024100 
16 	 0.024100 
17 	 0.024100 
20 	 0.024100 
23 	 0.024100 
28 	 0.024100 
30 	 0.024100 
40 	 0.024100 
49 	 0.024100 
32 	 0.024700 
1 	 0.024800 
0 	 0.024900 
31 	 0.024900 
33 	 0.024900 
36 	 0.024900 
44 	 0.025000 
4 	 0.025100 
6 	 0.025100 
7 	 0.025100 
10 	 0.025100 
11 	 0.025100 
14 	 0.025100 
19 	 0.025100 
21 	 0.025100 
22 	 0.025100 
24 	 0.025100 
34 	 0.025100 
37 	 0.025100 
39 	 0.025100 
43 	 0.025100 
45 	 0.025100 
46 	 0.025100 
48 	 0.025100 
23 	 0.025600 
42 	 0.025600 
3 	 0.025800 
47 	 0.025800 
25 	 0.025900 
16 	 0.026000 
0 	 0.026100 
1 	 0.026100 
8 	 0.026100 
12 	 0.026100 
17 	 0.026100 
18 	 0.026100 
20 	 0.026100 
26 	 0.026100 
27 	 0.026100 
28 	 0.026100 
29 	 0.026100 
30 	 0.026100 
32 	 0.026100 
33 	 0.026100 
36 	 0.026100 
40 	 0.026100 
9 	 0.026300 
7 	 0.026800 
15 	 0.027000 
2 	 0.027100 
4 	 0.027100 
6 	 0.027100 
10 	 0.027100 
13 	 0.027100 
14 	 0.027100 
19 	 0.027100 
22 	 0.027100 
23 	 0.027100 
25 	 0.027100 
34 	 0.027100 
35 	 0.027100 
37 	 0.027100 
39 	 0.027100 
46 	 0.027100 
48 	 0.027100 
49 	 0.027100 
21 	 0.027200 
47 	 0.027400 
24 	 0.027500 
43 	 0.027600 
42 	 0.027700 
3 	 0.028000 
16 	 0.028000 
32 	 0.028000 
45 	 0.028000 
5 	 0.028100 
7 	 0.028100 
11 	 0.028100 
12 	 0.028100 
17 	 0.028100 
18 	 0.028100 
20 	 0.028100 
26 	 0.028100 
27 	 0.028100 
28 	 0.028100 
29 	 0.028100 
30 	 0.028100 
33 	 0.028100 
36 	 0.028100 
38 	 0.028100 
40 	 0.028100 
44 	 0.028400 
0 	 0.028600 
48 	 0.028600 
21 	 0.028900 
15 	 0.029000 
2 	 0.029100 
4 	 0.029100 
6 	 0.029100 
8 	 0.029100 
13 	 0.029100 
14 	 0.029100 
19 	 0.029100 
23 	 0.029100 
34 	 0.029100 
37 	 0.029100 
39 	 0.029100 
42 	 0.029100 
43 	 0.029100 
46 	 0.029100 
47 	 0.029100 
31 	 0.029300 
5 	 0.029600 
24 	 0.029600 
28 	 0.030200 
25 	 0.030300 
16 	 0.030400 
33 	 0.030400 
23 	 0.030600 
3 	 0.030800 
7 	 0.030800 
45 	 0.030900 
2 	 0.031100 
4 	 0.031100 
5 	 0.031100 
6 	 0.031100 
11 	 0.031100 
12 	 0.031100 
13 	 0.031100 
14 	 0.031100 
15 	 0.031100 
18 	 0.031100 
19 	 0.031100 
20 	 0.031100 
21 	 0.031100 
26 	 0.031100 
27 	 0.031100 
29 	 0.031100 
30 	 0.031100 
32 	 0.031100 
35 	 0.031100 
36 	 0.031100 
37 	 0.031100 
39 	 0.031100 
41 	 0.031100 
46 	 0.031100 
17 	 0.031200 
43 	 0.031200 
24 	 0.031600 
44 	 0.031600 
38 	 0.031800 
47 	 0.031900 
1 	 0.032100 
7 	 0.032100 
8 	 0.032100 
9 	 0.032100 
16 	 0.032100 
23 	 0.032100 
28 	 0.032100 
31 	 0.032100 
33 	 0.032100 
34 	 0.032100 
40 	 0.032100 
42 	 0.032100 
45 	 0.032100 
0 	 0.032300 
10 	 0.032600 
35 	 0.032600 
25 	 0.032800 
3 	 0.033100 
4 	 0.033100 
6 	 0.033100 
12 	 0.033100 
13 	 0.033100 
14 	 0.033100 
15 	 0.033100 
17 	 0.033100 
18 	 0.033100 
20 	 0.033100 
21 	 0.033100 
24 	 0.033100 
26 	 0.033100 
27 	 0.033100 
29 	 0.033100 
30 	 0.033100 
32 	 0.033100 
36 	 0.033100 
37 	 0.033100 
38 	 0.033100 
39 	 0.033100 
43 	 0.033100 
46 	 0.033100 
48 	 0.033100 
47 	 0.033400 
44 	 0.033500 
7 	 0.033600 
16 	 0.033700 
23 	 0.033700 
28 	 0.033700 
5 	 0.034100 
9 	 0.034100 
10 	 0.034100 
19 	 0.034100 
31 	 0.034100 
34 	 0.034100 
40 	 0.034100 
45 	 0.034100 
49 	 0.034100 
24 	 0.034900 
33 	 0.034900 
29 	 0.035000 
43 	 0.035000 
1 	 0.035100 
3 	 0.035100 
4 	 0.035100 
6 	 0.035100 
8 	 0.035100 
12 	 0.035100 
13 	 0.035100 
14 	 0.035100 
17 	 0.035100 
18 	 0.035100 
20 	 0.035100 
21 	 0.035100 
23 	 0.035100 
25 	 0.035100 
26 	 0.035100 
27 	 0.035100 
30 	 0.035100 
32 	 0.035100 
35 	 0.035100 
37 	 0.035100 
39 	 0.035100 
41 	 0.035100 
42 	 0.035100 
46 	 0.035100 
47 	 0.035100 
0 	 0.035200 
7 	 0.035400 
36 	 0.035900 
44 	 0.036000 
15 	 0.036100 
16 	 0.036100 
19 	 0.036100 
22 	 0.036100 
24 	 0.036100 
28 	 0.036100 
31 	 0.036100 
33 	 0.036100 
34 	 0.036100 
40 	 0.036100 
45 	 0.036100 
43 	 0.036600 
5 	 0.037100 
11 	 0.037100 
47 	 0.037100 
4 	 0.037300 
21 	 0.037300 
17 	 0.037500 
0 	 0.037600 
7 	 0.037600 
23 	 0.037700 
44 	 0.037700 
25 	 0.038000 
3 	 0.038100 
6 	 0.038100 
8 	 0.038100 
9 	 0.038100 
10 	 0.038100 
12 	 0.038100 
14 	 0.038100 
18 	 0.038100 
19 	 0.038100 
26 	 0.038100 
27 	 0.038100 
28 	 0.038100 
29 	 0.038100 
30 	 0.038100 
31 	 0.038100 
33 	 0.038100 
34 	 0.038100 
35 	 0.038100 
37 	 0.038100 
38 	 0.038100 
39 	 0.038100 
41 	 0.038100 
42 	 0.038100 
43 	 0.038100 
46 	 0.038100 
49 	 0.038100 
16 	 0.038400 
40 	 0.038600 
11 	 0.038900 
15 	 0.039000 
24 	 0.039000 
4 	 0.039100 
7 	 0.039100 
13 	 0.039100 
20 	 0.039100 
22 	 0.039100 
23 	 0.039100 
32 	 0.039100 
36 	 0.039100 
44 	 0.039100 
45 	 0.039100 
47 	 0.039100 
0 	 0.039700 
28 	 0.039900 
1 	 0.040100 
5 	 0.040100 
6 	 0.040100 
8 	 0.040100 
10 	 0.040100 
12 	 0.040100 
17 	 0.040100 
18 	 0.040100 
19 	 0.040100 
21 	 0.040100 
27 	 0.040100 
29 	 0.040100 
30 	 0.040100 
34 	 0.040100 
37 	 0.040100 
39 	 0.040100 
40 	 0.040100 
42 	 0.040100 
46 	 0.040100 
48 	 0.040100 
49 	 0.040100 
25 	 0.040300 
31 	 0.040400 
3 	 0.040700 
23 	 0.040700 
15 	 0.041000 
4 	 0.041100 
13 	 0.041100 
14 	 0.041100 
16 	 0.041100 
28 	 0.041100 
32 	 0.041100 
33 	 0.041100 
35 	 0.041100 
36 	 0.041100 
38 	 0.041100 
44 	 0.041100 
45 	 0.041100 
47 	 0.041100 
7 	 0.041500 
0 	 0.041600 
17 	 0.041700 
24 	 0.041900 
11 	 0.042000 
2 	 0.042100 
5 	 0.042100 
6 	 0.042100 
8 	 0.042100 
18 	 0.042100 
20 	 0.042100 
22 	 0.042100 
23 	 0.042100 
27 	 0.042100 
30 	 0.042100 
34 	 0.042100 
37 	 0.042100 
39 	 0.042100 
41 	 0.042100 
43 	 0.042100 
46 	 0.042100 
48 	 0.042100 
21 	 0.042600 
32 	 0.043000 
3 	 0.043100 
7 	 0.043100 
10 	 0.043100 
12 	 0.043100 
13 	 0.043100 
14 	 0.043100 
16 	 0.043100 
17 	 0.043100 
19 	 0.043100 
24 	 0.043100 
26 	 0.043100 
28 	 0.043100 
31 	 0.043100 
33 	 0.043100 
36 	 0.043100 
40 	 0.043100 
49 	 0.043100 
0 	 0.043600 
15 	 0.043700 
23 	 0.043700 
25 	 0.043900 
18 	 0.044100 
43 	 0.044100 
44 	 0.044300 
47 	 0.044300 
27 	 0.044400 
38 	 0.044500 
21 	 0.044800 
42 	 0.044800 
4 	 0.044900 
24 	 0.045000 
28 	 0.045200 
10 	 0.045300 
46 	 0.045500 
36 	 0.045600 
7 	 0.045700 
11 	 0.045900 
6 	 0.046000 
15 	 0.046000 
44 	 0.046000 
1 	 0.046100 
3 	 0.046100 
8 	 0.046100 
12 	 0.046100 
13 	 0.046100 
16 	 0.046100 
17 	 0.046100 
18 	 0.046100 
19 	 0.046100 
20 	 0.046100 
21 	 0.046100 
23 	 0.046100 
25 	 0.046100 
26 	 0.046100 
29 	 0.046100 
30 	 0.046100 
33 	 0.046100 
37 	 0.046100 
38 	 0.046100 
39 	 0.046100 
41 	 0.046100 
42 	 0.046100 
43 	 0.046100 
45 	 0.046100 
0 	 0.046200 
40 	 0.046200 
27 	 0.046400 
47 	 0.047000 
2 	 0.047100 
4 	 0.047100 
11 	 0.047100 
14 	 0.047100 
28 	 0.047100 
32 	 0.047100 
34 	 0.047100 
35 	 0.047100 
36 	 0.047100 
46 	 0.047100 
48 	 0.047100 
24 	 0.047300 
7 	 0.047400 
33 	 0.047500 
44 	 0.047700 
3 	 0.048100 
6 	 0.048100 
8 	 0.048100 
9 	 0.048100 
12 	 0.048100 
13 	 0.048100 
16 	 0.048100 
17 	 0.048100 
19 	 0.048100 
20 	 0.048100 
21 	 0.048100 
23 	 0.048100 
26 	 0.048100 
27 	 0.048100 
29 	 0.048100 
30 	 0.048100 
31 	 0.048100 
41 	 0.048100 
45 	 0.048100 
15 	 0.048200 
25 	 0.048400 
0 	 0.048500 
11 	 0.048900 
36 	 0.048900 
43 	 0.049000 
1 	 0.049100 
2 	 0.049100 
4 	 0.049100 
7 	 0.049100 
18 	 0.049100 
24 	 0.049100 
28 	 0.049100 
33 	 0.049100 
34 	 0.049100 
37 	 0.049100 
40 	 0.049100 
46 	 0.049100 
38 	 0.049400 
10 	 0.049600 
31 	 0.049700 
39 	 0.050000 
0 	 0.050100 
3 	 0.050100 
6 	 0.050100 
8 	 0.050100 
11 	 0.050100 
12 	 0.050100 
13 	 0.050100 
14 	 0.050100 
15 	 0.050100 
16 	 0.050100 
19 	 0.050100 
21 	 0.050100 
23 	 0.050100 
27 	 0.050100 
29 	 0.050100 
30 	 0.050100 
32 	 0.050100 
35 	 0.050100 
36 	 0.050100 
47 	 0.050100 
48 	 0.050100 
44 	 0.050300 
17 	 0.050400 
25 	 0.050400 
46 	 0.050700 
40 	 0.051000 
1 	 0.051100 
2 	 0.051100 
4 	 0.051100 
7 	 0.051100 
9 	 0.051100 
10 	 0.051100 
18 	 0.051100 
28 	 0.051100 
33 	 0.051100 
34 	 0.051100 
37 	 0.051100 
41 	 0.051100 
43 	 0.051100 
49 	 0.051100 
11 	 0.051700 
24 	 0.051700 
32 	 0.051700 
44 	 0.051800 
6 	 0.052000 
36 	 0.052000 
0 	 0.052100 
5 	 0.052100 
8 	 0.052100 
12 	 0.052100 
13 	 0.052100 
14 	 0.052100 
15 	 0.052100 
16 	 0.052100 
17 	 0.052100 
19 	 0.052100 
21 	 0.052100 
23 	 0.052100 
25 	 0.052100 
26 	 0.052100 
27 	 0.052100 
29 	 0.052100 
30 	 0.052100 
35 	 0.052100 
38 	 0.052100 
39 	 0.052100 
42 	 0.052100 
45 	 0.052100 
46 	 0.052100 
47 	 0.052100 
48 	 0.052100 
3 	 0.052700 
7 	 0.053000 
2 	 0.053200 
34 	 0.053300 
11 	 0.053400 
18 	 0.053400 
31 	 0.053600 
24 	 0.053700 
16 	 0.053900 
0 	 0.054100 
3 	 0.054100 
4 	 0.054100 
5 	 0.054100 
6 	 0.054100 
10 	 0.054100 
12 	 0.054100 
13 	 0.054100 
14 	 0.054100 
15 	 0.054100 
17 	 0.054100 
19 	 0.054100 
20 	 0.054100 
27 	 0.054100 
28 	 0.054100 
29 	 0.054100 
30 	 0.054100 
32 	 0.054100 
33 	 0.054100 
36 	 0.054100 
37 	 0.054100 
38 	 0.054100 
39 	 0.054100 
40 	 0.054100 
41 	 0.054100 
43 	 0.054100 
44 	 0.054100 
45 	 0.054100 
46 	 0.054100 
47 	 0.054100 
48 	 0.054100 
49 	 0.054100 
23 	 0.054400 
35 	 0.054800 
7 	 0.054900 
21 	 0.054900 
1 	 0.055100 
2 	 0.055100 
8 	 0.055100 
18 	 0.055100 
22 	 0.055100 
24 	 0.055100 
31 	 0.055100 
42 	 0.055100 
16 	 0.055800 
0 	 0.055900 
32 	 0.055900 
44 	 0.055900 
48 	 0.055900 
36 	 0.056000 
7 	 0.056100 
10 	 0.056100 
11 	 0.056100 
12 	 0.056100 
13 	 0.056100 
14 	 0.056100 
15 	 0.056100 
19 	 0.056100 
20 	 0.056100 
21 	 0.056100 
23 	 0.056100 
25 	 0.056100 
26 	 0.056100 
27 	 0.056100 
28 	 0.056100 
29 	 0.056100 
30 	 0.056100 
33 	 0.056100 
34 	 0.056100 
37 	 0.056100 
39 	 0.056100 
40 	 0.056100 
45 	 0.056100 
46 	 0.056100 
47 	 0.056100 
9 	 0.056200 
3 	 0.056300 
35 	 0.056400 
6 	 0.056600 
24 	 0.056900 
1 	 0.057100 
4 	 0.057100 
5 	 0.057100 
8 	 0.057100 
16 	 0.057100 
17 	 0.057100 
41 	 0.057100 
42 	 0.057100 
43 	 0.057100 
48 	 0.057100 
23 	 0.057700 
40 	 0.057700 
44 	 0.057700 
46 	 0.057700 
19 	 0.058000 
6 	 0.058100 
7 	 0.058100 
9 	 0.058100 
11 	 0.058100 
12 	 0.058100 
13 	 0.058100 
14 	 0.058100 
15 	 0.058100 
18 	 0.058100 
20 	 0.058100 
21 	 0.058100 
22 	 0.058100 
26 	 0.058100 
27 	 0.058100 
28 	 0.058100 
30 	 0.058100 
34 	 0.058100 
36 	 0.058100 
37 	 0.058100 
39 	 0.058100 
45 	 0.058100 
47 	 0.058100 
49 	 0.058100 
29 	 0.058600 
24 	 0.058700 
3 	 0.058800 
35 	 0.058800 
33 	 0.059000 
1 	 0.059100 
8 	 0.059100 
16 	 0.059100 
17 	 0.059100 
23 	 0.059100 
25 	 0.059100 
31 	 0.059100 
32 	 0.059100 
40 	 0.059100 
43 	 0.059100 
46 	 0.059100 
48 	 0.059100 
0 	 0.059400 
9 	 0.060000 
36 	 0.060000 
21 	 0.060200 
24 	 0.060200 
6 	 0.060300 
28 	 0.060400 
7 	 0.060600 
10 	 0.060600 
15 	 0.060600 
44 	 0.060700 
4 	 0.061000 
29 	 0.061400 
17 	 0.061500 
3 	 0.061600 
33 	 0.061700 
46 	 0.061900 
9 	 0.062000 
36 	 0.062000 
47 	 0.062000 
2 	 0.062100 
6 	 0.062100 
7 	 0.062100 
10 	 0.062100 
12 	 0.062100 
13 	 0.062100 
14 	 0.062100 
18 	 0.062100 
21 	 0.062100 
23 	 0.062100 
27 	 0.062100 
28 	 0.062100 
30 	 0.062100 
32 	 0.062100 
37 	 0.062100 
39 	 0.062100 
40 	 0.062100 
43 	 0.062100 
44 	 0.062100 
45 	 0.062100 
48 	 0.062100 
0 	 0.062200 
16 	 0.062400 
35 	 0.062400 
25 	 0.062600 
11 	 0.062700 
15 	 0.062700 
1 	 0.063100 
3 	 0.063100 
8 	 0.063100 
17 	 0.063100 
19 	 0.063100 
20 	 0.063100 
24 	 0.063100 
33 	 0.063100 
38 	 0.063100 
42 	 0.063100 
49 	 0.063100 
4 	 0.063300 
31 	 0.063500 
23 	 0.063700 
29 	 0.063800 
21 	 0.063900 
0 	 0.064100 
6 	 0.064100 
9 	 0.064100 
10 	 0.064100 
12 	 0.064100 
14 	 0.064100 
16 	 0.064100 
26 	 0.064100 
27 	 0.064100 
28 	 0.064100 
32 	 0.064100 
34 	 0.064100 
35 	 0.064100 
36 	 0.064100 
37 	 0.064100 
39 	 0.064100 
40 	 0.064100 
45 	 0.064100 
46 	 0.064100 
7 	 0.064600 
11 	 0.064600 
47 	 0.064700 
44 	 0.064900 
49 	 0.065000 
1 	 0.065100 
2 	 0.065100 
4 	 0.065100 
5 	 0.065100 
8 	 0.065100 
13 	 0.065100 
15 	 0.065100 
17 	 0.065100 
18 	 0.065100 
20 	 0.065100 
21 	 0.065100 
22 	 0.065100 
23 	 0.065100 
24 	 0.065100 
30 	 0.065100 
33 	 0.065100 
43 	 0.065100 
0 	 0.065700 
3 	 0.065800 
16 	 0.065900 
34 	 0.066000 
6 	 0.066100 
7 	 0.066100 
10 	 0.066100 
11 	 0.066100 
14 	 0.066100 
19 	 0.066100 
29 	 0.066100 
31 	 0.066100 
32 	 0.066100 
35 	 0.066100 
38 	 0.066100 
39 	 0.066100 
40 	 0.066100 
44 	 0.066100 
45 	 0.066100 
46 	 0.066100 
47 	 0.066100 
48 	 0.066100 
9 	 0.066200 
33 	 0.066400 
36 	 0.066400 
24 	 0.067000 
25 	 0.067000 
0 	 0.067100 
1 	 0.067100 
2 	 0.067100 
3 	 0.067100 
4 	 0.067100 
5 	 0.067100 
8 	 0.067100 
12 	 0.067100 
13 	 0.067100 
15 	 0.067100 
17 	 0.067100 
18 	 0.067100 
21 	 0.067100 
22 	 0.067100 
23 	 0.067100 
26 	 0.067100 
27 	 0.067100 
28 	 0.067100 
30 	 0.067100 
37 	 0.067100 
43 	 0.067100 
32 	 0.067900 
40 	 0.068000 
11 	 0.068100 
14 	 0.068100 
16 	 0.068100 
20 	 0.068100 
29 	 0.068100 
31 	 0.068100 
33 	 0.068100 
36 	 0.068100 
39 	 0.068100 
44 	 0.068100 
45 	 0.068100 
46 	 0.068100 
48 	 0.068100 
47 	 0.068200 
7 	 0.068600 
24 	 0.068600 
3 	 0.068800 
17 	 0.068800 
28 	 0.068900 
0 	 0.069100 
4 	 0.069100 
5 	 0.069100 
6 	 0.069100 
8 	 0.069100 
9 	 0.069100 
12 	 0.069100 
13 	 0.069100 
15 	 0.069100 
19 	 0.069100 
21 	 0.069100 
23 	 0.069100 
25 	 0.069100 
26 	 0.069100 
27 	 0.069100 
30 	 0.069100 
32 	 0.069100 
34 	 0.069100 
37 	 0.069100 
41 	 0.069100 
42 	 0.069100 
2 	 0.069200 
10 	 0.069300 
38 	 0.069500 
36 	 0.069900 
44 	 0.069900 
29 	 0.070000 
1 	 0.070100 
3 	 0.070100 
7 	 0.070100 
11 	 0.070100 
18 	 0.070100 
24 	 0.070100 
28 	 0.070100 
35 	 0.070100 
39 	 0.070100 
40 	 0.070100 
45 	 0.070100 
46 	 0.070100 
47 	 0.070200 
16 	 0.070300 
31 	 0.070300 
33 	 0.070400 
17 	 0.070500 
0 	 0.071100 
4 	 0.071100 
5 	 0.071100 
6 	 0.071100 
9 	 0.071100 
12 	 0.071100 
14 	 0.071100 
15 	 0.071100 
19 	 0.071100 
21 	 0.071100 
22 	 0.071100 
23 	 0.071100 
25 	 0.071100 
26 	 0.071100 
27 	 0.071100 
30 	 0.071100 
32 	 0.071100 
34 	 0.071100 
36 	 0.071100 
37 	 0.071100 
38 	 0.071100 
42 	 0.071100 
43 	 0.071100 
44 	 0.071100 
48 	 0.071100 
49 	 0.071100 
29 	 0.071700 
46 	 0.071700 
24 	 0.071900 
7 	 0.072100 
10 	 0.072100 
13 	 0.072100 
17 	 0.072100 
18 	 0.072100 
28 	 0.072100 
33 	 0.072100 
39 	 0.072100 
40 	 0.072100 
45 	 0.072100 
31 	 0.072200 
3 	 0.072800 
44 	 0.072800 
23 	 0.072900 
6 	 0.073100 
11 	 0.073100 
47 	 0.073200 
49 	 0.073300 
15 	 0.073400 
38 	 0.073500 
0 	 0.073600 
21 	 0.073700 
36 	 0.073700 
22 	 0.073900 
24 	 0.073900 
32 	 0.074000 
17 	 0.074200 
7 	 0.074400 
30 	 0.074400 
10 	 0.074600 
25 	 0.074600 
23 	 0.074700 
33 	 0.074700 
46 	 0.074700 
4 	 0.074800 
47 	 0.075000 
1 	 0.075100 
8 	 0.075100 
9 	 0.075100 
11 	 0.075100 
12 	 0.075100 
13 	 0.075100 
14 	 0.075100 
15 	 0.075100 
18 	 0.075100 
19 	 0.075100 
20 	 0.075100 
27 	 0.075100 
28 	 0.075100 
34 	 0.075100 
37 	 0.075100 
39 	 0.075100 
40 	 0.075100 
41 	 0.075100 
43 	 0.075100 
45 	 0.075100 
48 	 0.075100 
49 	 0.075100 
31 	 0.075500 
35 	 0.075500 
6 	 0.075600 
22 	 0.075800 
36 	 0.075800 
7 	 0.075900 
5 	 0.076000 
0 	 0.076100 
3 	 0.076100 
4 	 0.076100 
10 	 0.076100 
17 	 0.076100 
21 	 0.076100 
23 	 0.076100 
24 	 0.076100 
25 	 0.076100 
26 	 0.076100 
29 	 0.076100 
30 	 0.076100 
33 	 0.076100 
38 	 0.076100 
46 	 0.076100 
44 	 0.076200 
34 	 0.076700 
9 	 0.076900 
28 	 0.076900 
14 	 0.077000 
1 	 0.077100 
6 	 0.077100 
7 	 0.077100 
8 	 0.077100 
11 	 0.077100 
13 	 0.077100 
16 	 0.077100 
18 	 0.077100 
19 	 0.077100 
20 	 0.077100 
27 	 0.077100 
32 	 0.077100 
35 	 0.077100 
36 	 0.077100 
37 	 0.077100 
39 	 0.077100 
40 	 0.077100 
41 	 0.077100 
45 	 0.077100 
47 	 0.077100 
48 	 0.077100 
31 	 0.077600 
22 	 0.077700 
24 	 0.077900 
46 	 0.077900 
3 	 0.078100 
4 	 0.078100 
12 	 0.078100 
15 	 0.078100 
17 	 0.078100 
21 	 0.078100 
23 	 0.078100 
28 	 0.078100 
29 	 0.078100 
30 	 0.078100 
34 	 0.078100 
42 	 0.078100 
43 	 0.078100 
33 	 0.078300 
9 	 0.078800 
25 	 0.078800 
44 	 0.078800 
16 	 0.079000 
32 	 0.079000 
0 	 0.079100 
5 	 0.079100 
6 	 0.079100 
8 	 0.079100 
10 	 0.079100 
11 	 0.079100 
13 	 0.079100 
14 	 0.079100 
19 	 0.079100 
20 	 0.079100 
22 	 0.079100 
26 	 0.079100 
27 	 0.079100 
31 	 0.079100 
36 	 0.079100 
37 	 0.079100 
39 	 0.079100 
41 	 0.079100 
45 	 0.079100 
46 	 0.079100 
48 	 0.079100 
49 	 0.079100 
40 	 0.079200 
38 	 0.079300 
24 	 0.079900 
7 	 0.080000 
1 	 0.080100 
2 	 0.080100 
3 	 0.080100 
4 	 0.080100 
9 	 0.080100 
12 	 0.080100 
15 	 0.080100 
17 	 0.080100 
18 	 0.080100 
23 	 0.080100 
28 	 0.080100 
29 	 0.080100 
33 	 0.080100 
34 	 0.080100 
35 	 0.080100 
42 	 0.080100 
47 	 0.080100 
0 	 0.080900 
21 	 0.080900 
25 	 0.080900 
5 	 0.081100 
6 	 0.081100 
8 	 0.081100 
14 	 0.081100 
16 	 0.081100 
19 	 0.081100 
20 	 0.081100 
24 	 0.081100 
30 	 0.081100 
31 	 0.081100 
36 	 0.081100 
37 	 0.081100 
38 	 0.081100 
39 	 0.081100 
40 	 0.081100 
43 	 0.081100 
44 	 0.081100 
46 	 0.081100 
48 	 0.081100 
45 	 0.081500 
33 	 0.082000 
1 	 0.082100 
2 	 0.082100 
4 	 0.082100 
7 	 0.082100 
10 	 0.082100 
12 	 0.082100 
13 	 0.082100 
15 	 0.082100 
17 	 0.082100 
18 	 0.082100 
21 	 0.082100 
22 	 0.082100 
23 	 0.082100 
25 	 0.082100 
27 	 0.082100 
28 	 0.082100 
29 	 0.082100 
34 	 0.082100 
41 	 0.082100 
42 	 0.082100 
49 	 0.082100 
3 	 0.082300 
46 	 0.082500 
47 	 0.082500 
24 	 0.082600 
44 	 0.082800 
32 	 0.082900 
36 	 0.082900 
16 	 0.083000 
6 	 0.083100 
9 	 0.083100 
14 	 0.083100 
19 	 0.083100 
20 	 0.083100 
26 	 0.083100 
30 	 0.083100 
31 	 0.083100 
35 	 0.083100 
37 	 0.083100 
39 	 0.083100 
40 	 0.083100 
43 	 0.083100 
48 	 0.083100 
33 	 0.083800 
3 	 0.083900 
18 	 0.083900 
0 	 0.084000 
4 	 0.084000 
23 	 0.084000 
49 	 0.084000 
1 	 0.084100 
5 	 0.084100 
8 	 0.084100 
10 	 0.084100 
12 	 0.084100 
13 	 0.084100 
15 	 0.084100 
21 	 0.084100 
22 	 0.084100 
24 	 0.084100 
28 	 0.084100 
34 	 0.084100 
36 	 0.084100 
38 	 0.084100 
41 	 0.084100 
42 	 0.084100 
45 	 0.084100 
46 	 0.084100 
47 	 0.084100 
7 	 0.084400 
25 	 0.084400 
27 	 0.084400 
17 	 0.084500 
16 	 0.084600 
29 	 0.084800 
9 	 0.085000 
43 	 0.085000 
2 	 0.085100 
6 	 0.085100 
11 	 0.085100 
14 	 0.085100 
18 	 0.085100 
19 	 0.085100 
20 	 0.085100 
26 	 0.085100 
30 	 0.085100 
32 	 0.085100 
33 	 0.085100 
35 	 0.085100 
37 	 0.085100 
40 	 0.085100 
48 	 0.085100 
0 	 0.085600 
15 	 0.085700 
24 	 0.085800 
44 	 0.085900 
4 	 0.086100 
5 	 0.086100 
7 	 0.086100 
8 	 0.086100 
10 	 0.086100 
12 	 0.086100 
13 	 0.086100 
16 	 0.086100 
17 	 0.086100 
22 	 0.086100 
23 	 0.086100 
27 	 0.086100 
28 	 0.086100 
29 	 0.086100 
31 	 0.086100 
34 	 0.086100 
36 	 0.086100 
38 	 0.086100 
39 	 0.086100 
42 	 0.086100 
45 	 0.086100 
46 	 0.086100 
47 	 0.086100 
21 	 0.086300 
25 	 0.086400 
3 	 0.086700 
9 	 0.086700 
6 	 0.086900 
40 	 0.087000 
1 	 0.087100 
14 	 0.087100 
15 	 0.087100 
18 	 0.087100 
19 	 0.087100 
20 	 0.087100 
26 	 0.087100 
30 	 0.087100 
33 	 0.087100 
37 	 0.087100 
35 	 0.087600 
24 	 0.087700 
46 	 0.087700 
38 	 0.088000 
44 	 0.088100 
0 	 0.088300 
9 	 0.088300 
21 	 0.088300 
23 	 0.088300 
5 	 0.088500 
7 	 0.088500 
28 	 0.088500 
29 	 0.088600 
6 	 0.088700 
10 	 0.088800 
17 	 0.088900 
36 	 0.089000 
1 	 0.089100 
31 	 0.089100 
32 	 0.089100 
24 	 0.089300 
25 	 0.089300 
27 	 0.089300 
40 	 0.089300 
30 	 0.089400 
33 	 0.089500 
45 	 0.089500 
11 	 0.090000 
47 	 0.090100 
0 	 0.090200 
4 	 0.090200 
2 	 0.090300 
44 	 0.090300 
5 	 0.090400 
3 	 0.090500 
38 	 0.090500 
6 	 0.090600 
7 	 0.090800 
35 	 0.090800 
23 	 0.090900 
1 	 0.091100 
8 	 0.091100 
10 	 0.091100 
12 	 0.091100 
13 	 0.091100 
14 	 0.091100 
15 	 0.091100 
16 	 0.091100 
17 	 0.091100 
18 	 0.091100 
19 	 0.091100 
20 	 0.091100 
22 	 0.091100 
24 	 0.091100 
26 	 0.091100 
27 	 0.091100 
28 	 0.091100 
31 	 0.091100 
32 	 0.091100 
33 	 0.091100 
34 	 0.091100 
36 	 0.091100 
37 	 0.091100 
39 	 0.091100 
41 	 0.091100 
43 	 0.091100 
45 	 0.091100 
46 	 0.091100 
49 	 0.091100 
21 	 0.091300 
11 	 0.091900 
25 	 0.091900 
6 	 0.092100 
23 	 0.092100 
29 	 0.092100 
30 	 0.092100 
42 	 0.092100 
47 	 0.092100 
48 	 0.092100 
35 	 0.092600 
3 	 0.092700 
39 	 0.092800 
0 	 0.092900 
28 	 0.092900 
49 	 0.093000 
1 	 0.093100 
5 	 0.093100 
7 	 0.093100 
11 	 0.093100 
12 	 0.093100 
13 	 0.093100 
14 	 0.093100 
15 	 0.093100 
17 	 0.093100 
18 	 0.093100 
19 	 0.093100 
21 	 0.093100 
26 	 0.093100 
27 	 0.093100 
32 	 0.093100 
33 	 0.093100 
34 	 0.093100 
36 	 0.093100 
37 	 0.093100 
41 	 0.093100 
43 	 0.093100 
44 	 0.093100 
45 	 0.093100 
46 	 0.093100 
8 	 0.093200 
24 	 0.093200 
38 	 0.093200 
31 	 0.093300 
47 	 0.093700 
0 	 0.094100 
3 	 0.094100 
4 	 0.094100 
6 	 0.094100 
9 	 0.094100 
16 	 0.094100 
20 	 0.094100 
23 	 0.094100 
28 	 0.094100 
30 	 0.094100 
39 	 0.094100 
40 	 0.094100 
48 	 0.094200 
35 	 0.094400 
33 	 0.094700 
13 	 0.095000 
17 	 0.095000 
1 	 0.095100 
2 	 0.095100 
7 	 0.095100 
8 	 0.095100 
10 	 0.095100 
12 	 0.095100 
14 	 0.095100 
15 	 0.095100 
18 	 0.095100 
19 	 0.095100 
24 	 0.095100 
27 	 0.095100 
29 	 0.095100 
31 	 0.095100 
32 	 0.095100 
34 	 0.095100 
36 	 0.095100 
37 	 0.095100 
38 	 0.095100 
41 	 0.095100 
42 	 0.095100 
43 	 0.095100 
45 	 0.095100 
46 	 0.095100 
25 	 0.095300 
44 	 0.095300 
47 	 0.095300 
5 	 0.095400 
21 	 0.095700 
0 	 0.096100 
4 	 0.096100 
6 	 0.096100 
11 	 0.096100 
20 	 0.096100 
22 	 0.096100 
23 	 0.096100 
26 	 0.096100 
28 	 0.096100 
30 	 0.096100 
33 	 0.096100 
35 	 0.096100 
39 	 0.096100 
48 	 0.096100 
49 	 0.096100 
16 	 0.096600 
15 	 0.096700 
3 	 0.096800 
7 	 0.097000 
1 	 0.097100 
8 	 0.097100 
12 	 0.097100 
13 	 0.097100 
14 	 0.097100 
17 	 0.097100 
18 	 0.097100 
19 	 0.097100 
21 	 0.097100 
24 	 0.097100 
25 	 0.097100 
27 	 0.097100 
31 	 0.097100 
34 	 0.097100 
36 	 0.097100 
38 	 0.097100 
40 	 0.097100 
43 	 0.097100 
45 	 0.097100 
46 	 0.097100 
29 	 0.097200 
5 	 0.097500 
47 	 0.097500 
23 	 0.097700 
32 	 0.097900 
44 	 0.097900 
0 	 0.098000 
4 	 0.098000 
6 	 0.098100 
9 	 0.098100 
10 	 0.098100 
11 	 0.098100 
15 	 0.098100 
16 	 0.098100 
22 	 0.098100 
26 	 0.098100 
28 	 0.098100 
30 	 0.098100 
35 	 0.098100 
37 	 0.098100 
39 	 0.098100 
42 	 0.098100 
48 	 0.098100 
33 	 0.098300 
29 	 0.098800 
7 	 0.098900 
3 	 0.099000 
24 	 0.099000 
1 	 0.099100 
2 	 0.099100 
5 	 0.099100 
8 	 0.099100 
12 	 0.099100 
13 	 0.099100 
17 	 0.099100 
18 	 0.099100 
19 	 0.099100 
21 	 0.099100 
23 	 0.099100 
27 	 0.099100 
32 	 0.099100 
34 	 0.099100 
36 	 0.099100 
40 	 0.099100 
43 	 0.099100 
45 	 0.099100 
46 	 0.099100 
47 	 0.099100 
4 	 0.099700 
31 	 0.099700 
25 	 0.099800 
22 	 0.100000 
44 	 0.100000 
6 	 0.100100 
7 	 0.100100 
11 	 0.100100 
14 	 0.100100 
15 	 0.100100 
16 	 0.100100 
20 	 0.100100 
28 	 0.100100 
29 	 0.100100 
30 	 0.100100 
33 	 0.100100 
35 	 0.100100 
37 	 0.100100 
38 	 0.100100 
39 	 0.100100 
41 	 0.100100 
48 	 0.100100 
0 	 0.100300 
10 	 0.100300 
23 	 0.100700 
3 	 0.100800 
5 	 0.100800 
21 	 0.100900 
24 	 0.101000 
1 	 0.101100 
4 	 0.101100 
8 	 0.101100 
9 	 0.101100 
12 	 0.101100 
17 	 0.101100 
18 	 0.101100 
25 	 0.101100 
26 	 0.101100 
27 	 0.101100 
32 	 0.101100 
34 	 0.101100 
36 	 0.101100 
40 	 0.101100 
42 	 0.101100 
43 	 0.101100 
45 	 0.101100 
46 	 0.101100 
47 	 0.101100 
31 	 0.101600 
6 	 0.101700 
2 	 0.101800 
39 	 0.102000 
0 	 0.102100 
3 	 0.102100 
7 	 0.102100 
10 	 0.102100 
13 	 0.102100 
14 	 0.102100 
15 	 0.102100 
16 	 0.102100 
19 	 0.102100 
23 	 0.102100 
28 	 0.102100 
29 	 0.102100 
30 	 0.102100 
35 	 0.102100 
37 	 0.102100 
38 	 0.102100 
41 	 0.102100 
44 	 0.102100 
48 	 0.102100 
49 	 0.102100 
22 	 0.102200 
33 	 0.102200 
21 	 0.102600 
11 	 0.102900 
24 	 0.103000 
25 	 0.103000 
36 	 0.103000 
1 	 0.103100 
4 	 0.103100 
5 	 0.103100 
6 	 0.103100 
12 	 0.103100 
17 	 0.103100 
18 	 0.103100 
20 	 0.103100 
26 	 0.103100 
27 	 0.103100 
32 	 0.103100 
34 	 0.103100 
40 	 0.103100 
43 	 0.103100 
45 	 0.103100 
46 	 0.103100 
47 	 0.103100 
23 	 0.103600 
31 	 0.103600 
13 	 0.103700 
7 	 0.103900 
22 	 0.104000 
9 	 0.104100 
14 	 0.104100 
15 	 0.104100 
16 	 0.104100 
19 	 0.104100 
28 	 0.104100 
29 	 0.104100 
30 	 0.104100 
33 	 0.104100 
35 	 0.104100 
37 	 0.104100 
38 	 0.104100 
39 	 0.104100 
48 	 0.104100 
21 	 0.104400 
0 	 0.104500 
44 	 0.104600 
24 	 0.104700 
3 	 0.104800 
5 	 0.104800 
25 	 0.104900 
36 	 0.105100 
17 	 0.105500 
10 	 0.105700 
23 	 0.105700 
46 	 0.105700 
7 	 0.106100 
32 	 0.106100 
27 	 0.106200 
39 	 0.106200 
6 	 0.106300 
16 	 0.106300 
28 	 0.106300 
38 	 0.106400 
0 	 0.106500 
24 	 0.106500 
47 	 0.106500 
21 	 0.106600 
31 	 0.106600 
15 	 0.106700 
11 	 0.106900 
44 	 0.106900 
29 	 0.107000 
35 	 0.107000 
36 	 0.107000 
30 	 0.107100 
33 	 0.107200 
4 	 0.107300 
23 	 0.107300 
25 	 0.107300 
3 	 0.107700 
17 	 0.107700 
6 	 0.108000 
8 	 0.108100 
9 	 0.108100 
10 	 0.108100 
11 	 0.108100 
12 	 0.108100 
14 	 0.108100 
16 	 0.108100 
18 	 0.108100 
19 	 0.108100 
20 	 0.108100 
21 	 0.108100 
22 	 0.108100 
24 	 0.108100 
26 	 0.108100 
27 	 0.108100 
32 	 0.108100 
34 	 0.108100 
37 	 0.108100 
39 	 0.108100 
42 	 0.108100 
43 	 0.108100 
45 	 0.108100 
46 	 0.108100 
31 	 0.108300 
7 	 0.108400 
38 	 0.108400 
28 	 0.108500 
47 	 0.108500 
0 	 0.108600 
15 	 0.108700 
33 	 0.108800 
1 	 0.109100 
4 	 0.109100 
5 	 0.109100 
13 	 0.109100 
17 	 0.109100 
23 	 0.109100 
30 	 0.109100 
35 	 0.109100 
36 	 0.109100 
40 	 0.109100 
44 	 0.109100 
48 	 0.109100 
49 	 0.109100 
16 	 0.109800 
25 	 0.109800 
21 	 0.110000 
2 	 0.110100 
8 	 0.110100 
10 	 0.110100 
12 	 0.110100 
14 	 0.110100 
15 	 0.110100 
18 	 0.110100 
20 	 0.110100 
24 	 0.110100 
27 	 0.110100 
33 	 0.110100 
34 	 0.110100 
37 	 0.110100 
39 	 0.110100 
42 	 0.110100 
43 	 0.110100 
45 	 0.110100 
46 	 0.110100 
26 	 0.110400 
31 	 0.110500 
7 	 0.110600 
38 	 0.110600 
3 	 0.110700 
23 	 0.110700 
0 	 0.110800 
6 	 0.110900 
11 	 0.110900 
1 	 0.111000 
4 	 0.111100 
13 	 0.111100 
17 	 0.111100 
19 	 0.111100 
25 	 0.111100 
28 	 0.111100 
36 	 0.111100 
40 	 0.111100 
41 	 0.111100 
48 	 0.111100 
47 	 0.111200 
33 	 0.111400 
35 	 0.111500 
9 	 0.111600 
22 	 0.111700 
24 	 0.111700 
18 	 0.111800 
21 	 0.111900 
6 	 0.112100 
8 	 0.112100 
12 	 0.112100 
14 	 0.112100 
16 	 0.112100 
23 	 0.112100 
27 	 0.112100 
34 	 0.112100 
39 	 0.112100 
43 	 0.112100 
44 	 0.112100 
45 	 0.112100 
46 	 0.112100 
38 	 0.112400 
7 	 0.112700 
15 	 0.112800 
1 	 0.112900 
5 	 0.113000 
40 	 0.113000 
4 	 0.113100 
10 	 0.113100 
13 	 0.113100 
17 	 0.113100 
18 	 0.113100 
19 	 0.113100 
21 	 0.113100 
24 	 0.113100 
26 	 0.113100 
28 	 0.113100 
30 	 0.113100 
32 	 0.113100 
33 	 0.113100 
36 	 0.113100 
37 	 0.113100 
47 	 0.113100 
48 	 0.113100 
49 	 0.113100 
3 	 0.113600 
0 	 0.113700 
20 	 0.113800 
29 	 0.113800 
22 	 0.114000 
35 	 0.114000 
6 	 0.114100 
7 	 0.114100 
8 	 0.114100 
11 	 0.114100 
12 	 0.114100 
14 	 0.114100 
23 	 0.114100 
27 	 0.114100 
39 	 0.114100 
41 	 0.114100 
43 	 0.114100 
45 	 0.114100 
46 	 0.114100 
31 	 0.114300 
44 	 0.114300 
16 	 0.114400 
25 	 0.114800 
0 	 0.115100 
2 	 0.115100 
4 	 0.115100 
5 	 0.115100 
9 	 0.115100 
10 	 0.115100 
13 	 0.115100 
15 	 0.115100 
17 	 0.115100 
18 	 0.115100 
19 	 0.115100 
24 	 0.115100 
26 	 0.115100 
30 	 0.115100 
32 	 0.115100 
33 	 0.115100 
36 	 0.115100 
37 	 0.115100 
38 	 0.115100 
47 	 0.115100 
49 	 0.115100 
28 	 0.115400 
23 	 0.115600 
21 	 0.115800 
29 	 0.115800 
22 	 0.116000 
6 	 0.116100 
7 	 0.116100 
11 	 0.116100 
12 	 0.116100 
14 	 0.116100 
16 	 0.116100 
20 	 0.116100 
27 	 0.116100 
34 	 0.116100 
39 	 0.116100 
40 	 0.116100 
44 	 0.116100 
45 	 0.116100 
35 	 0.116200 
41 	 0.116300 
3 	 0.116700 
4 	 0.117100 
8 	 0.117100 
15 	 0.117100 
17 	 0.117100 
18 	 0.117100 
19 	 0.117100 
21 	 0.117100 
23 	 0.117100 
24 	 0.117100 
25 	 0.117100 
28 	 0.117100 
29 	 0.117100 
30 	 0.117100 
31 	 0.117100 
32 	 0.117100 
33 	 0.117100 
36 	 0.117100 
37 	 0.117100 
42 	 0.117100 
43 	 0.117100 
46 	 0.117100 
10 	 0.117300 
38 	 0.117300 
47 	 0.117300 
6 	 0.117800 
9 	 0.117800 
0 	 0.117900 
1 	 0.118100 
2 	 0.118100 
7 	 0.118100 
12 	 0.118100 
13 	 0.118100 
14 	 0.118100 
16 	 0.118100 
27 	 0.118100 
34 	 0.118100 
35 	 0.118100 
39 	 0.118100 
40 	 0.118100 
44 	 0.118100 
45 	 0.118100 
48 	 0.118100 
33 	 0.118700 
23 	 0.118900 
24 	 0.118900 
4 	 0.119100 
5 	 0.119100 
6 	 0.119100 
8 	 0.119100 
9 	 0.119100 
10 	 0.119100 
11 	 0.119100 
15 	 0.119100 
17 	 0.119100 
18 	 0.119100 
19 	 0.119100 
20 	 0.119100 
22 	 0.119100 
30 	 0.119100 
31 	 0.119100 
37 	 0.119100 
38 	 0.119100 
43 	 0.119100 
46 	 0.119100 
47 	 0.119100 
42 	 0.119200 
25 	 0.119300 
28 	 0.119600 
3 	 0.119800 
21 	 0.119800 
29 	 0.119800 
0 	 0.119900 
44 	 0.120100 
27 	 0.120200 
7 	 0.120400 
33 	 0.120400 
36 	 0.120600 
16 	 0.120700 
9 	 0.120900 
24 	 0.121000 
38 	 0.121200 
5 	 0.121300 
22 	 0.121300 
10 	 0.121500 
23 	 0.121500 
15 	 0.121600 
46 	 0.121700 
6 	 0.121800 
42 	 0.121800 
25 	 0.121900 
29 	 0.121900 
35 	 0.121900 
43 	 0.121900 
39 	 0.122000 
44 	 0.122100 
0 	 0.122200 
45 	 0.122200 
3 	 0.122300 
27 	 0.122400 
21 	 0.122500 
33 	 0.122600 
36 	 0.122600 
47 	 0.122600 
7 	 0.122700 
16 	 0.122700 
31 	 0.122700 
11 	 0.123100 
22 	 0.123100 
32 	 0.123100 
4 	 0.123300 
24 	 0.123300 
23 	 0.123600 
44 	 0.123700 
46 	 0.123700 
10 	 0.123800 
8 	 0.123900 
0 	 0.124100 
1 	 0.124100 
5 	 0.124100 
7 	 0.124100 
12 	 0.124100 
13 	 0.124100 
14 	 0.124100 
15 	 0.124100 
17 	 0.124100 
18 	 0.124100 
19 	 0.124100 
20 	 0.124100 
21 	 0.124100 
30 	 0.124100 
31 	 0.124100 
33 	 0.124100 
34 	 0.124100 
35 	 0.124100 
36 	 0.124100 
37 	 0.124100 
38 	 0.124100 
39 	 0.124100 
41 	 0.124100 
43 	 0.124100 
45 	 0.124100 
6 	 0.124600 
25 	 0.124600 
27 	 0.124700 
32 	 0.125000 
47 	 0.125000 
4 	 0.125100 
9 	 0.125100 
16 	 0.125100 
23 	 0.125100 
24 	 0.125100 
28 	 0.125100 
29 	 0.125100 
40 	 0.125100 
46 	 0.125100 
3 	 0.125300 
17 	 0.125600 
33 	 0.125900 
44 	 0.125900 
0 	 0.126100 
6 	 0.126100 
7 	 0.126100 
10 	 0.126100 
12 	 0.126100 
13 	 0.126100 
14 	 0.126100 
15 	 0.126100 
18 	 0.126100 
19 	 0.126100 
20 	 0.126100 
21 	 0.126100 
22 	 0.126100 
26 	 0.126100 
27 	 0.126100 
30 	 0.126100 
34 	 0.126100 
36 	 0.126100 
37 	 0.126100 
39 	 0.126100 
41 	 0.126100 
43 	 0.126100 
5 	 0.126300 
38 	 0.126400 
24 	 0.126900 
25 	 0.126900 
47 	 0.126900 
4 	 0.127100 
8 	 0.127100 
11 	 0.127100 
16 	 0.127100 
17 	 0.127100 
23 	 0.127100 
29 	 0.127100 
32 	 0.127100 
33 	 0.127100 
35 	 0.127100 
46 	 0.127100 
48 	 0.127100 
9 	 0.127500 
31 	 0.127500 
6 	 0.127700 
28 	 0.127900 
39 	 0.127900 
43 	 0.127900 
45 	 0.127900 
36 	 0.128000 
0 	 0.128100 
1 	 0.128100 
3 	 0.128100 
5 	 0.128100 
7 	 0.128100 
12 	 0.128100 
13 	 0.128100 
14 	 0.128100 
19 	 0.128100 
20 	 0.128100 
21 	 0.128100 
24 	 0.128100 
30 	 0.128100 
37 	 0.128100 
40 	 0.128100 
42 	 0.128100 
27 	 0.128200 
38 	 0.128300 
22 	 0.128400 
44 	 0.128400 
47 	 0.128800 
25 	 0.128900 
4 	 0.129100 
6 	 0.129100 
9 	 0.129100 
10 	 0.129100 
11 	 0.129100 
15 	 0.129100 
16 	 0.129100 
17 	 0.129100 
18 	 0.129100 
23 	 0.129100 
26 	 0.129100 
28 	 0.129100 
29 	 0.129100 
31 	 0.129100 
32 	 0.129100 
33 	 0.129100 
34 	 0.129100 
39 	 0.129100 
41 	 0.129100 
43 	 0.129100 
45 	 0.129100 
46 	 0.129100 
48 	 0.129100 
49 	 0.129100 
13 	 0.129900 
21 	 0.130000 
44 	 0.130000 
1 	 0.130100 
7 	 0.130100 
8 	 0.130100 
12 	 0.130100 
14 	 0.130100 
19 	 0.130100 
22 	 0.130100 
24 	 0.130100 
30 	 0.130100 
35 	 0.130100 
36 	 0.130100 
37 	 0.130100 
38 	 0.130100 
3 	 0.130700 
25 	 0.130900 
23 	 0.131000 
2 	 0.131100 
4 	 0.131100 
5 	 0.131100 
6 	 0.131100 
10 	 0.131100 
11 	 0.131100 
13 	 0.131100 
15 	 0.131100 
16 	 0.131100 
18 	 0.131100 
20 	 0.131100 
27 	 0.131100 
28 	 0.131100 
29 	 0.131100 
31 	 0.131100 
32 	 0.131100 
33 	 0.131100 
39 	 0.131100 
43 	 0.131100 
45 	 0.131100 
46 	 0.131100 
49 	 0.131100 
9 	 0.131200 
47 	 0.131200 
0 	 0.131300 
34 	 0.131300 
17 	 0.131400 
44 	 0.131700 
7 	 0.131900 
21 	 0.131900 
19 	 0.132000 
24 	 0.132000 
1 	 0.132100 
8 	 0.132100 
12 	 0.132100 
14 	 0.132100 
22 	 0.132100 
25 	 0.132100 
30 	 0.132100 
36 	 0.132100 
37 	 0.132100 
41 	 0.132100 
42 	 0.132100 
48 	 0.132100 
35 	 0.132200 
38 	 0.132500 
46 	 0.132700 
18 	 0.132900 
3 	 0.133100 
4 	 0.133100 
6 	 0.133100 
9 	 0.133100 
11 	 0.133100 
13 	 0.133100 
15 	 0.133100 
17 	 0.133100 
23 	 0.133100 
27 	 0.133100 
28 	 0.133100 
29 	 0.133100 
33 	 0.133100 
34 	 0.133100 
39 	 0.133100 
43 	 0.133100 
45 	 0.133100 
44 	 0.133200 
47 	 0.133700 
0 	 0.133900 
7 	 0.133900 
24 	 0.133900 
35 	 0.134000 
1 	 0.134100 
8 	 0.134100 
10 	 0.134100 
12 	 0.134100 
18 	 0.134100 
20 	 0.134100 
21 	 0.134100 
22 	 0.134100 
25 	 0.134100 
26 	 0.134100 
30 	 0.134100 
31 	 0.134100 
36 	 0.134100 
37 	 0.134100 
38 	 0.134100 
41 	 0.134100 
46 	 0.134100 
48 	 0.134100 
16 	 0.134200 
32 	 0.134300 
23 	 0.134800 
4 	 0.135100 
5 	 0.135100 
6 	 0.135100 
7 	 0.135100 
11 	 0.135100 
13 	 0.135100 
14 	 0.135100 
17 	 0.135100 
19 	 0.135100 
24 	 0.135100 
27 	 0.135100 
28 	 0.135100 
29 	 0.135100 
33 	 0.135100 
34 	 0.135100 
39 	 0.135100 
43 	 0.135100 
44 	 0.135100 
47 	 0.135100 
49 	 0.135100 
20 	 0.135600 
2 	 0.135700 
3 	 0.135700 
16 	 0.135800 
25 	 0.135800 
21 	 0.136000 
8 	 0.136100 
10 	 0.136100 
12 	 0.136100 
15 	 0.136100 
18 	 0.136100 
22 	 0.136100 
23 	 0.136100 
26 	 0.136100 
30 	 0.136100 
35 	 0.136100 
36 	 0.136100 
37 	 0.136100 
40 	 0.136100 
46 	 0.136100 
48 	 0.136100 
0 	 0.136200 
31 	 0.136900 
5 	 0.137000 
1 	 0.137100 
2 	 0.137100 
3 	 0.137100 
4 	 0.137100 
6 	 0.137100 
7 	 0.137100 
9 	 0.137100 
13 	 0.137100 
14 	 0.137100 
16 	 0.137100 
17 	 0.137100 
19 	 0.137100 
27 	 0.137100 
28 	 0.137100 
32 	 0.137100 
34 	 0.137100 
39 	 0.137100 
42 	 0.137100 
43 	 0.137100 
45 	 0.137100 
47 	 0.137100 
24 	 0.137200 
44 	 0.137200 
33 	 0.137300 
38 	 0.137400 
23 	 0.137700 
25 	 0.137800 
21 	 0.137900 
46 	 0.137900 
10 	 0.138100 
11 	 0.138100 
12 	 0.138100 
18 	 0.138100 
29 	 0.138100 
30 	 0.138100 
35 	 0.138100 
36 	 0.138100 
37 	 0.138100 
40 	 0.138100 
41 	 0.138100 
15 	 0.138200 
7 	 0.138900 
1 	 0.139100 
2 	 0.139100 
5 	 0.139100 
6 	 0.139100 
8 	 0.139100 
9 	 0.139100 
13 	 0.139100 
14 	 0.139100 
17 	 0.139100 
19 	 0.139100 
20 	 0.139100 
22 	 0.139100 
23 	 0.139100 
26 	 0.139100 
27 	 0.139100 
34 	 0.139100 
39 	 0.139100 
43 	 0.139100 
45 	 0.139100 
46 	 0.139100 
24 	 0.139200 
44 	 0.139200 
32 	 0.139500 
38 	 0.139500 
11 	 0.139700 
0 	 0.139900 
25 	 0.139900 
31 	 0.140000 
3 	 0.140100 
4 	 0.140100 
7 	 0.140100 
10 	 0.140100 
12 	 0.140100 
15 	 0.140100 
16 	 0.140100 
18 	 0.140100 
21 	 0.140100 
28 	 0.140100 
29 	 0.140100 
30 	 0.140100 
36 	 0.140100 
37 	 0.140100 
40 	 0.140100 
35 	 0.140400 
23 	 0.140600 
17 	 0.140700 
33 	 0.140700 
39 	 0.140800 
47 	 0.141000 
1 	 0.141100 
6 	 0.141100 
8 	 0.141100 
9 	 0.141100 
11 	 0.141100 
14 	 0.141100 
19 	 0.141100 
24 	 0.141100 
26 	 0.141100 
27 	 0.141100 
32 	 0.141100 
34 	 0.141100 
41 	 0.141100 
42 	 0.141100 
43 	 0.141100 
44 	 0.141100 
45 	 0.141100 
46 	 0.141100 
48 	 0.141100 
49 	 0.141100 
2 	 0.141300 
4 	 0.142100 
5 	 0.142100 
7 	 0.142100 
10 	 0.142100 
12 	 0.142100 
13 	 0.142100 
15 	 0.142100 
16 	 0.142100 
17 	 0.142100 
18 	 0.142100 
20 	 0.142100 
21 	 0.142100 
23 	 0.142100 
28 	 0.142100 
30 	 0.142100 
31 	 0.142100 
33 	 0.142100 
35 	 0.142100 
36 	 0.142100 
37 	 0.142100 
38 	 0.142100 
39 	 0.142100 
25 	 0.142400 
29 	 0.142400 
3 	 0.142600 
24 	 0.143000 
0 	 0.143100 
1 	 0.143100 
6 	 0.143100 
8 	 0.143100 
9 	 0.143100 
11 	 0.143100 
14 	 0.143100 
19 	 0.143100 
27 	 0.143100 
34 	 0.143100 
44 	 0.143100 
45 	 0.143100 
46 	 0.143100 
47 	 0.143100 
48 	 0.143100 
49 	 0.143100 
2 	 0.143700 
33 	 0.143900 
4 	 0.144000 
3 	 0.144100 
7 	 0.144100 
10 	 0.144100 
12 	 0.144100 
16 	 0.144100 
17 	 0.144100 
18 	 0.144100 
20 	 0.144100 
22 	 0.144100 
23 	 0.144100 
28 	 0.144100 
32 	 0.144100 
35 	 0.144100 
36 	 0.144100 
37 	 0.144100 
38 	 0.144100 
39 	 0.144100 
40 	 0.144100 
41 	 0.144100 
42 	 0.144100 
29 	 0.144200 
21 	 0.144300 
5 	 0.144500 
0 	 0.144600 
24 	 0.144600 
15 	 0.144700 
43 	 0.144700 
44 	 0.145100 
2 	 0.145300 
47 	 0.145500 
31 	 0.145600 
45 	 0.145700 
14 	 0.145900 
27 	 0.145900 
40 	 0.146100 
46 	 0.146200 
21 	 0.146300 
37 	 0.146300 
7 	 0.146400 
23 	 0.146400 
24 	 0.146600 
33 	 0.146600 
15 	 0.146700 
25 	 0.146700 
35 	 0.146800 
4 	 0.146900 
11 	 0.146900 
12 	 0.146900 
9 	 0.147000 
0 	 0.147100 
36 	 0.147100 
44 	 0.147100 
6 	 0.147200 
17 	 0.147200 
38 	 0.147300 
10 	 0.147400 
27 	 0.147400 
3 	 0.147600 
16 	 0.147700 
46 	 0.147700 
32 	 0.147800 
47 	 0.147800 
14 	 0.147900 
30 	 0.148100 
24 	 0.148300 
28 	 0.148300 
7 	 0.148400 
33 	 0.148500 
23 	 0.148600 
37 	 0.148600 
43 	 0.148700 
15 	 0.148800 
0 	 0.148900 
9 	 0.148900 
35 	 0.149000 
1 	 0.149100 
2 	 0.149100 
4 	 0.149100 
5 	 0.149100 
6 	 0.149100 
8 	 0.149100 
10 	 0.149100 
11 	 0.149100 
12 	 0.149100 
13 	 0.149100 
14 	 0.149100 
17 	 0.149100 
18 	 0.149100 
19 	 0.149100 
22 	 0.149100 
25 	 0.149100 
27 	 0.149100 
29 	 0.149100 
32 	 0.149100 
34 	 0.149100 
36 	 0.149100 
39 	 0.149100 
40 	 0.149100 
41 	 0.149100 
44 	 0.149100 
47 	 0.149100 
31 	 0.149200 
21 	 0.149300 
45 	 0.149500 
38 	 0.149900 
0 	 0.150100 
7 	 0.150100 
15 	 0.150100 
23 	 0.150100 
26 	 0.150100 
30 	 0.150100 
33 	 0.150100 
42 	 0.150100 
46 	 0.150100 
48 	 0.150100 
28 	 0.150500 
3 	 0.150700 
24 	 0.150700 
1 	 0.151100 
4 	 0.151100 
6 	 0.151100 
8 	 0.151100 
10 	 0.151100 
12 	 0.151100 
13 	 0.151100 
14 	 0.151100 
16 	 0.151100 
17 	 0.151100 
18 	 0.151100 
19 	 0.151100 
21 	 0.151100 
22 	 0.151100 
25 	 0.151100 
27 	 0.151100 
29 	 0.151100 
32 	 0.151100 
34 	 0.151100 
35 	 0.151100 
36 	 0.151100 
37 	 0.151100 
39 	 0.151100 
40 	 0.151100 
41 	 0.151100 
44 	 0.151100 
45 	 0.151100 
43 	 0.151200 
5 	 0.151500 
11 	 0.151500 
23 	 0.151700 
46 	 0.151700 
20 	 0.152100 
28 	 0.152100 
30 	 0.152100 
33 	 0.152100 
47 	 0.152100 
49 	 0.152100 
15 	 0.152600 
31 	 0.152600 
24 	 0.152700 
39 	 0.152800 
16 	 0.153000 
0 	 0.153100 
1 	 0.153100 
6 	 0.153100 
7 	 0.153100 
8 	 0.153100 
10 	 0.153100 
11 	 0.153100 
12 	 0.153100 
14 	 0.153100 
17 	 0.153100 
18 	 0.153100 
19 	 0.153100 
21 	 0.153100 
26 	 0.153100 
27 	 0.153100 
34 	 0.153100 
35 	 0.153100 
36 	 0.153100 
37 	 0.153100 
40 	 0.153100 
43 	 0.153100 
45 	 0.153100 
46 	 0.153100 
22 	 0.153600 
25 	 0.153900 
3 	 0.154000 
2 	 0.154100 
4 	 0.154100 
13 	 0.154100 
20 	 0.154100 
23 	 0.154100 
29 	 0.154100 
30 	 0.154100 
32 	 0.154100 
33 	 0.154100 
39 	 0.154100 
42 	 0.154100 
47 	 0.154100 
49 	 0.154100 
44 	 0.154200 
16 	 0.154700 
24 	 0.154700 
46 	 0.154800 
28 	 0.154900 
6 	 0.155100 
7 	 0.155100 
10 	 0.155100 
11 	 0.155100 
12 	 0.155100 
14 	 0.155100 
15 	 0.155100 
17 	 0.155100 
19 	 0.155100 
21 	 0.155100 
22 	 0.155100 
26 	 0.155100 
34 	 0.155100 
36 	 0.155100 
40 	 0.155100 
45 	 0.155100 
48 	 0.155100 
27 	 0.155500 
44 	 0.156000 
1 	 0.156100 
3 	 0.156100 
4 	 0.156100 
5 	 0.156100 
8 	 0.156100 
9 	 0.156100 
13 	 0.156100 
16 	 0.156100 
18 	 0.156100 
20 	 0.156100 
23 	 0.156100 
24 	 0.156100 
29 	 0.156100 
30 	 0.156100 
32 	 0.156100 
33 	 0.156100 
35 	 0.156100 
37 	 0.156100 
39 	 0.156100 
41 	 0.156100 
42 	 0.156100 
43 	 0.156100 
46 	 0.156100 
31 	 0.156200 
0 	 0.156300 
47 	 0.156400 
25 	 0.156600 
7 	 0.156900 
21 	 0.156900 
28 	 0.156900 
2 	 0.157100 
10 	 0.157100 
11 	 0.157100 
12 	 0.157100 
14 	 0.157100 
15 	 0.157100 
17 	 0.157100 
19 	 0.157100 
22 	 0.157100 
26 	 0.157100 
34 	 0.157100 
36 	 0.157100 
40 	 0.157100 
45 	 0.157100 
23 	 0.157700 
24 	 0.157800 
43 	 0.157900 
4 	 0.158000 
0 	 0.158100 
1 	 0.158100 
5 	 0.158100 
7 	 0.158100 
13 	 0.158100 
16 	 0.158100 
18 	 0.158100 
20 	 0.158100 
28 	 0.158100 
30 	 0.158100 
33 	 0.158100 
35 	 0.158100 
37 	 0.158100 
38 	 0.158100 
39 	 0.158100 
44 	 0.158100 
46 	 0.158100 
48 	 0.158100 
47 	 0.158300 
25 	 0.158400 
21 	 0.158600 
10 	 0.158900 
15 	 0.158900 
19 	 0.159000 
8 	 0.159100 
11 	 0.159100 
14 	 0.159100 
17 	 0.159100 
22 	 0.159100 
23 	 0.159100 
26 	 0.159100 
27 	 0.159100 
31 	 0.159100 
36 	 0.159100 
40 	 0.159100 
45 	 0.159100 
49 	 0.159100 
6 	 0.159200 
3 	 0.159700 
20 	 0.159700 
46 	 0.159700 
24 	 0.159900 
0 	 0.160100 
4 	 0.160100 
5 	 0.160100 
7 	 0.160100 
9 	 0.160100 
10 	 0.160100 
12 	 0.160100 
13 	 0.160100 
16 	 0.160100 
18 	 0.160100 
21 	 0.160100 
28 	 0.160100 
30 	 0.160100 
32 	 0.160100 
33 	 0.160100 
34 	 0.160100 
37 	 0.160100 
38 	 0.160100 
39 	 0.160100 
42 	 0.160100 
47 	 0.160100 
23 	 0.160600 
44 	 0.160700 
1 	 0.161100 
2 	 0.161100 
6 	 0.161100 
11 	 0.161100 
14 	 0.161100 
15 	 0.161100 
17 	 0.161100 
20 	 0.161100 
22 	 0.161100 
24 	 0.161100 
25 	 0.161100 
26 	 0.161100 
27 	 0.161100 
29 	 0.161100 
31 	 0.161100 
35 	 0.161100 
36 	 0.161100 
40 	 0.161100 
43 	 0.161100 
45 	 0.161100 
46 	 0.161100 
48 	 0.161100 
49 	 0.161100 
18 	 0.161800 
7 	 0.161900 
0 	 0.162100 
3 	 0.162100 
4 	 0.162100 
8 	 0.162100 
13 	 0.162100 
16 	 0.162100 
19 	 0.162100 
21 	 0.162100 
23 	 0.162100 
28 	 0.162100 
30 	 0.162100 
32 	 0.162100 
33 	 0.162100 
37 	 0.162100 
39 	 0.162100 
47 	 0.162200 
5 	 0.162500 
10 	 0.162700 
12 	 0.162900 
44 	 0.162900 
24 	 0.163000 
1 	 0.163100 
14 	 0.163100 
15 	 0.163100 
17 	 0.163100 
18 	 0.163100 
22 	 0.163100 
25 	 0.163100 
27 	 0.163100 
31 	 0.163100 
34 	 0.163100 
35 	 0.163100 
36 	 0.163100 
38 	 0.163100 
43 	 0.163100 
45 	 0.163100 
49 	 0.163100 
2 	 0.163600 
7 	 0.163600 
46 	 0.163600 
21 	 0.163800 
11 	 0.163900 
23 	 0.163900 
4 	 0.164100 
6 	 0.164100 
8 	 0.164100 
10 	 0.164100 
12 	 0.164100 
13 	 0.164100 
26 	 0.164100 
29 	 0.164100 
30 	 0.164100 
32 	 0.164100 
33 	 0.164100 
37 	 0.164100 
39 	 0.164100 
40 	 0.164100 
41 	 0.164100 
44 	 0.164100 
47 	 0.164100 
3 	 0.164700 
16 	 0.164700 
28 	 0.164900 
19 	 0.165000 
24 	 0.165000 
0 	 0.165100 
1 	 0.165100 
7 	 0.165100 
11 	 0.165100 
14 	 0.165100 
17 	 0.165100 
18 	 0.165100 
20 	 0.165100 
21 	 0.165100 
23 	 0.165100 
25 	 0.165100 
27 	 0.165100 
34 	 0.165100 
36 	 0.165100 
43 	 0.165100 
46 	 0.165100 
48 	 0.165100 
49 	 0.165100 
2 	 0.165200 
15 	 0.165200 
35 	 0.165400 
31 	 0.165500 
44 	 0.165700 
6 	 0.166000 
4 	 0.166100 
5 	 0.166100 
8 	 0.166100 
9 	 0.166100 
10 	 0.166100 
12 	 0.166100 
13 	 0.166100 
16 	 0.166100 
22 	 0.166100 
28 	 0.166100 
29 	 0.166100 
32 	 0.166100 
33 	 0.166100 
37 	 0.166100 
38 	 0.166100 
39 	 0.166100 
40 	 0.166100 
41 	 0.166100 
45 	 0.166100 
47 	 0.166100 
3 	 0.166700 
15 	 0.166700 
23 	 0.166700 
24 	 0.166700 
43 	 0.166900 
1 	 0.167100 
2 	 0.167100 
7 	 0.167100 
14 	 0.167100 
17 	 0.167100 
18 	 0.167100 
19 	 0.167100 
20 	 0.167100 
21 	 0.167100 
27 	 0.167100 
30 	 0.167100 
31 	 0.167100 
34 	 0.167100 
42 	 0.167100 
44 	 0.167100 
46 	 0.167100 
49 	 0.167100 
11 	 0.167300 
6 	 0.167700 
36 	 0.167700 
5 	 0.168100 
8 	 0.168100 
9 	 0.168100 
10 	 0.168100 
12 	 0.168100 
13 	 0.168100 
15 	 0.168100 
16 	 0.168100 
22 	 0.168100 
23 	 0.168100 
24 	 0.168100 
25 	 0.168100 
26 	 0.168100 
28 	 0.168100 
29 	 0.168100 
33 	 0.168100 
35 	 0.168100 
37 	 0.168100 
39 	 0.168100 
40 	 0.168100 
41 	 0.168100 
43 	 0.168100 
45 	 0.168100 
0 	 0.168600 
3 	 0.168800 
2 	 0.168900 
11 	 0.168900 
44 	 0.168900 
7 	 0.169000 
32 	 0.169000 
1 	 0.169100 
4 	 0.169100 
6 	 0.169100 
14 	 0.169100 
18 	 0.169100 
19 	 0.169100 
20 	 0.169100 
21 	 0.169100 
30 	 0.169100 
36 	 0.169100 
46 	 0.169100 
47 	 0.169100 
48 	 0.169100 
31 	 0.169500 
17 	 0.169700 
23 	 0.169700 
13 	 0.169900 
24 	 0.170000 
0 	 0.170100 
3 	 0.170100 
8 	 0.170100 
10 	 0.170100 
12 	 0.170100 
15 	 0.170100 
16 	 0.170100 
26 	 0.170100 
28 	 0.170100 
33 	 0.170100 
34 	 0.170100 
35 	 0.170100 
37 	 0.170100 
39 	 0.170100 
40 	 0.170100 
41 	 0.170100 
42 	 0.170100 
43 	 0.170100 
45 	 0.170100 
49 	 0.170100 
25 	 0.170300 
1 	 0.170800 
9 	 0.170800 
5 	 0.171000 
2 	 0.171100 
6 	 0.171100 
7 	 0.171100 
11 	 0.171100 
13 	 0.171100 
14 	 0.171100 
17 	 0.171100 
18 	 0.171100 
19 	 0.171100 
21 	 0.171100 
29 	 0.171100 
30 	 0.171100 
31 	 0.171100 
36 	 0.171100 
38 	 0.171100 
46 	 0.171100 
47 	 0.171100 
4 	 0.171300 
23 	 0.171400 
44 	 0.171700 
24 	 0.171900 
0 	 0.172100 
3 	 0.172100 
8 	 0.172100 
12 	 0.172100 
15 	 0.172100 
16 	 0.172100 
20 	 0.172100 
26 	 0.172100 
27 	 0.172100 
28 	 0.172100 
32 	 0.172100 
33 	 0.172100 
35 	 0.172100 
37 	 0.172100 
39 	 0.172100 
40 	 0.172100 
41 	 0.172100 
43 	 0.172100 
47 	 0.172700 
9 	 0.172800 
7 	 0.173000 
25 	 0.173000 
1 	 0.173100 
4 	 0.173100 
6 	 0.173100 
11 	 0.173100 
14 	 0.173100 
18 	 0.173100 
19 	 0.173100 
21 	 0.173100 
22 	 0.173100 
23 	 0.173100 
24 	 0.173100 
29 	 0.173100 
30 	 0.173100 
36 	 0.173100 
38 	 0.173100 
45 	 0.173100 
49 	 0.173100 
10 	 0.173700 
0 	 0.173900 
28 	 0.173900 
44 	 0.173900 
8 	 0.174100 
9 	 0.174100 
12 	 0.174100 
13 	 0.174100 
17 	 0.174100 
26 	 0.174100 
27 	 0.174100 
32 	 0.174100 
33 	 0.174100 
35 	 0.174100 
39 	 0.174100 
40 	 0.174100 
41 	 0.174100 
43 	 0.174100 
46 	 0.174100 
48 	 0.174100 
3 	 0.174300 
5 	 0.174400 
23 	 0.174800 
2 	 0.174900 
24 	 0.174900 
7 	 0.175000 
0 	 0.175100 
1 	 0.175100 
6 	 0.175100 
15 	 0.175100 
16 	 0.175100 
18 	 0.175100 
19 	 0.175100 
20 	 0.175100 
21 	 0.175100 
22 	 0.175100 
29 	 0.175100 
30 	 0.175100 
31 	 0.175100 
34 	 0.175100 
36 	 0.175100 
37 	 0.175100 
45 	 0.175100 
47 	 0.175200 
25 	 0.175700 
17 	 0.175900 
28 	 0.175900 
32 	 0.175900 
35 	 0.176000 
43 	 0.176000 
44 	 0.176100 
4 	 0.176300 
38 	 0.176300 
3 	 0.176600 
23 	 0.176600 
24 	 0.176700 
2 	 0.176900 
16 	 0.176900 
10 	 0.177000 
7 	 0.177100 
21 	 0.177100 
31 	 0.177100 
33 	 0.177200 
0 	 0.177400 
29 	 0.177500 
32 	 0.177600 
44 	 0.177900 
6 	 0.178000 
9 	 0.178000 
15 	 0.178000 
36 	 0.178000 
11 	 0.178300 
46 	 0.178700 
25 	 0.178800 
38 	 0.178800 
39 	 0.178800 
4 	 0.178900 
17 	 0.178900 
21 	 0.179000 
23 	 0.179100 
33 	 0.179200 
10 	 0.179300 
35 	 0.179300 
47 	 0.179300 
0 	 0.179500 
7 	 0.179600 
24 	 0.179600 
3 	 0.179700 
6 	 0.179700 
44 	 0.179700 
11 	 0.179900 
32 	 0.179900 
27 	 0.180200 
43 	 0.180300 
15 	 0.180600 
39 	 0.180800 
23 	 0.180900 
31 	 0.180900 
38 	 0.180900 
36 	 0.181100 
33 	 0.181200 
10 	 0.181300 
21 	 0.181300 
45 	 0.181400 
47 	 0.181500 
6 	 0.181800 
0 	 0.181900 
44 	 0.181900 
4 	 0.182000 
1 	 0.182100 
2 	 0.182100 
3 	 0.182100 
5 	 0.182100 
7 	 0.182100 
8 	 0.182100 
11 	 0.182100 
12 	 0.182100 
13 	 0.182100 
14 	 0.182100 
15 	 0.182100 
16 	 0.182100 
17 	 0.182100 
18 	 0.182100 
19 	 0.182100 
20 	 0.182100 
23 	 0.182100 
25 	 0.182100 
27 	 0.182100 
28 	 0.182100 
29 	 0.182100 
30 	 0.182100 
31 	 0.182100 
32 	 0.182100 
34 	 0.182100 
37 	 0.182100 
38 	 0.182100 
39 	 0.182100 
40 	 0.182100 
43 	 0.182100 
24 	 0.182300 
46 	 0.182700 
36 	 0.182900 
0 	 0.183100 
6 	 0.183100 
9 	 0.183100 
21 	 0.183100 
33 	 0.183100 
35 	 0.183100 
42 	 0.183100 
1 	 0.184100 
3 	 0.184100 
4 	 0.184100 
5 	 0.184100 
8 	 0.184100 
11 	 0.184100 
12 	 0.184100 
13 	 0.184100 
14 	 0.184100 
16 	 0.184100 
17 	 0.184100 
18 	 0.184100 
19 	 0.184100 
23 	 0.184100 
24 	 0.184100 
28 	 0.184100 
29 	 0.184100 
30 	 0.184100 
31 	 0.184100 
32 	 0.184100 
34 	 0.184100 
36 	 0.184100 
37 	 0.184100 
39 	 0.184100 
43 	 0.184100 
46 	 0.184100 
48 	 0.184100 
49 	 0.184100 
47 	 0.184300 
45 	 0.184400 
9 	 0.184700 
27 	 0.184700 
25 	 0.184900 
33 	 0.184900 
7 	 0.185000 
44 	 0.185000 
0 	 0.185100 
6 	 0.185100 
20 	 0.185100 
21 	 0.185100 
22 	 0.185100 
35 	 0.185100 
40 	 0.185100 
15 	 0.185600 
31 	 0.185600 
10 	 0.185900 
16 	 0.185900 
24 	 0.186000 
1 	 0.186100 
4 	 0.186100 
5 	 0.186100 
12 	 0.186100 
13 	 0.186100 
14 	 0.186100 
17 	 0.186100 
19 	 0.186100 
23 	 0.186100 
26 	 0.186100 
27 	 0.186100 
28 	 0.186100 
29 	 0.186100 
30 	 0.186100 
33 	 0.186100 
34 	 0.186100 
36 	 0.186100 
37 	 0.186100 
39 	 0.186100 
42 	 0.186100 
45 	 0.186100 
46 	 0.186100 
47 	 0.186100 
48 	 0.186100 
32 	 0.186300 
11 	 0.186400 
3 	 0.186800 
21 	 0.186900 
0 	 0.187100 
6 	 0.187100 
8 	 0.187100 
9 	 0.187100 
10 	 0.187100 
15 	 0.187100 
16 	 0.187100 
18 	 0.187100 
20 	 0.187100 
31 	 0.187100 
35 	 0.187100 
38 	 0.187100 
40 	 0.187100 
41 	 0.187100 
44 	 0.187200 
7 	 0.187600 
22 	 0.187700 
24 	 0.187900 
43 	 0.188000 
1 	 0.188100 
4 	 0.188100 
5 	 0.188100 
11 	 0.188100 
13 	 0.188100 
14 	 0.188100 
21 	 0.188100 
23 	 0.188100 
25 	 0.188100 
26 	 0.188100 
27 	 0.188100 
28 	 0.188100 
29 	 0.188100 
30 	 0.188100 
32 	 0.188100 
33 	 0.188100 
34 	 0.188100 
36 	 0.188100 
37 	 0.188100 
39 	 0.188100 
45 	 0.188100 
46 	 0.188100 
47 	 0.188100 
48 	 0.188100 
17 	 0.188400 
3 	 0.189100 
7 	 0.189100 
8 	 0.189100 
9 	 0.189100 
12 	 0.189100 
18 	 0.189100 
19 	 0.189100 
24 	 0.189100 
35 	 0.189100 
41 	 0.189100 
42 	 0.189100 
44 	 0.189100 
6 	 0.189200 
22 	 0.189800 
33 	 0.189800 
16 	 0.190000 
23 	 0.190000 
31 	 0.190000 
36 	 0.190000 
1 	 0.190100 
2 	 0.190100 
4 	 0.190100 
5 	 0.190100 
10 	 0.190100 
11 	 0.190100 
13 	 0.190100 
15 	 0.190100 
17 	 0.190100 
20 	 0.190100 
25 	 0.190100 
28 	 0.190100 
37 	 0.190100 
38 	 0.190100 
39 	 0.190100 
40 	 0.190100 
43 	 0.190100 
45 	 0.190100 
46 	 0.190100 
48 	 0.190100 
21 	 0.190200 
32 	 0.190400 
47 	 0.190600 
0 	 0.190900 
12 	 0.190900 
18 	 0.190900 
24 	 0.190900 
44 	 0.190900 
19 	 0.191000 
3 	 0.191100 
6 	 0.191100 
7 	 0.191100 
8 	 0.191100 
9 	 0.191100 
14 	 0.191100 
22 	 0.191100 
26 	 0.191100 
27 	 0.191100 
30 	 0.191100 
33 	 0.191100 
34 	 0.191100 
35 	 0.191100 
42 	 0.191100 
23 	 0.191700 
46 	 0.191700 
15 	 0.192000 
36 	 0.192000 
0 	 0.192100 
1 	 0.192100 
2 	 0.192100 
10 	 0.192100 
12 	 0.192100 
13 	 0.192100 
17 	 0.192100 
18 	 0.192100 
20 	 0.192100 
21 	 0.192100 
28 	 0.192100 
29 	 0.192100 
32 	 0.192100 
37 	 0.192100 
38 	 0.192100 
39 	 0.192100 
40 	 0.192100 
41 	 0.192100 
43 	 0.192100 
45 	 0.192100 
47 	 0.192100 
31 	 0.192200 
44 	 0.192700 
4 	 0.192900 
7 	 0.192900 
19 	 0.192900 
24 	 0.192900 
6 	 0.193000 
8 	 0.193100 
9 	 0.193100 
11 	 0.193100 
14 	 0.193100 
23 	 0.193100 
26 	 0.193100 
27 	 0.193100 
33 	 0.193100 
34 	 0.193100 
35 	 0.193100 
46 	 0.193100 
25 	 0.193400 
0 	 0.193600 
3 	 0.193600 
5 	 0.193900 
32 	 0.193900 
17 	 0.194000 
10 	 0.194100 
12 	 0.194100 
13 	 0.194100 
15 	 0.194100 
16 	 0.194100 
18 	 0.194100 
19 	 0.194100 
20 	 0.194100 
21 	 0.194100 
28 	 0.194100 
30 	 0.194100 
31 	 0.194100 
36 	 0.194100 
37 	 0.194100 
39 	 0.194100 
43 	 0.194100 
44 	 0.194100 
45 	 0.194100 
47 	 0.194100 
49 	 0.194100 
23 	 0.194600 
7 	 0.194700 
4 	 0.194900 
24 	 0.195000 
1 	 0.195100 
2 	 0.195100 
6 	 0.195100 
8 	 0.195100 
9 	 0.195100 
14 	 0.195100 
26 	 0.195100 
27 	 0.195100 
29 	 0.195100 
32 	 0.195100 
33 	 0.195100 
34 	 0.195100 
35 	 0.195100 
41 	 0.195100 
46 	 0.195100 
48 	 0.195100 
0 	 0.195600 
17 	 0.195700 
3 	 0.195800 
25 	 0.196000 
4 	 0.196100 
5 	 0.196100 
7 	 0.196100 
10 	 0.196100 
12 	 0.196100 
13 	 0.196100 
15 	 0.196100 
16 	 0.196100 
18 	 0.196100 
19 	 0.196100 
20 	 0.196100 
21 	 0.196100 
22 	 0.196100 
23 	 0.196100 
28 	 0.196100 
30 	 0.196100 
36 	 0.196100 
37 	 0.196100 
38 	 0.196100 
39 	 0.196100 
42 	 0.196100 
43 	 0.196100 
44 	 0.196100 
45 	 0.196100 
47 	 0.196100 
31 	 0.196200 
32 	 0.196900 
9 	 0.197000 
24 	 0.197000 
0 	 0.197100 
1 	 0.197100 
6 	 0.197100 
8 	 0.197100 
14 	 0.197100 
33 	 0.197100 
34 	 0.197100 
35 	 0.197100 
41 	 0.197100 
46 	 0.197100 
48 	 0.197100 
27 	 0.197300 
17 	 0.197700 
3 	 0.198100 
4 	 0.198100 
5 	 0.198100 
11 	 0.198100 
13 	 0.198100 
18 	 0.198100 
19 	 0.198100 
20 	 0.198100 
23 	 0.198100 
30 	 0.198100 
32 	 0.198100 
36 	 0.198100 
37 	 0.198100 
39 	 0.198100 
40 	 0.198100 
43 	 0.198100 
45 	 0.198100 
49 	 0.198100 
10 	 0.198200 
31 	 0.198200 
21 	 0.198400 
7 	 0.198600 
15 	 0.198700 
47 	 0.198700 
25 	 0.198800 
0 	 0.198900 
9 	 0.199000 
24 	 0.199000 
44 	 0.199000 
1 	 0.199100 
2 	 0.199100 
6 	 0.199100 
12 	 0.199100 
14 	 0.199100 
16 	 0.199100 
17 	 0.199100 
26 	 0.199100 
29 	 0.199100 
33 	 0.199100 
34 	 0.199100 
35 	 0.199100 
48 	 0.199100 
27 	 0.199400 
38 	 0.199600 
19 	 0.200000 
23 	 0.200000 
36 	 0.200000 
4 	 0.200100 
5 	 0.200100 
8 	 0.200100 
10 	 0.200100 
11 	 0.200100 
13 	 0.200100 
18 	 0.200100 
21 	 0.200100 
22 	 0.200100 
25 	 0.200100 
28 	 0.200100 
32 	 0.200100 
37 	 0.200100 
39 	 0.200100 
40 	 0.200100 
46 	 0.200100 
49 	 0.200100 
31 	 0.200200 
47 	 0.200500 
15 	 0.200600 
0 	 0.200800 
3 	 0.200800 
7 	 0.200800 
9 	 0.200900 
24 	 0.200900 
33 	 0.201000 
1 	 0.201100 
6 	 0.201100 
12 	 0.201100 
14 	 0.201100 
17 	 0.201100 
20 	 0.201100 
26 	 0.201100 
27 	 0.201100 
30 	 0.201100 
34 	 0.201100 
35 	 0.201100 
43 	 0.201100 
45 	 0.201100 
44 	 0.201200 
38 	 0.201400 
23 	 0.201700 
29 	 0.202000 
3 	 0.202100 
4 	 0.202100 
10 	 0.202100 
13 	 0.202100 
16 	 0.202100 
18 	 0.202100 
19 	 0.202100 
21 	 0.202100 
24 	 0.202100 
28 	 0.202100 
37 	 0.202100 
39 	 0.202100 
40 	 0.202100 
42 	 0.202100 
46 	 0.202100 
48 	 0.202100 
36 	 0.202300 
25 	 0.202400 
17 	 0.202500 
0 	 0.202900 
7 	 0.202900 
33 	 0.202900 
11 	 0.203100 
12 	 0.203100 
14 	 0.203100 
20 	 0.203100 
23 	 0.203100 
27 	 0.203100 
30 	 0.203100 
32 	 0.203100 
35 	 0.203100 
38 	 0.203100 
41 	 0.203100 
45 	 0.203100 
47 	 0.203100 
6 	 0.203200 
15 	 0.203400 
44 	 0.203500 
21 	 0.203900 
24 	 0.204000 
3 	 0.204100 
4 	 0.204100 
5 	 0.204100 
7 	 0.204100 
8 	 0.204100 
10 	 0.204100 
13 	 0.204100 
16 	 0.204100 
17 	 0.204100 
18 	 0.204100 
19 	 0.204100 
25 	 0.204100 
26 	 0.204100 
28 	 0.204100 
33 	 0.204100 
36 	 0.204100 
37 	 0.204100 
39 	 0.204100 
40 	 0.204100 
43 	 0.204100 
46 	 0.204100 
48 	 0.204100 
49 	 0.204100 
31 	 0.204200 
0 	 0.204700 
44 	 0.204900 
1 	 0.205100 
2 	 0.205100 
6 	 0.205100 
12 	 0.205100 
14 	 0.205100 
21 	 0.205100 
23 	 0.205100 
27 	 0.205100 
30 	 0.205100 
32 	 0.205100 
34 	 0.205100 
38 	 0.205100 
41 	 0.205100 
42 	 0.205100 
45 	 0.205100 
15 	 0.205200 
9 	 0.205300 
26 	 0.205400 
11 	 0.205700 
46 	 0.205700 
47 	 0.205700 
3 	 0.206100 
4 	 0.206100 
7 	 0.206100 
8 	 0.206100 
10 	 0.206100 
13 	 0.206100 
16 	 0.206100 
17 	 0.206100 
18 	 0.206100 
19 	 0.206100 
20 	 0.206100 
28 	 0.206100 
29 	 0.206100 
33 	 0.206100 
35 	 0.206100 
36 	 0.206100 
37 	 0.206100 
39 	 0.206100 
40 	 0.206100 
43 	 0.206100 
44 	 0.206100 
24 	 0.206200 
31 	 0.206300 
41 	 0.207000 
0 	 0.207100 
5 	 0.207100 
11 	 0.207100 
15 	 0.207100 
22 	 0.207100 
23 	 0.207100 
27 	 0.207100 
30 	 0.207100 
32 	 0.207100 
34 	 0.207100 
38 	 0.207100 
46 	 0.207100 
47 	 0.207100 
48 	 0.207100 
21 	 0.207600 
25 	 0.207600 
18 	 0.207900 
2 	 0.208100 
7 	 0.208100 
9 	 0.208100 
10 	 0.208100 
12 	 0.208100 
13 	 0.208100 
14 	 0.208100 
17 	 0.208100 
19 	 0.208100 
28 	 0.208100 
33 	 0.208100 
35 	 0.208100 
36 	 0.208100 
37 	 0.208100 
42 	 0.208100 
6 	 0.208300 
24 	 0.208300 
31 	 0.208300 
4 	 0.208400 
1 	 0.208700 
32 	 0.208700 
29 	 0.208800 
11 	 0.208900 
3 	 0.209000 
5 	 0.209000 
0 	 0.209200 
38 	 0.209300 
44 	 0.209300 
27 	 0.209400 
17 	 0.209700 
23 	 0.209700 
47 	 0.209800 
7 	 0.210000 
9 	 0.210000 
15 	 0.210300 
21 	 0.210300 
24 	 0.210300 
28 	 0.210300 
46 	 0.210400 
33 	 0.210500 
6 	 0.210600 
29 	 0.210600 
43 	 0.210700 
11 	 0.210900 
16 	 0.210900 
31 	 0.210900 
25 	 0.211000 
35 	 0.211000 
10 	 0.211100 
36 	 0.211100 
44 	 0.211100 
0 	 0.211200 
42 	 0.211400 
17 	 0.211500 
5 	 0.211600 
47 	 0.211600 
22 	 0.212000 
7 	 0.212100 
3 	 0.212200 
46 	 0.212300 
21 	 0.212400 
23 	 0.212400 
32 	 0.212400 
38 	 0.212400 
31 	 0.212500 
24 	 0.212600 
33 	 0.212800 
4 	 0.213000 
44 	 0.213100 
0 	 0.213200 
6 	 0.213200 
15 	 0.213200 
36 	 0.213200 
43 	 0.213200 
10 	 0.213400 
45 	 0.213500 
35 	 0.213900 
25 	 0.214000 
47 	 0.214200 
7 	 0.214300 
21 	 0.214300 
11 	 0.214500 
31 	 0.214500 
32 	 0.214500 
24 	 0.214600 
17 	 0.214800 
33 	 0.214800 
39 	 0.214800 
6 	 0.214900 
14 	 0.214900 
38 	 0.214900 
23 	 0.215000 
1 	 0.215100 
3 	 0.215100 
5 	 0.215100 
8 	 0.215100 
9 	 0.215100 
10 	 0.215100 
16 	 0.215100 
18 	 0.215100 
19 	 0.215100 
22 	 0.215100 
27 	 0.215100 
28 	 0.215100 
34 	 0.215100 
35 	 0.215100 
36 	 0.215100 
37 	 0.215100 
43 	 0.215100 
44 	 0.215100 
45 	 0.215100 
46 	 0.215100 
15 	 0.215800 
0 	 0.215900 
6 	 0.216100 
12 	 0.216100 
13 	 0.216100 
14 	 0.216100 
17 	 0.216100 
20 	 0.216100 
25 	 0.216100 
29 	 0.216100 
30 	 0.216100 
32 	 0.216100 
33 	 0.216100 
39 	 0.216100 
40 	 0.216100 
41 	 0.216100 
47 	 0.216100 
48 	 0.216100 
7 	 0.216600 
27 	 0.216700 
34 	 0.216800 
21 	 0.216900 
0 	 0.217100 
1 	 0.217100 
4 	 0.217100 
10 	 0.217100 
11 	 0.217100 
16 	 0.217100 
18 	 0.217100 
19 	 0.217100 
22 	 0.217100 
23 	 0.217100 
24 	 0.217100 
26 	 0.217100 
28 	 0.217100 
36 	 0.217100 
37 	 0.217100 
42 	 0.217100 
43 	 0.217100 
38 	 0.217200 
5 	 0.217300 
45 	 0.217700 
3 	 0.218000 
47 	 0.218000 
6 	 0.218100 
8 	 0.218100 
12 	 0.218100 
13 	 0.218100 
14 	 0.218100 
15 	 0.218100 
17 	 0.218100 
20 	 0.218100 
27 	 0.218100 
29 	 0.218100 
32 	 0.218100 
33 	 0.218100 
34 	 0.218100 
39 	 0.218100 
40 	 0.218100 
46 	 0.218100 
48 	 0.218100 
49 	 0.218100 
7 	 0.218600 
31 	 0.218600 
16 	 0.218700 
44 	 0.218700 
23 	 0.218800 
10 	 0.219100 
18 	 0.219100 
21 	 0.219100 
24 	 0.219100 
28 	 0.219100 
30 	 0.219100 
35 	 0.219100 
36 	 0.219100 
37 	 0.219100 
38 	 0.219100 
41 	 0.219100 
42 	 0.219100 
45 	 0.219100 
34 	 0.219800 
11 	 0.219900 
43 	 0.220000 
0 	 0.220100 
4 	 0.220100 
5 	 0.220100 
6 	 0.220100 
13 	 0.220100 
15 	 0.220100 
16 	 0.220100 
19 	 0.220100 
22 	 0.220100 
23 	 0.220100 
25 	 0.220100 
26 	 0.220100 
27 	 0.220100 
32 	 0.220100 
33 	 0.220100 
40 	 0.220100 
46 	 0.220100 
47 	 0.220100 
7 	 0.220600 
35 	 0.220800 
24 	 0.221000 
1 	 0.221100 
2 	 0.221100 
8 	 0.221100 
9 	 0.221100 
10 	 0.221100 
12 	 0.221100 
14 	 0.221100 
17 	 0.221100 
18 	 0.221100 
20 	 0.221100 
21 	 0.221100 
30 	 0.221100 
36 	 0.221100 
37 	 0.221100 
39 	 0.221100 
42 	 0.221100 
48 	 0.221100 
29 	 0.221200 
31 	 0.221200 
3 	 0.221400 
44 	 0.221600 
23 	 0.221700 
46 	 0.221700 
28 	 0.221900 
34 	 0.221900 
6 	 0.222100 
13 	 0.222100 
15 	 0.222100 
19 	 0.222100 
22 	 0.222100 
32 	 0.222100 
33 	 0.222100 
35 	 0.222100 
40 	 0.222100 
41 	 0.222100 
43 	 0.222100 
47 	 0.222100 
25 	 0.222400 
11 	 0.222700 
4 	 0.222800 
10 	 0.222800 
7 	 0.222900 
24 	 0.222900 
0 	 0.223100 
5 	 0.223100 
8 	 0.223100 
9 	 0.223100 
12 	 0.223100 
14 	 0.223100 
16 	 0.223100 
17 	 0.223100 
18 	 0.223100 
21 	 0.223100 
23 	 0.223100 
26 	 0.223100 
27 	 0.223100 
28 	 0.223100 
29 	 0.223100 
30 	 0.223100 
34 	 0.223100 
36 	 0.223100 
37 	 0.223100 
39 	 0.223100 
42 	 0.223100 
45 	 0.223100 
46 	 0.223100 
49 	 0.223100 
38 	 0.223200 
44 	 0.223700 
31 	 0.223900 
3 	 0.224100 
6 	 0.224100 
7 	 0.224100 
15 	 0.224100 
32 	 0.224100 
33 	 0.224100 
43 	 0.224100 
47 	 0.224100 
23 	 0.224600 
25 	 0.224700 
29 	 0.224700 
11 	 0.224900 
16 	 0.224900 
27 	 0.224900 
28 	 0.224900 
17 	 0.225000 
1 	 0.225100 
2 	 0.225100 
5 	 0.225100 
10 	 0.225100 
12 	 0.225100 
13 	 0.225100 
14 	 0.225100 
18 	 0.225100 
20 	 0.225100 
24 	 0.225100 
26 	 0.225100 
30 	 0.225100 
34 	 0.225100 
37 	 0.225100 
38 	 0.225100 
39 	 0.225100 
40 	 0.225100 
42 	 0.225100 
45 	 0.225100 
46 	 0.225100 
21 	 0.225200 
35 	 0.225500 
0 	 0.225600 
6 	 0.225900 
7 	 0.226100 
8 	 0.226100 
9 	 0.226100 
16 	 0.226100 
19 	 0.226100 
25 	 0.226100 
27 	 0.226100 
29 	 0.226100 
31 	 0.226100 
32 	 0.226100 
36 	 0.226100 
44 	 0.226100 
47 	 0.226100 
3 	 0.226300 
28 	 0.226500 
15 	 0.226700 
17 	 0.226700 
23 	 0.226700 
24 	 0.226900 
1 	 0.227100 
4 	 0.227100 
11 	 0.227100 
12 	 0.227100 
13 	 0.227100 
14 	 0.227100 
18 	 0.227100 
21 	 0.227100 
30 	 0.227100 
34 	 0.227100 
37 	 0.227100 
38 	 0.227100 
39 	 0.227100 
40 	 0.227100 
41 	 0.227100 
42 	 0.227100 
43 	 0.227100 
45 	 0.227100 
46 	 0.227100 
10 	 0.227300 
33 	 0.227400 
6 	 0.227900 
0 	 0.228100 
2 	 0.228100 
5 	 0.228100 
8 	 0.228100 
15 	 0.228100 
16 	 0.228100 
17 	 0.228100 
19 	 0.228100 
20 	 0.228100 
22 	 0.228100 
23 	 0.228100 
24 	 0.228100 
26 	 0.228100 
27 	 0.228100 
28 	 0.228100 
29 	 0.228100 
31 	 0.228100 
32 	 0.228100 
35 	 0.228100 
36 	 0.228100 
47 	 0.228100 
49 	 0.228100 
3 	 0.228300 
25 	 0.228300 
44 	 0.228500 
7 	 0.228600 
1 	 0.229100 
4 	 0.229100 
6 	 0.229100 
13 	 0.229100 
14 	 0.229100 
18 	 0.229100 
21 	 0.229100 
30 	 0.229100 
33 	 0.229100 
34 	 0.229100 
37 	 0.229100 
38 	 0.229100 
39 	 0.229100 
40 	 0.229100 
43 	 0.229100 
45 	 0.229100 
46 	 0.229100 
48 	 0.229100 
5 	 0.229500 
23 	 0.229700 
0 	 0.229900 
16 	 0.230000 
49 	 0.230000 
2 	 0.230100 
3 	 0.230100 
7 	 0.230100 
8 	 0.230100 
9 	 0.230100 
10 	 0.230100 
12 	 0.230100 
19 	 0.230100 
20 	 0.230100 
24 	 0.230100 
26 	 0.230100 
27 	 0.230100 
29 	 0.230100 
35 	 0.230100 
36 	 0.230100 
42 	 0.230100 
44 	 0.230100 
47 	 0.230100 
17 	 0.230300 
28 	 0.230400 
31 	 0.230400 
32 	 0.230700 
46 	 0.230700 
1 	 0.231100 
4 	 0.231100 
6 	 0.231100 
11 	 0.231100 
13 	 0.231100 
14 	 0.231100 
15 	 0.231100 
18 	 0.231100 
21 	 0.231100 
22 	 0.231100 
23 	 0.231100 
30 	 0.231100 
33 	 0.231100 
37 	 0.231100 
38 	 0.231100 
39 	 0.231100 
40 	 0.231100 
43 	 0.231100 
45 	 0.231100 
48 	 0.231100 
0 	 0.231700 
25 	 0.231900 
44 	 0.231900 
3 	 0.232100 
5 	 0.232100 
7 	 0.232100 
9 	 0.232100 
10 	 0.232100 
12 	 0.232100 
16 	 0.232100 
17 	 0.232100 
19 	 0.232100 
20 	 0.232100 
24 	 0.232100 
26 	 0.232100 
27 	 0.232100 
28 	 0.232100 
29 	 0.232100 
34 	 0.232100 
36 	 0.232100 
41 	 0.232100 
46 	 0.232100 
49 	 0.232100 
32 	 0.232500 
23 	 0.232900 
35 	 0.232900 
40 	 0.233000 
1 	 0.233100 
2 	 0.233100 
4 	 0.233100 
8 	 0.233100 
11 	 0.233100 
13 	 0.233100 
14 	 0.233100 
15 	 0.233100 
18 	 0.233100 
21 	 0.233100 
22 	 0.233100 
30 	 0.233100 
33 	 0.233100 
38 	 0.233100 
39 	 0.233100 
42 	 0.233100 
43 	 0.233100 
44 	 0.233100 
45 	 0.233100 
47 	 0.233100 
48 	 0.233100 
6 	 0.233200 
5 	 0.233500 
29 	 0.233800 
12 	 0.233900 
16 	 0.233900 
28 	 0.233900 
0 	 0.234100 
3 	 0.234100 
7 	 0.234100 
17 	 0.234100 
19 	 0.234100 
23 	 0.234100 
24 	 0.234100 
26 	 0.234100 
32 	 0.234100 
34 	 0.234100 
35 	 0.234100 
36 	 0.234100 
41 	 0.234100 
25 	 0.234400 
27 	 0.234700 
31 	 0.234700 
9 	 0.234800 
14 	 0.235000 
22 	 0.235000 
40 	 0.235000 
1 	 0.235100 
4 	 0.235100 
5 	 0.235100 
6 	 0.235100 
8 	 0.235100 
10 	 0.235100 
11 	 0.235100 
12 	 0.235100 
13 	 0.235100 
18 	 0.235100 
20 	 0.235100 
28 	 0.235100 
30 	 0.235100 
33 	 0.235100 
37 	 0.235100 
39 	 0.235100 
44 	 0.235100 
45 	 0.235100 
46 	 0.235100 
47 	 0.235200 
21 	 0.235300 
15 	 0.235600 
23 	 0.235600 
0 	 0.235700 
16 	 0.236000 
2 	 0.236100 
7 	 0.236100 
17 	 0.236100 
19 	 0.236100 
26 	 0.236100 
27 	 0.236100 
29 	 0.236100 
31 	 0.236100 
32 	 0.236100 
36 	 0.236100 
38 	 0.236100 
42 	 0.236100 
43 	 0.236100 
48 	 0.236100 
49 	 0.236100 
24 	 0.236200 
3 	 0.236600 
25 	 0.236600 
13 	 0.236700 
0 	 0.237100 
1 	 0.237100 
4 	 0.237100 
6 	 0.237100 
8 	 0.237100 
9 	 0.237100 
12 	 0.237100 
14 	 0.237100 
15 	 0.237100 
20 	 0.237100 
21 	 0.237100 
23 	 0.237100 
28 	 0.237100 
30 	 0.237100 
33 	 0.237100 
34 	 0.237100 
35 	 0.237100 
37 	 0.237100 
39 	 0.237100 
40 	 0.237100 
41 	 0.237100 
45 	 0.237100 
47 	 0.237100 
44 	 0.237200 
16 	 0.237700 
46 	 0.237700 
29 	 0.237900 
3 	 0.238100 
5 	 0.238100 
7 	 0.238100 
10 	 0.238100 
13 	 0.238100 
18 	 0.238100 
19 	 0.238100 
22 	 0.238100 
25 	 0.238100 
26 	 0.238100 
27 	 0.238100 
32 	 0.238100 
36 	 0.238100 
38 	 0.238100 
42 	 0.238100 
43 	 0.238100 
49 	 0.238100 
24 	 0.238200 
31 	 0.238600 
48 	 0.238600 
6 	 0.239000 
0 	 0.239100 
1 	 0.239100 
4 	 0.239100 
9 	 0.239100 
12 	 0.239100 
14 	 0.239100 
15 	 0.239100 
17 	 0.239100 
20 	 0.239100 
21 	 0.239100 
23 	 0.239100 
28 	 0.239100 
30 	 0.239100 
34 	 0.239100 
35 	 0.239100 
37 	 0.239100 
39 	 0.239100 
40 	 0.239100 
41 	 0.239100 
46 	 0.239100 
47 	 0.239100 
33 	 0.239300 
44 	 0.239500 
45 	 0.239500 
24 	 0.240000 
43 	 0.240000 
7 	 0.240100 
11 	 0.240100 
38 	 0.240100 
25 	 0.240400 
48 	 0.240400 
5 	 0.240500 
28 	 0.240600 
10 	 0.240700 
17 	 0.240700 
9 	 0.240900 
35 	 0.241000 
36 	 0.241000 
3 	 0.241200 
44 	 0.241200 
24 	 0.241300 
16 	 0.241400 
21 	 0.241500 
23 	 0.241600 
15 	 0.241700 
43 	 0.241800 
11 	 0.241900 
32 	 0.242100 
0 	 0.242200 
6 	 0.242300 
38 	 0.242300 
7 	 0.242600 
4 	 0.242800 
47 	 0.242800 
10 	 0.242900 
36 	 0.243000 
33 	 0.243100 
17 	 0.243200 
31 	 0.243200 
44 	 0.243300 
43 	 0.243600 
23 	 0.243700 
16 	 0.243800 
11 	 0.243900 
21 	 0.243900 
35 	 0.244000 
0 	 0.244200 
15 	 0.244200 
24 	 0.244200 
38 	 0.244300 
6 	 0.244600 
7 	 0.244700 
46 	 0.244700 
25 	 0.244800 
3 	 0.245000 
36 	 0.245100 
47 	 0.245200 
10 	 0.245300 
33 	 0.245300 
31 	 0.245400 
17 	 0.245500 
0 	 0.245900 
44 	 0.245900 
43 	 0.246000 
45 	 0.246400 
21 	 0.246500 
23 	 0.246700 
4 	 0.246800 
11 	 0.247000 
7 	 0.247100 
32 	 0.247100 
38 	 0.247200 
36 	 0.247400 
24 	 0.247500 
6 	 0.247700 
33 	 0.247700 
0 	 0.247900 
1 	 0.248100 
3 	 0.248100 
4 	 0.248100 
8 	 0.248100 
9 	 0.248100 
12 	 0.248100 
13 	 0.248100 
14 	 0.248100 
15 	 0.248100 
16 	 0.248100 
17 	 0.248100 
19 	 0.248100 
20 	 0.248100 
21 	 0.248100 
23 	 0.248100 
27 	 0.248100 
28 	 0.248100 
30 	 0.248100 
31 	 0.248100 
34 	 0.248100 
37 	 0.248100 
39 	 0.248100 
40 	 0.248100 
44 	 0.248100 
46 	 0.248100 
48 	 0.248100 
49 	 0.248100 
25 	 0.248400 
10 	 0.248600 
0 	 0.249100 
2 	 0.249100 
6 	 0.249100 
7 	 0.249100 
18 	 0.249100 
24 	 0.249100 
29 	 0.249100 
33 	 0.249100 
35 	 0.249100 
36 	 0.249100 
42 	 0.249100 
45 	 0.249100 
32 	 0.249400 
43 	 0.249500 
-2 	 -2 
