0 	 0.001100 
1 	 0.001100 
3 	 0.001100 
4 	 0.001100 
5 	 0.001100 
6 	 0.001100 
11 	 0.001100 
12 	 0.001100 
13 	 0.001100 
15 	 0.001100 
16 	 0.001100 
17 	 0.001100 
18 	 0.001100 
19 	 0.001100 
20 	 0.001100 
21 	 0.001100 
23 	 0.001100 
25 	 0.001100 
32 	 0.001100 
35 	 0.001100 
37 	 0.001100 
39 	 0.001100 
40 	 0.001100 
41 	 0.001100 
42 	 0.001100 
45 	 0.001100 
46 	 0.001100 
47 	 0.001100 
48 	 0.001100 
49 	 0.001100 
2 	 0.002100 
7 	 0.002100 
8 	 0.002100 
14 	 0.002100 
26 	 0.002100 
27 	 0.002100 
28 	 0.002100 
33 	 0.002100 
36 	 0.002100 
38 	 0.002100 
44 	 0.002100 
0 	 0.003100 
1 	 0.003100 
3 	 0.003100 
4 	 0.003100 
5 	 0.003100 
9 	 0.003100 
10 	 0.003100 
16 	 0.003100 
17 	 0.003100 
18 	 0.003100 
20 	 0.003100 
24 	 0.003100 
25 	 0.003100 
32 	 0.003100 
35 	 0.003100 
37 	 0.003100 
39 	 0.003100 
43 	 0.003100 
46 	 0.003100 
47 	 0.003100 
7 	 0.004100 
12 	 0.004100 
14 	 0.004100 
15 	 0.004100 
19 	 0.004100 
26 	 0.004100 
28 	 0.004100 
29 	 0.004100 
30 	 0.004100 
33 	 0.004100 
34 	 0.004100 
41 	 0.004100 
44 	 0.004100 
48 	 0.004100 
6 	 0.004200 
9 	 0.004900 
1 	 0.005100 
4 	 0.005100 
10 	 0.005100 
11 	 0.005100 
13 	 0.005100 
16 	 0.005100 
17 	 0.005100 
20 	 0.005100 
22 	 0.005100 
23 	 0.005100 
24 	 0.005100 
25 	 0.005100 
36 	 0.005100 
38 	 0.005100 
47 	 0.005100 
42 	 0.005400 
7 	 0.006100 
8 	 0.006100 
9 	 0.006100 
12 	 0.006100 
14 	 0.006100 
15 	 0.006100 
18 	 0.006100 
19 	 0.006100 
21 	 0.006100 
27 	 0.006100 
28 	 0.006100 
29 	 0.006100 
31 	 0.006100 
32 	 0.006100 
33 	 0.006100 
34 	 0.006100 
35 	 0.006100 
39 	 0.006100 
40 	 0.006100 
41 	 0.006100 
43 	 0.006100 
44 	 0.006100 
45 	 0.006100 
46 	 0.006100 
48 	 0.006100 
5 	 0.006300 
1 	 0.007100 
4 	 0.007100 
6 	 0.007100 
11 	 0.007100 
13 	 0.007100 
16 	 0.007100 
20 	 0.007100 
23 	 0.007100 
26 	 0.007100 
30 	 0.007100 
36 	 0.007100 
37 	 0.007100 
38 	 0.007100 
47 	 0.007100 
49 	 0.007100 
34 	 0.007900 
0 	 0.008100 
7 	 0.008100 
8 	 0.008100 
10 	 0.008100 
12 	 0.008100 
14 	 0.008100 
15 	 0.008100 
17 	 0.008100 
19 	 0.008100 
22 	 0.008100 
24 	 0.008100 
28 	 0.008100 
31 	 0.008100 
33 	 0.008100 
39 	 0.008100 
40 	 0.008100 
46 	 0.008100 
48 	 0.008100 
42 	 0.008200 
9 	 0.008300 
13 	 0.009000 
16 	 0.009000 
3 	 0.009100 
4 	 0.009100 
18 	 0.009100 
20 	 0.009100 
21 	 0.009100 
34 	 0.009100 
37 	 0.009100 
41 	 0.009100 
43 	 0.009100 
47 	 0.009100 
5 	 0.009400 
23 	 0.009900 
26 	 0.009900 
0 	 0.010100 
1 	 0.010100 
6 	 0.010100 
7 	 0.010100 
8 	 0.010100 
10 	 0.010100 
12 	 0.010100 
14 	 0.010100 
15 	 0.010100 
17 	 0.010100 
19 	 0.010100 
24 	 0.010100 
25 	 0.010100 
28 	 0.010100 
30 	 0.010100 
31 	 0.010100 
32 	 0.010100 
35 	 0.010100 
36 	 0.010100 
38 	 0.010100 
39 	 0.010100 
42 	 0.010100 
44 	 0.010100 
48 	 0.010100 
9 	 0.010400 
4 	 0.010800 
49 	 0.011100 
13 	 0.011600 
21 	 0.011800 
16 	 0.012000 
37 	 0.012000 
0 	 0.012100 
1 	 0.012100 
2 	 0.012100 
4 	 0.012100 
6 	 0.012100 
7 	 0.012100 
9 	 0.012100 
10 	 0.012100 
11 	 0.012100 
15 	 0.012100 
17 	 0.012100 
18 	 0.012100 
19 	 0.012100 
23 	 0.012100 
24 	 0.012100 
25 	 0.012100 
26 	 0.012100 
28 	 0.012100 
33 	 0.012100 
34 	 0.012100 
36 	 0.012100 
39 	 0.012100 
41 	 0.012100 
42 	 0.012100 
44 	 0.012100 
45 	 0.012100 
46 	 0.012100 
47 	 0.012100 
5 	 0.012300 
32 	 0.012700 
12 	 0.012900 
20 	 0.012900 
14 	 0.013100 
21 	 0.013100 
29 	 0.013100 
30 	 0.013100 
31 	 0.013100 
38 	 0.013100 
48 	 0.013100 
49 	 0.013100 
39 	 0.013600 
1 	 0.013800 
34 	 0.013900 
2 	 0.014000 
0 	 0.014100 
3 	 0.014100 
4 	 0.014100 
6 	 0.014100 
7 	 0.014100 
9 	 0.014100 
10 	 0.014100 
13 	 0.014100 
15 	 0.014100 
16 	 0.014100 
17 	 0.014100 
18 	 0.014100 
19 	 0.014100 
22 	 0.014100 
25 	 0.014100 
26 	 0.014100 
28 	 0.014100 
32 	 0.014100 
33 	 0.014100 
35 	 0.014100 
36 	 0.014100 
41 	 0.014100 
46 	 0.014100 
42 	 0.014200 
12 	 0.014500 
24 	 0.014600 
5 	 0.014700 
38 	 0.015100 
48 	 0.015500 
14 	 0.015700 
39 	 0.015800 
4 	 0.015900 
10 	 0.015900 
37 	 0.015900 
0 	 0.016100 
3 	 0.016100 
8 	 0.016100 
12 	 0.016100 
13 	 0.016100 
15 	 0.016100 
16 	 0.016100 
17 	 0.016100 
18 	 0.016100 
19 	 0.016100 
20 	 0.016100 
21 	 0.016100 
22 	 0.016100 
23 	 0.016100 
24 	 0.016100 
27 	 0.016100 
28 	 0.016100 
29 	 0.016100 
33 	 0.016100 
34 	 0.016100 
35 	 0.016100 
40 	 0.016100 
41 	 0.016100 
44 	 0.016100 
46 	 0.016100 
47 	 0.016100 
42 	 0.016300 
1 	 0.016400 
7 	 0.016500 
26 	 0.016500 
32 	 0.016700 
2 	 0.016800 
10 	 0.017100 
11 	 0.017100 
14 	 0.017100 
25 	 0.017100 
31 	 0.017100 
37 	 0.017100 
38 	 0.017100 
39 	 0.017100 
48 	 0.017100 
30 	 0.017200 
6 	 0.017500 
49 	 0.017500 
15 	 0.017600 
5 	 0.017700 
9 	 0.017800 
21 	 0.017800 
44 	 0.017900 
0 	 0.018100 
2 	 0.018100 
4 	 0.018100 
7 	 0.018100 
13 	 0.018100 
16 	 0.018100 
17 	 0.018100 
28 	 0.018100 
33 	 0.018100 
35 	 0.018100 
36 	 0.018100 
41 	 0.018100 
42 	 0.018100 
19 	 0.018300 
12 	 0.018400 
24 	 0.018400 
32 	 0.018800 
3 	 0.019100 
5 	 0.019100 
8 	 0.019100 
9 	 0.019100 
10 	 0.019100 
11 	 0.019100 
14 	 0.019100 
15 	 0.019100 
20 	 0.019100 
22 	 0.019100 
25 	 0.019100 
26 	 0.019100 
27 	 0.019100 
31 	 0.019100 
34 	 0.019100 
37 	 0.019100 
38 	 0.019100 
39 	 0.019100 
44 	 0.019100 
46 	 0.019100 
47 	 0.019100 
48 	 0.019100 
16 	 0.019800 
0 	 0.020100 
1 	 0.020100 
4 	 0.020100 
7 	 0.020100 
12 	 0.020100 
13 	 0.020100 
17 	 0.020100 
18 	 0.020100 
21 	 0.020100 
23 	 0.020100 
24 	 0.020100 
28 	 0.020100 
30 	 0.020100 
33 	 0.020100 
35 	 0.020100 
36 	 0.020100 
41 	 0.020100 
49 	 0.020100 
6 	 0.020300 
32 	 0.020400 
42 	 0.020400 
2 	 0.020800 
9 	 0.020800 
10 	 0.020900 
8 	 0.021100 
16 	 0.021100 
19 	 0.021100 
20 	 0.021100 
22 	 0.021100 
25 	 0.021100 
26 	 0.021100 
29 	 0.021100 
37 	 0.021100 
38 	 0.021100 
46 	 0.021100 
47 	 0.021100 
34 	 0.021300 
1 	 0.021700 
4 	 0.021700 
21 	 0.021800 
39 	 0.021800 
5 	 0.021900 
41 	 0.022000 
28 	 0.022100 
6 	 0.022200 
12 	 0.022200 
24 	 0.022300 
49 	 0.022500 
9 	 0.022600 
48 	 0.022600 
23 	 0.022700 
32 	 0.022800 
33 	 0.022800 
7 	 0.022900 
13 	 0.022900 
38 	 0.022900 
42 	 0.023000 
0 	 0.023100 
10 	 0.023100 
11 	 0.023100 
14 	 0.023100 
15 	 0.023100 
18 	 0.023100 
19 	 0.023100 
20 	 0.023100 
21 	 0.023100 
22 	 0.023100 
25 	 0.023100 
34 	 0.023100 
35 	 0.023100 
37 	 0.023100 
39 	 0.023100 
43 	 0.023100 
45 	 0.023100 
47 	 0.023100 
30 	 0.023200 
29 	 0.023400 
26 	 0.023600 
1 	 0.023700 
16 	 0.023700 
2 	 0.023900 
9 	 0.024000 
3 	 0.024100 
4 	 0.024100 
12 	 0.024100 
13 	 0.024100 
23 	 0.024100 
24 	 0.024100 
28 	 0.024100 
31 	 0.024100 
36 	 0.024100 
41 	 0.024100 
48 	 0.024100 
49 	 0.024100 
6 	 0.024500 
15 	 0.024500 
33 	 0.024500 
5 	 0.024600 
38 	 0.025000 
0 	 0.025100 
2 	 0.025100 
7 	 0.025100 
10 	 0.025100 
11 	 0.025100 
14 	 0.025100 
17 	 0.025100 
19 	 0.025100 
20 	 0.025100 
21 	 0.025100 
25 	 0.025100 
34 	 0.025100 
35 	 0.025100 
37 	 0.025100 
39 	 0.025100 
43 	 0.025100 
45 	 0.025100 
46 	 0.025100 
47 	 0.025100 
32 	 0.025300 
8 	 0.025400 
18 	 0.025600 
26 	 0.025700 
48 	 0.025700 
1 	 0.026100 
4 	 0.026100 
12 	 0.026100 
15 	 0.026100 
16 	 0.026100 
24 	 0.026100 
28 	 0.026100 
29 	 0.026100 
30 	 0.026100 
40 	 0.026100 
44 	 0.026100 
23 	 0.026300 
10 	 0.026900 
13 	 0.026900 
9 	 0.027000 
5 	 0.027100 
6 	 0.027100 
11 	 0.027100 
17 	 0.027100 
19 	 0.027100 
20 	 0.027100 
21 	 0.027100 
22 	 0.027100 
32 	 0.027100 
33 	 0.027100 
34 	 0.027100 
36 	 0.027100 
37 	 0.027100 
39 	 0.027100 
41 	 0.027100 
42 	 0.027100 
45 	 0.027100 
46 	 0.027100 
47 	 0.027100 
48 	 0.027100 
49 	 0.027100 
7 	 0.027300 
43 	 0.027400 
26 	 0.027700 
2 	 0.028100 
3 	 0.028100 
4 	 0.028100 
10 	 0.028100 
14 	 0.028100 
18 	 0.028100 
25 	 0.028100 
27 	 0.028100 
29 	 0.028100 
30 	 0.028100 
38 	 0.028100 
40 	 0.028100 
7 	 0.028900 
12 	 0.028900 
13 	 0.029000 
0 	 0.029100 
23 	 0.029100 
28 	 0.029100 
35 	 0.029100 
39 	 0.029100 
41 	 0.029100 
43 	 0.029100 
46 	 0.029100 
24 	 0.029200 
42 	 0.029200 
9 	 0.029500 
48 	 0.029500 
5 	 0.029600 
6 	 0.029600 
16 	 0.029800 
20 	 0.030100 
33 	 0.030100 
15 	 0.030300 
1 	 0.030400 
49 	 0.030500 
13 	 0.030600 
4 	 0.030800 
38 	 0.030800 
47 	 0.030900 
2 	 0.031000 
21 	 0.031000 
0 	 0.031100 
3 	 0.031100 
5 	 0.031100 
8 	 0.031100 
9 	 0.031100 
10 	 0.031100 
17 	 0.031100 
18 	 0.031100 
19 	 0.031100 
22 	 0.031100 
23 	 0.031100 
24 	 0.031100 
28 	 0.031100 
30 	 0.031100 
32 	 0.031100 
35 	 0.031100 
36 	 0.031100 
37 	 0.031100 
40 	 0.031100 
41 	 0.031100 
43 	 0.031100 
44 	 0.031100 
45 	 0.031100 
48 	 0.031100 
6 	 0.031600 
7 	 0.031800 
13 	 0.032100 
14 	 0.032100 
15 	 0.032100 
20 	 0.032100 
33 	 0.032100 
38 	 0.032100 
42 	 0.032100 
46 	 0.032100 
49 	 0.032100 
27 	 0.032400 
1 	 0.032600 
2 	 0.032900 
26 	 0.032900 
39 	 0.033000 
0 	 0.033100 
4 	 0.033100 
7 	 0.033100 
10 	 0.033100 
12 	 0.033100 
17 	 0.033100 
18 	 0.033100 
19 	 0.033100 
21 	 0.033100 
23 	 0.033100 
24 	 0.033100 
25 	 0.033100 
29 	 0.033100 
30 	 0.033100 
31 	 0.033100 
34 	 0.033100 
37 	 0.033100 
41 	 0.033100 
47 	 0.033100 
48 	 0.033100 
32 	 0.033700 
6 	 0.033800 
9 	 0.034000 
1 	 0.034100 
2 	 0.034100 
5 	 0.034100 
13 	 0.034100 
14 	 0.034100 
15 	 0.034100 
16 	 0.034100 
22 	 0.034100 
28 	 0.034100 
33 	 0.034100 
35 	 0.034100 
36 	 0.034100 
40 	 0.034100 
43 	 0.034100 
42 	 0.034200 
21 	 0.034800 
29 	 0.034800 
12 	 0.035000 
0 	 0.035100 
4 	 0.035100 
7 	 0.035100 
8 	 0.035100 
10 	 0.035100 
17 	 0.035100 
18 	 0.035100 
19 	 0.035100 
20 	 0.035100 
24 	 0.035100 
25 	 0.035100 
26 	 0.035100 
27 	 0.035100 
38 	 0.035100 
39 	 0.035100 
41 	 0.035100 
45 	 0.035100 
46 	 0.035100 
47 	 0.035100 
48 	 0.035100 
49 	 0.035100 
9 	 0.035600 
13 	 0.035600 
6 	 0.035700 
34 	 0.035700 
2 	 0.036100 
5 	 0.036100 
11 	 0.036100 
14 	 0.036100 
16 	 0.036100 
22 	 0.036100 
23 	 0.036100 
31 	 0.036100 
32 	 0.036100 
35 	 0.036100 
37 	 0.036100 
15 	 0.036200 
33 	 0.036600 
21 	 0.036800 
7 	 0.036900 
12 	 0.037000 
36 	 0.037000 
42 	 0.037200 
10 	 0.037300 
48 	 0.037500 
34 	 0.037700 
32 	 0.037800 
29 	 0.038000 
4 	 0.038100 
5 	 0.038100 
7 	 0.038100 
11 	 0.038100 
15 	 0.038100 
16 	 0.038100 
17 	 0.038100 
21 	 0.038100 
23 	 0.038100 
24 	 0.038100 
25 	 0.038100 
26 	 0.038100 
30 	 0.038100 
31 	 0.038100 
37 	 0.038100 
46 	 0.038100 
49 	 0.038100 
38 	 0.038400 
33 	 0.038600 
9 	 0.038800 
20 	 0.038800 
47 	 0.038800 
0 	 0.039100 
1 	 0.039100 
12 	 0.039100 
13 	 0.039100 
14 	 0.039100 
19 	 0.039100 
32 	 0.039100 
35 	 0.039100 
36 	 0.039100 
39 	 0.039100 
41 	 0.039100 
43 	 0.039100 
44 	 0.039100 
45 	 0.039100 
48 	 0.039100 
8 	 0.039700 
10 	 0.039700 
42 	 0.039800 
29 	 0.039900 
34 	 0.039900 
2 	 0.040100 
4 	 0.040100 
5 	 0.040100 
7 	 0.040100 
9 	 0.040100 
18 	 0.040100 
20 	 0.040100 
21 	 0.040100 
23 	 0.040100 
24 	 0.040100 
25 	 0.040100 
37 	 0.040100 
46 	 0.040100 
47 	 0.040100 
49 	 0.040100 
38 	 0.040400 
13 	 0.041000 
0 	 0.041100 
1 	 0.041100 
3 	 0.041100 
10 	 0.041100 
11 	 0.041100 
14 	 0.041100 
15 	 0.041100 
17 	 0.041100 
19 	 0.041100 
26 	 0.041100 
27 	 0.041100 
28 	 0.041100 
30 	 0.041100 
33 	 0.041100 
34 	 0.041100 
43 	 0.041100 
48 	 0.041100 
41 	 0.041300 
39 	 0.041700 
32 	 0.041800 
4 	 0.042100 
7 	 0.042100 
12 	 0.042100 
20 	 0.042100 
23 	 0.042100 
24 	 0.042100 
25 	 0.042100 
31 	 0.042100 
35 	 0.042100 
42 	 0.042100 
45 	 0.042100 
46 	 0.042100 
49 	 0.042100 
37 	 0.042200 
9 	 0.042300 
13 	 0.042600 
5 	 0.042700 
6 	 0.042700 
1 	 0.042800 
2 	 0.043100 
10 	 0.043100 
14 	 0.043100 
15 	 0.043100 
16 	 0.043100 
17 	 0.043100 
18 	 0.043100 
19 	 0.043100 
22 	 0.043100 
26 	 0.043100 
28 	 0.043100 
29 	 0.043100 
32 	 0.043100 
33 	 0.043100 
41 	 0.043100 
48 	 0.043100 
39 	 0.043300 
24 	 0.044000 
23 	 0.044100 
38 	 0.044100 
42 	 0.044300 
21 	 0.044400 
31 	 0.044500 
6 	 0.044800 
9 	 0.044800 
37 	 0.044800 
13 	 0.044900 
7 	 0.045100 
33 	 0.045100 
39 	 0.045200 
10 	 0.045400 
20 	 0.045400 
5 	 0.045700 
29 	 0.045900 
48 	 0.045900 
12 	 0.046000 
15 	 0.046000 
49 	 0.046000 
2 	 0.046100 
4 	 0.046100 
11 	 0.046100 
13 	 0.046100 
14 	 0.046100 
17 	 0.046100 
18 	 0.046100 
23 	 0.046100 
24 	 0.046100 
25 	 0.046100 
26 	 0.046100 
28 	 0.046100 
32 	 0.046100 
38 	 0.046100 
41 	 0.046100 
43 	 0.046100 
44 	 0.046100 
46 	 0.046100 
47 	 0.046100 
22 	 0.046300 
9 	 0.046600 
27 	 0.046700 
1 	 0.047100 
5 	 0.047100 
7 	 0.047100 
8 	 0.047100 
19 	 0.047100 
20 	 0.047100 
29 	 0.047100 
30 	 0.047100 
33 	 0.047100 
37 	 0.047100 
39 	 0.047100 
48 	 0.047100 
34 	 0.047300 
10 	 0.047400 
6 	 0.047600 
32 	 0.047800 
13 	 0.048000 
0 	 0.048100 
2 	 0.048100 
9 	 0.048100 
11 	 0.048100 
12 	 0.048100 
14 	 0.048100 
17 	 0.048100 
18 	 0.048100 
23 	 0.048100 
24 	 0.048100 
25 	 0.048100 
27 	 0.048100 
28 	 0.048100 
38 	 0.048100 
42 	 0.048100 
44 	 0.048100 
47 	 0.048100 
40 	 0.048300 
31 	 0.048400 
41 	 0.048600 
1 	 0.049100 
4 	 0.049100 
7 	 0.049100 
15 	 0.049100 
16 	 0.049100 
19 	 0.049100 
20 	 0.049100 
30 	 0.049100 
32 	 0.049100 
33 	 0.049100 
49 	 0.049100 
10 	 0.049400 
37 	 0.049400 
5 	 0.049600 
13 	 0.050000 
29 	 0.050000 
6 	 0.050100 
11 	 0.050100 
18 	 0.050100 
23 	 0.050100 
24 	 0.050100 
31 	 0.050100 
39 	 0.050100 
42 	 0.050100 
43 	 0.050100 
46 	 0.050100 
48 	 0.050100 
2 	 0.050600 
14 	 0.050800 
41 	 0.050900 
9 	 0.051000 
36 	 0.051000 
0 	 0.051100 
7 	 0.051100 
12 	 0.051100 
16 	 0.051100 
19 	 0.051100 
21 	 0.051100 
25 	 0.051100 
28 	 0.051100 
30 	 0.051100 
32 	 0.051100 
37 	 0.051100 
38 	 0.051100 
44 	 0.051100 
45 	 0.051100 
49 	 0.051100 
33 	 0.051300 
10 	 0.051500 
1 	 0.051600 
23 	 0.051800 
34 	 0.051900 
40 	 0.051900 
13 	 0.052000 
3 	 0.052100 
5 	 0.052100 
15 	 0.052100 
17 	 0.052100 
18 	 0.052100 
20 	 0.052100 
22 	 0.052100 
24 	 0.052100 
29 	 0.052100 
43 	 0.052100 
47 	 0.052100 
48 	 0.052100 
6 	 0.052600 
42 	 0.052600 
39 	 0.053100 
2 	 0.053400 
21 	 0.053400 
31 	 0.053400 
12 	 0.053500 
7 	 0.053800 
28 	 0.053800 
26 	 0.053900 
34 	 0.053900 
15 	 0.054000 
0 	 0.054100 
3 	 0.054100 
4 	 0.054100 
5 	 0.054100 
6 	 0.054100 
9 	 0.054100 
10 	 0.054100 
11 	 0.054100 
13 	 0.054100 
14 	 0.054100 
16 	 0.054100 
18 	 0.054100 
19 	 0.054100 
20 	 0.054100 
24 	 0.054100 
25 	 0.054100 
27 	 0.054100 
30 	 0.054100 
32 	 0.054100 
33 	 0.054100 
38 	 0.054100 
41 	 0.054100 
43 	 0.054100 
45 	 0.054100 
46 	 0.054100 
47 	 0.054100 
48 	 0.054100 
49 	 0.054100 
23 	 0.054200 
1 	 0.054500 
42 	 0.054800 
29 	 0.054900 
7 	 0.055100 
12 	 0.055100 
17 	 0.055100 
21 	 0.055100 
22 	 0.055100 
26 	 0.055100 
31 	 0.055100 
34 	 0.055100 
35 	 0.055100 
36 	 0.055100 
37 	 0.055100 
39 	 0.055100 
40 	 0.055100 
44 	 0.055100 
23 	 0.055900 
13 	 0.056000 
0 	 0.056100 
1 	 0.056100 
3 	 0.056100 
6 	 0.056100 
11 	 0.056100 
14 	 0.056100 
15 	 0.056100 
18 	 0.056100 
19 	 0.056100 
20 	 0.056100 
24 	 0.056100 
25 	 0.056100 
27 	 0.056100 
29 	 0.056100 
30 	 0.056100 
33 	 0.056100 
38 	 0.056100 
41 	 0.056100 
45 	 0.056100 
46 	 0.056100 
48 	 0.056100 
32 	 0.056500 
5 	 0.056700 
10 	 0.056800 
49 	 0.056800 
2 	 0.057000 
4 	 0.057100 
9 	 0.057100 
12 	 0.057100 
16 	 0.057100 
17 	 0.057100 
22 	 0.057100 
26 	 0.057100 
31 	 0.057100 
35 	 0.057100 
36 	 0.057100 
37 	 0.057100 
39 	 0.057100 
40 	 0.057100 
42 	 0.057100 
44 	 0.057100 
47 	 0.057100 
33 	 0.057700 
7 	 0.057900 
0 	 0.058100 
5 	 0.058100 
6 	 0.058100 
10 	 0.058100 
11 	 0.058100 
13 	 0.058100 
14 	 0.058100 
15 	 0.058100 
18 	 0.058100 
20 	 0.058100 
21 	 0.058100 
23 	 0.058100 
25 	 0.058100 
28 	 0.058100 
34 	 0.058100 
38 	 0.058100 
41 	 0.058100 
43 	 0.058100 
45 	 0.058100 
49 	 0.058100 
48 	 0.058500 
24 	 0.058600 
4 	 0.059100 
8 	 0.059100 
12 	 0.059100 
17 	 0.059100 
19 	 0.059100 
22 	 0.059100 
30 	 0.059100 
31 	 0.059100 
35 	 0.059100 
36 	 0.059100 
37 	 0.059100 
44 	 0.059100 
46 	 0.059100 
42 	 0.059300 
9 	 0.059400 
10 	 0.059900 
23 	 0.059900 
34 	 0.059900 
1 	 0.060100 
20 	 0.060100 
21 	 0.060200 
0 	 0.060400 
33 	 0.060500 
4 	 0.060600 
7 	 0.060700 
5 	 0.061200 
9 	 0.061300 
41 	 0.061300 
39 	 0.061400 
49 	 0.061400 
22 	 0.061700 
42 	 0.061800 
4 	 0.062100 
7 	 0.062100 
10 	 0.062100 
11 	 0.062100 
12 	 0.062100 
13 	 0.062100 
15 	 0.062100 
16 	 0.062100 
17 	 0.062100 
19 	 0.062100 
20 	 0.062100 
21 	 0.062100 
23 	 0.062100 
24 	 0.062100 
25 	 0.062100 
28 	 0.062100 
29 	 0.062100 
30 	 0.062100 
31 	 0.062100 
32 	 0.062100 
33 	 0.062100 
35 	 0.062100 
36 	 0.062100 
37 	 0.062100 
38 	 0.062100 
40 	 0.062100 
43 	 0.062100 
46 	 0.062100 
47 	 0.062100 
48 	 0.062100 
0 	 0.062300 
2 	 0.062400 
27 	 0.062400 
44 	 0.062600 
34 	 0.062700 
3 	 0.063100 
9 	 0.063100 
14 	 0.063100 
18 	 0.063100 
26 	 0.063100 
39 	 0.063100 
41 	 0.063100 
49 	 0.063100 
13 	 0.063600 
1 	 0.063800 
42 	 0.064000 
0 	 0.064100 
4 	 0.064100 
5 	 0.064100 
7 	 0.064100 
10 	 0.064100 
11 	 0.064100 
16 	 0.064100 
17 	 0.064100 
20 	 0.064100 
21 	 0.064100 
23 	 0.064100 
25 	 0.064100 
31 	 0.064100 
32 	 0.064100 
34 	 0.064100 
37 	 0.064100 
45 	 0.064100 
48 	 0.064100 
30 	 0.064500 
2 	 0.065100 
8 	 0.065100 
12 	 0.065100 
13 	 0.065100 
15 	 0.065100 
18 	 0.065100 
19 	 0.065100 
22 	 0.065100 
24 	 0.065100 
27 	 0.065100 
35 	 0.065100 
39 	 0.065100 
40 	 0.065100 
44 	 0.065100 
46 	 0.065100 
47 	 0.065100 
49 	 0.065100 
9 	 0.065700 
38 	 0.065900 
16 	 0.066000 
31 	 0.066000 
4 	 0.066100 
6 	 0.066100 
11 	 0.066100 
14 	 0.066100 
17 	 0.066100 
20 	 0.066100 
21 	 0.066100 
23 	 0.066100 
25 	 0.066100 
28 	 0.066100 
29 	 0.066100 
30 	 0.066100 
33 	 0.066100 
36 	 0.066100 
37 	 0.066100 
48 	 0.066100 
42 	 0.066600 
5 	 0.066800 
32 	 0.066800 
7 	 0.066900 
0 	 0.067100 
3 	 0.067100 
12 	 0.067100 
13 	 0.067100 
19 	 0.067100 
22 	 0.067100 
26 	 0.067100 
27 	 0.067100 
35 	 0.067100 
39 	 0.067100 
41 	 0.067100 
44 	 0.067100 
45 	 0.067100 
47 	 0.067100 
8 	 0.067400 
10 	 0.067400 
15 	 0.067400 
2 	 0.067900 
24 	 0.068000 
5 	 0.068100 
11 	 0.068100 
16 	 0.068100 
18 	 0.068100 
21 	 0.068100 
25 	 0.068100 
28 	 0.068100 
31 	 0.068100 
32 	 0.068100 
33 	 0.068100 
37 	 0.068100 
38 	 0.068100 
46 	 0.068100 
48 	 0.068100 
42 	 0.068300 
30 	 0.068400 
4 	 0.068600 
7 	 0.068700 
9 	 0.068800 
29 	 0.068900 
0 	 0.069100 
1 	 0.069100 
2 	 0.069100 
3 	 0.069100 
10 	 0.069100 
12 	 0.069100 
13 	 0.069100 
15 	 0.069100 
17 	 0.069100 
19 	 0.069100 
34 	 0.069100 
35 	 0.069100 
41 	 0.069100 
43 	 0.069100 
44 	 0.069100 
47 	 0.069100 
26 	 0.069600 
4 	 0.070100 
7 	 0.070100 
14 	 0.070100 
16 	 0.070100 
18 	 0.070100 
20 	 0.070100 
21 	 0.070100 
24 	 0.070100 
25 	 0.070100 
28 	 0.070100 
29 	 0.070100 
30 	 0.070100 
32 	 0.070100 
33 	 0.070100 
38 	 0.070100 
39 	 0.070100 
42 	 0.070100 
45 	 0.070100 
46 	 0.070100 
48 	 0.070100 
49 	 0.070100 
6 	 0.070200 
11 	 0.070200 
5 	 0.070300 
9 	 0.070400 
23 	 0.070500 
37 	 0.070600 
10 	 0.070900 
15 	 0.071000 
1 	 0.071100 
3 	 0.071100 
8 	 0.071100 
22 	 0.071100 
31 	 0.071100 
35 	 0.071100 
36 	 0.071100 
41 	 0.071100 
47 	 0.071100 
12 	 0.071200 
13 	 0.071500 
39 	 0.071800 
18 	 0.072000 
0 	 0.072100 
4 	 0.072100 
5 	 0.072100 
7 	 0.072100 
10 	 0.072100 
14 	 0.072100 
20 	 0.072100 
23 	 0.072100 
24 	 0.072100 
25 	 0.072100 
26 	 0.072100 
28 	 0.072100 
30 	 0.072100 
37 	 0.072100 
38 	 0.072100 
44 	 0.072100 
48 	 0.072100 
32 	 0.072200 
11 	 0.072500 
33 	 0.072700 
2 	 0.072800 
21 	 0.072800 
1 	 0.072900 
9 	 0.072900 
6 	 0.073200 
49 	 0.073400 
12 	 0.073500 
13 	 0.073500 
15 	 0.073500 
39 	 0.073500 
42 	 0.073600 
37 	 0.073800 
7 	 0.074000 
47 	 0.074100 
20 	 0.074200 
10 	 0.074300 
4 	 0.074400 
16 	 0.074400 
35 	 0.074600 
2 	 0.074800 
9 	 0.074800 
26 	 0.074800 
21 	 0.075000 
0 	 0.075100 
3 	 0.075100 
6 	 0.075100 
11 	 0.075100 
17 	 0.075100 
18 	 0.075100 
22 	 0.075100 
24 	 0.075100 
25 	 0.075100 
27 	 0.075100 
28 	 0.075100 
29 	 0.075100 
34 	 0.075100 
37 	 0.075100 
38 	 0.075100 
42 	 0.075100 
45 	 0.075100 
46 	 0.075100 
48 	 0.075100 
14 	 0.075200 
5 	 0.075400 
32 	 0.075400 
13 	 0.075500 
39 	 0.075500 
23 	 0.075700 
8 	 0.076000 
12 	 0.076000 
2 	 0.076100 
4 	 0.076100 
7 	 0.076100 
15 	 0.076100 
20 	 0.076100 
33 	 0.076100 
36 	 0.076100 
40 	 0.076100 
43 	 0.076100 
16 	 0.076400 
9 	 0.076600 
35 	 0.076600 
10 	 0.076700 
21 	 0.076900 
39 	 0.077000 
5 	 0.077100 
6 	 0.077100 
13 	 0.077100 
17 	 0.077100 
19 	 0.077100 
23 	 0.077100 
24 	 0.077100 
28 	 0.077100 
31 	 0.077100 
32 	 0.077100 
34 	 0.077100 
37 	 0.077100 
38 	 0.077100 
41 	 0.077100 
45 	 0.077100 
46 	 0.077100 
47 	 0.077100 
49 	 0.077100 
48 	 0.077200 
29 	 0.077400 
42 	 0.077800 
4 	 0.078100 
10 	 0.078100 
14 	 0.078100 
15 	 0.078100 
16 	 0.078100 
20 	 0.078100 
26 	 0.078100 
35 	 0.078100 
36 	 0.078100 
12 	 0.078300 
0 	 0.078500 
8 	 0.078500 
9 	 0.078500 
7 	 0.078800 
2 	 0.078900 
1 	 0.079100 
3 	 0.079100 
5 	 0.079100 
17 	 0.079100 
22 	 0.079100 
25 	 0.079100 
27 	 0.079100 
28 	 0.079100 
30 	 0.079100 
31 	 0.079100 
38 	 0.079100 
39 	 0.079100 
41 	 0.079100 
44 	 0.079100 
45 	 0.079100 
48 	 0.079100 
24 	 0.079400 
13 	 0.079600 
37 	 0.079600 
34 	 0.079700 
10 	 0.079900 
29 	 0.079900 
2 	 0.080100 
7 	 0.080100 
11 	 0.080100 
12 	 0.080100 
16 	 0.080100 
19 	 0.080100 
20 	 0.080100 
21 	 0.080100 
23 	 0.080100 
32 	 0.080100 
33 	 0.080100 
40 	 0.080100 
4 	 0.080400 
49 	 0.080500 
0 	 0.080600 
9 	 0.080800 
42 	 0.081000 
1 	 0.081100 
5 	 0.081100 
15 	 0.081100 
17 	 0.081100 
18 	 0.081100 
24 	 0.081100 
26 	 0.081100 
27 	 0.081100 
30 	 0.081100 
34 	 0.081100 
35 	 0.081100 
41 	 0.081100 
46 	 0.081100 
13 	 0.081400 
6 	 0.081500 
10 	 0.081800 
48 	 0.081900 
7 	 0.082100 
8 	 0.082100 
16 	 0.082100 
19 	 0.082100 
23 	 0.082100 
25 	 0.082100 
28 	 0.082100 
31 	 0.082100 
32 	 0.082100 
33 	 0.082100 
37 	 0.082100 
38 	 0.082100 
39 	 0.082100 
40 	 0.082100 
44 	 0.082100 
22 	 0.082300 
2 	 0.082400 
20 	 0.082400 
9 	 0.082900 
0 	 0.083100 
1 	 0.083100 
4 	 0.083100 
6 	 0.083100 
11 	 0.083100 
13 	 0.083100 
15 	 0.083100 
18 	 0.083100 
24 	 0.083100 
30 	 0.083100 
34 	 0.083100 
45 	 0.083100 
46 	 0.083100 
48 	 0.083100 
49 	 0.083400 
5 	 0.083600 
26 	 0.083600 
21 	 0.083700 
29 	 0.083700 
10 	 0.083800 
42 	 0.083800 
7 	 0.083900 
3 	 0.084100 
8 	 0.084100 
12 	 0.084100 
16 	 0.084100 
19 	 0.084100 
20 	 0.084100 
25 	 0.084100 
28 	 0.084100 
31 	 0.084100 
33 	 0.084100 
37 	 0.084100 
38 	 0.084100 
39 	 0.084100 
41 	 0.084100 
47 	 0.084100 
27 	 0.084400 
2 	 0.084700 
4 	 0.084700 
9 	 0.084700 
1 	 0.084800 
0 	 0.085100 
5 	 0.085100 
6 	 0.085100 
11 	 0.085100 
14 	 0.085100 
17 	 0.085100 
18 	 0.085100 
21 	 0.085100 
22 	 0.085100 
23 	 0.085100 
26 	 0.085100 
29 	 0.085100 
30 	 0.085100 
35 	 0.085100 
45 	 0.085100 
49 	 0.085100 
15 	 0.085600 
38 	 0.085600 
13 	 0.085700 
10 	 0.085900 
1 	 0.086100 
3 	 0.086100 
4 	 0.086100 
7 	 0.086100 
9 	 0.086100 
19 	 0.086100 
24 	 0.086100 
25 	 0.086100 
28 	 0.086100 
33 	 0.086100 
39 	 0.086100 
41 	 0.086100 
42 	 0.086100 
46 	 0.086100 
47 	 0.086100 
37 	 0.086200 
12 	 0.086600 
34 	 0.086700 
20 	 0.086800 
2 	 0.086900 
6 	 0.087100 
8 	 0.087100 
11 	 0.087100 
13 	 0.087100 
14 	 0.087100 
15 	 0.087100 
16 	 0.087100 
17 	 0.087100 
18 	 0.087100 
21 	 0.087100 
22 	 0.087100 
29 	 0.087100 
30 	 0.087100 
36 	 0.087100 
43 	 0.087100 
23 	 0.087200 
5 	 0.087600 
49 	 0.087600 
9 	 0.088000 
33 	 0.088000 
4 	 0.088100 
38 	 0.088100 
41 	 0.088200 
32 	 0.088300 
42 	 0.088300 
44 	 0.088400 
48 	 0.088400 
21 	 0.088500 
7 	 0.088700 
10 	 0.088700 
26 	 0.088900 
12 	 0.089000 
27 	 0.089100 
39 	 0.089200 
11 	 0.089500 
15 	 0.089600 
20 	 0.089600 
2 	 0.089800 
33 	 0.089800 
38 	 0.089800 
9 	 0.089900 
37 	 0.089900 
24 	 0.090000 
13 	 0.090100 
14 	 0.090100 
19 	 0.090500 
48 	 0.090500 
49 	 0.090500 
4 	 0.090600 
22 	 0.090600 
34 	 0.091000 
0 	 0.091100 
3 	 0.091100 
7 	 0.091100 
10 	 0.091100 
15 	 0.091100 
17 	 0.091100 
18 	 0.091100 
21 	 0.091100 
25 	 0.091100 
26 	 0.091100 
27 	 0.091100 
28 	 0.091100 
31 	 0.091100 
32 	 0.091100 
33 	 0.091100 
35 	 0.091100 
39 	 0.091100 
41 	 0.091100 
42 	 0.091100 
43 	 0.091100 
44 	 0.091100 
46 	 0.091100 
47 	 0.091100 
5 	 0.091300 
1 	 0.091400 
6 	 0.091400 
20 	 0.092000 
2 	 0.092100 
4 	 0.092100 
8 	 0.092100 
11 	 0.092100 
13 	 0.092100 
14 	 0.092100 
16 	 0.092100 
19 	 0.092100 
22 	 0.092100 
30 	 0.092100 
37 	 0.092100 
38 	 0.092100 
45 	 0.092100 
48 	 0.092100 
49 	 0.092100 
24 	 0.092200 
9 	 0.092400 
23 	 0.092400 
34 	 0.092700 
36 	 0.092800 
41 	 0.092800 
12 	 0.092900 
31 	 0.093000 
0 	 0.093100 
1 	 0.093100 
3 	 0.093100 
5 	 0.093100 
7 	 0.093100 
15 	 0.093100 
18 	 0.093100 
25 	 0.093100 
26 	 0.093100 
32 	 0.093100 
40 	 0.093100 
43 	 0.093100 
44 	 0.093100 
46 	 0.093100 
47 	 0.093100 
10 	 0.093500 
33 	 0.093600 
6 	 0.093700 
21 	 0.094000 
42 	 0.094000 
2 	 0.094100 
8 	 0.094100 
9 	 0.094100 
11 	 0.094100 
12 	 0.094100 
13 	 0.094100 
20 	 0.094100 
23 	 0.094100 
24 	 0.094100 
28 	 0.094100 
38 	 0.094100 
39 	 0.094100 
41 	 0.094100 
45 	 0.094100 
48 	 0.094100 
49 	 0.094100 
16 	 0.094300 
37 	 0.094400 
0 	 0.095100 
1 	 0.095100 
5 	 0.095100 
10 	 0.095100 
14 	 0.095100 
15 	 0.095100 
17 	 0.095100 
18 	 0.095100 
19 	 0.095100 
25 	 0.095100 
27 	 0.095100 
29 	 0.095100 
34 	 0.095100 
35 	 0.095100 
46 	 0.095100 
47 	 0.095100 
7 	 0.095700 
32 	 0.095800 
9 	 0.095900 
33 	 0.096000 
3 	 0.096100 
4 	 0.096100 
6 	 0.096100 
11 	 0.096100 
12 	 0.096100 
13 	 0.096100 
20 	 0.096100 
21 	 0.096100 
22 	 0.096100 
23 	 0.096100 
24 	 0.096100 
26 	 0.096100 
28 	 0.096100 
30 	 0.096100 
36 	 0.096100 
37 	 0.096100 
38 	 0.096100 
39 	 0.096100 
41 	 0.096100 
43 	 0.096100 
44 	 0.096100 
48 	 0.096100 
49 	 0.096100 
2 	 0.096200 
1 	 0.097100 
8 	 0.097100 
10 	 0.097100 
14 	 0.097100 
15 	 0.097100 
18 	 0.097100 
25 	 0.097100 
34 	 0.097100 
35 	 0.097100 
40 	 0.097100 
46 	 0.097100 
47 	 0.097100 
42 	 0.097400 
5 	 0.097500 
7 	 0.097600 
33 	 0.097800 
20 	 0.097900 
2 	 0.098100 
3 	 0.098100 
4 	 0.098100 
6 	 0.098100 
9 	 0.098100 
11 	 0.098100 
12 	 0.098100 
24 	 0.098100 
31 	 0.098100 
36 	 0.098100 
37 	 0.098100 
38 	 0.098100 
39 	 0.098100 
41 	 0.098100 
43 	 0.098100 
45 	 0.098100 
48 	 0.098100 
49 	 0.098100 
29 	 0.098200 
21 	 0.098400 
13 	 0.098600 
32 	 0.098700 
1 	 0.098800 
28 	 0.098800 
5 	 0.099100 
8 	 0.099100 
14 	 0.099100 
15 	 0.099100 
18 	 0.099100 
19 	 0.099100 
20 	 0.099100 
22 	 0.099100 
25 	 0.099100 
27 	 0.099100 
33 	 0.099100 
35 	 0.099100 
40 	 0.099100 
42 	 0.099100 
46 	 0.099100 
47 	 0.099100 
10 	 0.099400 
16 	 0.099600 
7 	 0.099800 
29 	 0.099900 
24 	 0.100000 
0 	 0.100100 
4 	 0.100100 
11 	 0.100100 
12 	 0.100100 
13 	 0.100100 
17 	 0.100100 
21 	 0.100100 
23 	 0.100100 
26 	 0.100100 
28 	 0.100100 
31 	 0.100100 
36 	 0.100100 
38 	 0.100100 
39 	 0.100100 
41 	 0.100100 
43 	 0.100100 
44 	 0.100100 
45 	 0.100100 
48 	 0.100100 
5 	 0.101100 
7 	 0.101100 
8 	 0.101100 
9 	 0.101100 
10 	 0.101100 
15 	 0.101100 
22 	 0.101100 
25 	 0.101100 
27 	 0.101100 
29 	 0.101100 
32 	 0.101100 
34 	 0.101100 
42 	 0.101100 
46 	 0.101100 
47 	 0.101100 
49 	 0.101100 
20 	 0.101300 
37 	 0.101400 
16 	 0.101700 
2 	 0.102000 
4 	 0.102100 
11 	 0.102100 
13 	 0.102100 
14 	 0.102100 
17 	 0.102100 
18 	 0.102100 
26 	 0.102100 
31 	 0.102100 
33 	 0.102100 
35 	 0.102100 
41 	 0.102100 
43 	 0.102100 
48 	 0.102100 
10 	 0.102900 
0 	 0.103100 
7 	 0.103100 
12 	 0.103100 
16 	 0.103100 
19 	 0.103100 
21 	 0.103100 
23 	 0.103100 
24 	 0.103100 
25 	 0.103100 
27 	 0.103100 
28 	 0.103100 
32 	 0.103100 
37 	 0.103100 
38 	 0.103100 
39 	 0.103100 
45 	 0.103100 
47 	 0.103100 
49 	 0.103100 
15 	 0.103400 
9 	 0.103800 
20 	 0.103800 
48 	 0.104000 
1 	 0.104100 
3 	 0.104100 
4 	 0.104100 
5 	 0.104100 
6 	 0.104100 
8 	 0.104100 
10 	 0.104100 
11 	 0.104100 
17 	 0.104100 
22 	 0.104100 
29 	 0.104100 
31 	 0.104100 
34 	 0.104100 
35 	 0.104100 
36 	 0.104100 
42 	 0.104100 
43 	 0.104100 
46 	 0.104100 
24 	 0.104700 
38 	 0.105300 
13 	 0.105600 
23 	 0.105700 
9 	 0.105900 
48 	 0.106000 
4 	 0.106100 
17 	 0.106100 
21 	 0.106100 
2 	 0.106200 
7 	 0.106200 
1 	 0.106400 
29 	 0.106400 
42 	 0.106400 
33 	 0.106700 
20 	 0.106900 
5 	 0.107000 
10 	 0.107200 
22 	 0.107300 
49 	 0.107400 
15 	 0.107500 
13 	 0.107600 
24 	 0.107700 
32 	 0.107700 
9 	 0.107800 
2 	 0.108000 
16 	 0.108000 
17 	 0.108000 
37 	 0.108000 
0 	 0.108100 
4 	 0.108100 
7 	 0.108100 
11 	 0.108100 
12 	 0.108100 
14 	 0.108100 
20 	 0.108100 
23 	 0.108100 
25 	 0.108100 
26 	 0.108100 
27 	 0.108100 
28 	 0.108100 
30 	 0.108100 
33 	 0.108100 
34 	 0.108100 
38 	 0.108100 
39 	 0.108100 
45 	 0.108100 
47 	 0.108100 
48 	 0.108100 
21 	 0.108800 
29 	 0.108900 
1 	 0.109100 
5 	 0.109100 
6 	 0.109100 
10 	 0.109100 
13 	 0.109100 
15 	 0.109100 
18 	 0.109100 
19 	 0.109100 
32 	 0.109100 
36 	 0.109100 
41 	 0.109100 
42 	 0.109100 
43 	 0.109100 
44 	 0.109100 
46 	 0.109100 
12 	 0.110000 
2 	 0.110100 
4 	 0.110100 
8 	 0.110100 
9 	 0.110100 
11 	 0.110100 
14 	 0.110100 
17 	 0.110100 
21 	 0.110100 
23 	 0.110100 
26 	 0.110100 
29 	 0.110100 
31 	 0.110100 
33 	 0.110100 
37 	 0.110100 
39 	 0.110100 
45 	 0.110100 
47 	 0.110100 
49 	 0.110100 
0 	 0.110300 
34 	 0.110300 
24 	 0.110400 
15 	 0.110700 
5 	 0.111100 
7 	 0.111100 
10 	 0.111100 
18 	 0.111100 
20 	 0.111100 
22 	 0.111100 
25 	 0.111100 
27 	 0.111100 
28 	 0.111100 
30 	 0.111100 
32 	 0.111100 
35 	 0.111100 
36 	 0.111100 
38 	 0.111100 
42 	 0.111100 
43 	 0.111100 
46 	 0.111100 
48 	 0.111100 
44 	 0.111300 
37 	 0.112000 
0 	 0.112100 
3 	 0.112100 
4 	 0.112100 
11 	 0.112100 
14 	 0.112100 
15 	 0.112100 
16 	 0.112100 
19 	 0.112100 
21 	 0.112100 
23 	 0.112100 
24 	 0.112100 
39 	 0.112100 
40 	 0.112100 
45 	 0.112100 
47 	 0.112100 
34 	 0.112200 
9 	 0.112400 
31 	 0.112500 
6 	 0.112700 
8 	 0.112700 
13 	 0.112700 
7 	 0.112900 
30 	 0.113000 
33 	 0.113000 
1 	 0.113100 
5 	 0.113100 
10 	 0.113100 
17 	 0.113100 
18 	 0.113100 
25 	 0.113100 
28 	 0.113100 
32 	 0.113100 
35 	 0.113100 
36 	 0.113100 
38 	 0.113100 
42 	 0.113100 
43 	 0.113100 
44 	 0.113100 
49 	 0.113100 
48 	 0.113500 
2 	 0.113600 
20 	 0.113800 
16 	 0.114000 
0 	 0.114100 
3 	 0.114100 
4 	 0.114100 
7 	 0.114100 
11 	 0.114100 
15 	 0.114100 
19 	 0.114100 
21 	 0.114100 
22 	 0.114100 
23 	 0.114100 
26 	 0.114100 
27 	 0.114100 
29 	 0.114100 
34 	 0.114100 
39 	 0.114100 
46 	 0.114100 
47 	 0.114100 
9 	 0.114300 
24 	 0.114300 
13 	 0.114600 
6 	 0.115000 
14 	 0.115000 
5 	 0.115100 
10 	 0.115100 
12 	 0.115100 
28 	 0.115100 
33 	 0.115100 
35 	 0.115100 
36 	 0.115100 
38 	 0.115100 
45 	 0.115100 
48 	 0.115100 
42 	 0.115200 
21 	 0.115700 
7 	 0.115900 
20 	 0.116000 
4 	 0.116100 
8 	 0.116100 
11 	 0.116100 
13 	 0.116100 
15 	 0.116100 
16 	 0.116100 
17 	 0.116100 
19 	 0.116100 
24 	 0.116100 
29 	 0.116100 
31 	 0.116100 
32 	 0.116100 
34 	 0.116100 
37 	 0.116100 
39 	 0.116100 
41 	 0.116100 
46 	 0.116100 
47 	 0.116100 
49 	 0.116600 
0 	 0.117100 
1 	 0.117100 
2 	 0.117100 
3 	 0.117100 
7 	 0.117100 
10 	 0.117100 
12 	 0.117100 
21 	 0.117100 
22 	 0.117100 
23 	 0.117100 
25 	 0.117100 
26 	 0.117100 
33 	 0.117100 
35 	 0.117100 
36 	 0.117100 
38 	 0.117100 
42 	 0.117100 
43 	 0.117100 
9 	 0.117300 
5 	 0.117400 
6 	 0.117400 
29 	 0.117700 
16 	 0.118000 
4 	 0.118100 
8 	 0.118100 
11 	 0.118100 
13 	 0.118100 
14 	 0.118100 
15 	 0.118100 
19 	 0.118100 
20 	 0.118100 
28 	 0.118100 
31 	 0.118100 
39 	 0.118100 
40 	 0.118100 
41 	 0.118100 
44 	 0.118100 
45 	 0.118100 
46 	 0.118100 
47 	 0.118100 
48 	 0.118100 
32 	 0.118700 
12 	 0.119000 
2 	 0.119100 
3 	 0.119100 
5 	 0.119100 
6 	 0.119100 
9 	 0.119100 
10 	 0.119100 
17 	 0.119100 
18 	 0.119100 
21 	 0.119100 
22 	 0.119100 
23 	 0.119100 
24 	 0.119100 
25 	 0.119100 
26 	 0.119100 
27 	 0.119100 
29 	 0.119100 
33 	 0.119100 
34 	 0.119100 
36 	 0.119100 
37 	 0.119100 
38 	 0.119100 
43 	 0.119100 
49 	 0.119100 
7 	 0.119600 
13 	 0.119900 
20 	 0.120100 
15 	 0.120500 
48 	 0.120600 
14 	 0.120700 
21 	 0.120700 
37 	 0.120700 
4 	 0.121100 
32 	 0.121100 
10 	 0.121200 
5 	 0.121400 
42 	 0.121400 
16 	 0.121700 
9 	 0.121800 
22 	 0.121800 
7 	 0.121900 
47 	 0.121900 
8 	 0.122100 
39 	 0.122100 
1 	 0.122200 
12 	 0.122200 
15 	 0.122400 
29 	 0.122400 
6 	 0.122500 
2 	 0.122800 
23 	 0.122800 
33 	 0.122800 
26 	 0.122900 
4 	 0.123000 
13 	 0.123100 
20 	 0.123100 
38 	 0.123100 
9 	 0.123600 
42 	 0.123600 
21 	 0.123800 
32 	 0.123800 
49 	 0.124000 
0 	 0.124100 
1 	 0.124100 
2 	 0.124100 
5 	 0.124100 
6 	 0.124100 
7 	 0.124100 
10 	 0.124100 
11 	 0.124100 
14 	 0.124100 
15 	 0.124100 
17 	 0.124100 
19 	 0.124100 
23 	 0.124100 
24 	 0.124100 
25 	 0.124100 
26 	 0.124100 
30 	 0.124100 
33 	 0.124100 
34 	 0.124100 
36 	 0.124100 
37 	 0.124100 
39 	 0.124100 
45 	 0.124100 
47 	 0.124100 
48 	 0.124100 
12 	 0.124200 
18 	 0.124700 
29 	 0.124700 
27 	 0.125000 
3 	 0.125100 
20 	 0.125100 
21 	 0.125100 
31 	 0.125100 
35 	 0.125100 
41 	 0.125100 
46 	 0.125100 
16 	 0.125900 
32 	 0.125900 
0 	 0.126100 
2 	 0.126100 
4 	 0.126100 
7 	 0.126100 
8 	 0.126100 
9 	 0.126100 
10 	 0.126100 
11 	 0.126100 
12 	 0.126100 
13 	 0.126100 
15 	 0.126100 
17 	 0.126100 
18 	 0.126100 
19 	 0.126100 
23 	 0.126100 
25 	 0.126100 
26 	 0.126100 
36 	 0.126100 
37 	 0.126100 
38 	 0.126100 
39 	 0.126100 
42 	 0.126100 
43 	 0.126100 
44 	 0.126100 
45 	 0.126100 
47 	 0.126100 
48 	 0.126100 
24 	 0.126300 
1 	 0.126600 
29 	 0.126700 
34 	 0.126700 
3 	 0.127100 
5 	 0.127100 
6 	 0.127100 
14 	 0.127100 
16 	 0.127100 
28 	 0.127100 
31 	 0.127100 
35 	 0.127100 
46 	 0.127100 
41 	 0.127200 
33 	 0.127300 
21 	 0.127500 
49 	 0.127500 
20 	 0.127800 
32 	 0.128000 
2 	 0.128100 
4 	 0.128100 
7 	 0.128100 
9 	 0.128100 
10 	 0.128100 
11 	 0.128100 
12 	 0.128100 
17 	 0.128100 
18 	 0.128100 
19 	 0.128100 
22 	 0.128100 
23 	 0.128100 
24 	 0.128100 
25 	 0.128100 
26 	 0.128100 
29 	 0.128100 
34 	 0.128100 
36 	 0.128100 
37 	 0.128100 
38 	 0.128100 
39 	 0.128100 
40 	 0.128100 
45 	 0.128100 
47 	 0.128100 
48 	 0.128100 
13 	 0.128600 
30 	 0.128600 
1 	 0.128800 
16 	 0.128800 
15 	 0.128900 
42 	 0.128900 
0 	 0.129100 
27 	 0.129100 
31 	 0.129100 
35 	 0.129100 
41 	 0.129100 
43 	 0.129100 
46 	 0.129100 
21 	 0.129500 
5 	 0.129700 
9 	 0.129900 
8 	 0.130000 
20 	 0.130000 
4 	 0.130100 
7 	 0.130100 
10 	 0.130100 
11 	 0.130100 
15 	 0.130100 
16 	 0.130100 
17 	 0.130100 
19 	 0.130100 
23 	 0.130100 
29 	 0.130100 
34 	 0.130100 
37 	 0.130100 
38 	 0.130100 
39 	 0.130100 
40 	 0.130100 
44 	 0.130100 
45 	 0.130100 
47 	 0.130100 
48 	 0.130100 
49 	 0.130100 
33 	 0.130400 
6 	 0.130600 
13 	 0.130600 
32 	 0.130700 
1 	 0.130800 
24 	 0.131000 
3 	 0.131100 
5 	 0.131100 
14 	 0.131100 
18 	 0.131100 
26 	 0.131100 
28 	 0.131100 
30 	 0.131100 
31 	 0.131100 
41 	 0.131100 
42 	 0.131100 
43 	 0.131100 
46 	 0.131100 
27 	 0.131600 
29 	 0.131900 
0 	 0.132100 
1 	 0.132100 
2 	 0.132100 
4 	 0.132100 
7 	 0.132100 
10 	 0.132100 
11 	 0.132100 
13 	 0.132100 
16 	 0.132100 
17 	 0.132100 
23 	 0.132100 
25 	 0.132100 
32 	 0.132100 
34 	 0.132100 
38 	 0.132100 
39 	 0.132100 
47 	 0.132100 
48 	 0.132100 
9 	 0.132400 
6 	 0.132700 
12 	 0.133100 
15 	 0.133100 
24 	 0.133100 
26 	 0.133100 
27 	 0.133100 
28 	 0.133100 
31 	 0.133100 
33 	 0.133100 
35 	 0.133100 
36 	 0.133100 
37 	 0.133100 
41 	 0.133100 
42 	 0.133100 
46 	 0.133100 
49 	 0.133100 
5 	 0.133500 
30 	 0.133700 
9 	 0.133800 
20 	 0.133800 
1 	 0.134100 
7 	 0.134100 
10 	 0.134100 
14 	 0.134100 
18 	 0.134100 
19 	 0.134100 
21 	 0.134100 
22 	 0.134100 
23 	 0.134100 
25 	 0.134100 
34 	 0.134100 
39 	 0.134100 
43 	 0.134100 
48 	 0.134100 
32 	 0.134300 
47 	 0.134300 
13 	 0.134600 
4 	 0.134800 
2 	 0.135100 
8 	 0.135100 
11 	 0.135100 
12 	 0.135100 
15 	 0.135100 
17 	 0.135100 
24 	 0.135100 
30 	 0.135100 
31 	 0.135100 
33 	 0.135100 
36 	 0.135100 
38 	 0.135100 
41 	 0.135100 
44 	 0.135100 
45 	 0.135100 
46 	 0.135100 
49 	 0.135100 
42 	 0.135400 
9 	 0.135700 
48 	 0.135900 
0 	 0.136100 
1 	 0.136100 
3 	 0.136100 
4 	 0.136100 
7 	 0.136100 
10 	 0.136100 
16 	 0.136100 
19 	 0.136100 
20 	 0.136100 
23 	 0.136100 
25 	 0.136100 
26 	 0.136100 
28 	 0.136100 
29 	 0.136100 
35 	 0.136100 
39 	 0.136100 
40 	 0.136100 
47 	 0.136100 
5 	 0.136200 
18 	 0.136700 
32 	 0.136700 
6 	 0.137100 
12 	 0.137100 
15 	 0.137100 
17 	 0.137100 
21 	 0.137100 
24 	 0.137100 
30 	 0.137100 
31 	 0.137100 
33 	 0.137100 
34 	 0.137100 
36 	 0.137100 
37 	 0.137100 
38 	 0.137100 
43 	 0.137100 
46 	 0.137100 
48 	 0.137100 
49 	 0.137100 
2 	 0.137600 
16 	 0.137700 
9 	 0.137800 
1 	 0.138100 
4 	 0.138100 
5 	 0.138100 
7 	 0.138100 
8 	 0.138100 
10 	 0.138100 
14 	 0.138100 
18 	 0.138100 
19 	 0.138100 
20 	 0.138100 
22 	 0.138100 
23 	 0.138100 
25 	 0.138100 
26 	 0.138100 
28 	 0.138100 
29 	 0.138100 
35 	 0.138100 
39 	 0.138100 
45 	 0.138100 
47 	 0.138100 
42 	 0.138200 
34 	 0.138900 
0 	 0.139100 
2 	 0.139100 
3 	 0.139100 
9 	 0.139100 
12 	 0.139100 
15 	 0.139100 
17 	 0.139100 
21 	 0.139100 
24 	 0.139100 
31 	 0.139100 
33 	 0.139100 
36 	 0.139100 
37 	 0.139100 
38 	 0.139100 
41 	 0.139100 
46 	 0.139100 
48 	 0.139100 
4 	 0.139600 
10 	 0.140100 
11 	 0.140100 
14 	 0.140100 
20 	 0.140100 
26 	 0.140100 
27 	 0.140100 
32 	 0.140100 
34 	 0.140100 
39 	 0.140100 
44 	 0.140100 
49 	 0.140100 
16 	 0.140300 
5 	 0.140500 
6 	 0.140500 
18 	 0.140500 
42 	 0.140600 
7 	 0.140700 
23 	 0.140900 
1 	 0.141100 
4 	 0.141100 
9 	 0.141100 
12 	 0.141100 
13 	 0.141100 
15 	 0.141100 
17 	 0.141100 
21 	 0.141100 
22 	 0.141100 
24 	 0.141100 
25 	 0.141100 
28 	 0.141100 
31 	 0.141100 
35 	 0.141100 
36 	 0.141100 
37 	 0.141100 
38 	 0.141100 
45 	 0.141100 
46 	 0.141100 
48 	 0.141100 
29 	 0.141700 
16 	 0.142000 
0 	 0.142100 
7 	 0.142100 
10 	 0.142100 
19 	 0.142100 
23 	 0.142100 
33 	 0.142100 
41 	 0.142100 
42 	 0.142100 
44 	 0.142100 
47 	 0.142100 
27 	 0.142300 
20 	 0.142600 
32 	 0.142800 
1 	 0.142900 
2 	 0.143100 
3 	 0.143100 
5 	 0.143100 
6 	 0.143100 
11 	 0.143100 
12 	 0.143100 
13 	 0.143100 
17 	 0.143100 
21 	 0.143100 
24 	 0.143100 
25 	 0.143100 
26 	 0.143100 
35 	 0.143100 
36 	 0.143100 
37 	 0.143100 
38 	 0.143100 
40 	 0.143100 
46 	 0.143100 
48 	 0.143100 
4 	 0.143400 
8 	 0.143400 
29 	 0.143700 
33 	 0.143800 
44 	 0.143900 
0 	 0.144100 
1 	 0.144100 
7 	 0.144100 
9 	 0.144100 
10 	 0.144100 
15 	 0.144100 
19 	 0.144100 
22 	 0.144100 
31 	 0.144100 
32 	 0.144100 
34 	 0.144100 
39 	 0.144100 
41 	 0.144100 
42 	 0.144100 
43 	 0.144100 
47 	 0.144100 
20 	 0.144600 
2 	 0.145000 
14 	 0.145000 
5 	 0.145200 
37 	 0.145200 
33 	 0.145300 
49 	 0.145400 
6 	 0.145500 
9 	 0.145800 
29 	 0.145900 
24 	 0.146200 
7 	 0.146300 
3 	 0.146500 
26 	 0.146500 
48 	 0.146500 
12 	 0.146600 
1 	 0.146800 
4 	 0.146800 
42 	 0.147000 
20 	 0.147100 
15 	 0.147300 
39 	 0.147400 
37 	 0.147600 
6 	 0.147700 
10 	 0.147900 
5 	 0.148100 
7 	 0.148100 
13 	 0.148100 
33 	 0.148100 
16 	 0.148400 
12 	 0.148700 
2 	 0.148900 
24 	 0.149000 
3 	 0.149100 
9 	 0.149100 
10 	 0.149100 
11 	 0.149100 
14 	 0.149100 
15 	 0.149100 
17 	 0.149100 
18 	 0.149100 
20 	 0.149100 
21 	 0.149100 
23 	 0.149100 
25 	 0.149100 
26 	 0.149100 
27 	 0.149100 
28 	 0.149100 
29 	 0.149100 
30 	 0.149100 
31 	 0.149100 
35 	 0.149100 
36 	 0.149100 
37 	 0.149100 
38 	 0.149100 
41 	 0.149100 
45 	 0.149100 
47 	 0.149100 
49 	 0.149100 
43 	 0.149300 
4 	 0.149400 
0 	 0.150100 
1 	 0.150100 
2 	 0.150100 
7 	 0.150100 
8 	 0.150100 
13 	 0.150100 
33 	 0.150100 
39 	 0.150100 
42 	 0.150100 
44 	 0.150100 
46 	 0.150100 
48 	 0.150100 
32 	 0.150200 
34 	 0.150400 
5 	 0.150700 
4 	 0.151100 
6 	 0.151100 
9 	 0.151100 
10 	 0.151100 
14 	 0.151100 
15 	 0.151100 
19 	 0.151100 
20 	 0.151100 
23 	 0.151100 
25 	 0.151100 
26 	 0.151100 
27 	 0.151100 
30 	 0.151100 
31 	 0.151100 
35 	 0.151100 
36 	 0.151100 
38 	 0.151100 
40 	 0.151100 
43 	 0.151100 
47 	 0.151100 
49 	 0.151100 
37 	 0.151600 
18 	 0.151700 
7 	 0.151900 
0 	 0.152100 
8 	 0.152100 
12 	 0.152100 
13 	 0.152100 
17 	 0.152100 
24 	 0.152100 
29 	 0.152100 
33 	 0.152100 
34 	 0.152100 
39 	 0.152100 
41 	 0.152100 
44 	 0.152100 
45 	 0.152100 
48 	 0.152100 
42 	 0.153000 
1 	 0.153100 
3 	 0.153100 
4 	 0.153100 
5 	 0.153100 
6 	 0.153100 
9 	 0.153100 
10 	 0.153100 
11 	 0.153100 
14 	 0.153100 
16 	 0.153100 
18 	 0.153100 
19 	 0.153100 
20 	 0.153100 
21 	 0.153100 
26 	 0.153100 
27 	 0.153100 
31 	 0.153100 
35 	 0.153100 
38 	 0.153100 
40 	 0.153100 
43 	 0.153100 
46 	 0.153100 
49 	 0.153100 
32 	 0.153300 
7 	 0.153700 
2 	 0.153900 
39 	 0.154000 
41 	 0.154000 
0 	 0.154100 
8 	 0.154100 
12 	 0.154100 
15 	 0.154100 
17 	 0.154100 
22 	 0.154100 
23 	 0.154100 
24 	 0.154100 
25 	 0.154100 
28 	 0.154100 
33 	 0.154100 
34 	 0.154100 
37 	 0.154100 
47 	 0.154100 
48 	 0.154100 
10 	 0.154500 
2 	 0.155100 
3 	 0.155100 
4 	 0.155100 
11 	 0.155100 
13 	 0.155100 
14 	 0.155100 
16 	 0.155100 
19 	 0.155100 
20 	 0.155100 
21 	 0.155100 
26 	 0.155100 
29 	 0.155100 
31 	 0.155100 
36 	 0.155100 
38 	 0.155100 
43 	 0.155100 
44 	 0.155100 
46 	 0.155100 
42 	 0.155200 
32 	 0.155400 
5 	 0.155500 
7 	 0.155700 
41 	 0.156000 
1 	 0.156100 
6 	 0.156100 
8 	 0.156100 
9 	 0.156100 
10 	 0.156100 
15 	 0.156100 
30 	 0.156100 
33 	 0.156100 
34 	 0.156100 
37 	 0.156100 
39 	 0.156100 
40 	 0.156100 
45 	 0.156100 
47 	 0.156100 
24 	 0.156300 
4 	 0.157000 
2 	 0.157100 
3 	 0.157100 
7 	 0.157100 
13 	 0.157100 
14 	 0.157100 
16 	 0.157100 
19 	 0.157100 
20 	 0.157100 
21 	 0.157100 
22 	 0.157100 
23 	 0.157100 
25 	 0.157100 
38 	 0.157100 
42 	 0.157100 
46 	 0.157100 
48 	 0.157100 
49 	 0.157100 
29 	 0.157200 
32 	 0.157300 
35 	 0.157300 
5 	 0.157500 
31 	 0.157500 
9 	 0.157800 
0 	 0.158100 
11 	 0.158100 
24 	 0.158100 
30 	 0.158100 
36 	 0.158100 
37 	 0.158100 
39 	 0.158100 
40 	 0.158100 
41 	 0.158100 
43 	 0.158100 
44 	 0.158100 
45 	 0.158100 
47 	 0.158100 
10 	 0.158400 
4 	 0.158600 
1 	 0.158900 
38 	 0.159000 
48 	 0.159000 
6 	 0.159100 
7 	 0.159100 
8 	 0.159100 
12 	 0.159100 
13 	 0.159100 
15 	 0.159100 
17 	 0.159100 
19 	 0.159100 
20 	 0.159100 
21 	 0.159100 
23 	 0.159100 
25 	 0.159100 
26 	 0.159100 
28 	 0.159100 
33 	 0.159100 
35 	 0.159100 
42 	 0.159100 
46 	 0.159100 
49 	 0.159100 
29 	 0.159200 
9 	 0.159700 
2 	 0.160100 
4 	 0.160100 
5 	 0.160100 
14 	 0.160100 
24 	 0.160100 
31 	 0.160100 
34 	 0.160100 
36 	 0.160100 
37 	 0.160100 
40 	 0.160100 
45 	 0.160100 
47 	 0.160100 
39 	 0.160400 
0 	 0.161100 
1 	 0.161100 
3 	 0.161100 
6 	 0.161100 
7 	 0.161100 
9 	 0.161100 
12 	 0.161100 
13 	 0.161100 
15 	 0.161100 
20 	 0.161100 
21 	 0.161100 
22 	 0.161100 
23 	 0.161100 
25 	 0.161100 
28 	 0.161100 
29 	 0.161100 
32 	 0.161100 
33 	 0.161100 
35 	 0.161100 
38 	 0.161100 
43 	 0.161100 
48 	 0.161100 
49 	 0.161100 
10 	 0.161700 
16 	 0.162000 
2 	 0.162100 
4 	 0.162100 
11 	 0.162100 
18 	 0.162100 
19 	 0.162100 
24 	 0.162100 
30 	 0.162100 
31 	 0.162100 
37 	 0.162100 
39 	 0.162100 
42 	 0.162100 
44 	 0.162100 
46 	 0.162100 
47 	 0.162100 
5 	 0.162600 
26 	 0.162900 
48 	 0.163000 
0 	 0.163100 
1 	 0.163100 
6 	 0.163100 
7 	 0.163100 
9 	 0.163100 
14 	 0.163100 
15 	 0.163100 
17 	 0.163100 
29 	 0.163100 
32 	 0.163100 
33 	 0.163100 
41 	 0.163100 
43 	 0.163100 
45 	 0.163100 
49 	 0.163100 
8 	 0.163300 
23 	 0.163600 
38 	 0.163600 
11 	 0.164100 
12 	 0.164100 
13 	 0.164100 
18 	 0.164100 
19 	 0.164100 
20 	 0.164100 
21 	 0.164100 
24 	 0.164100 
25 	 0.164100 
26 	 0.164100 
30 	 0.164100 
35 	 0.164100 
36 	 0.164100 
39 	 0.164100 
42 	 0.164100 
44 	 0.164100 
46 	 0.164100 
47 	 0.164100 
4 	 0.164200 
16 	 0.164400 
0 	 0.165100 
3 	 0.165100 
10 	 0.165100 
14 	 0.165100 
15 	 0.165100 
17 	 0.165100 
23 	 0.165100 
29 	 0.165100 
31 	 0.165100 
33 	 0.165100 
34 	 0.165100 
41 	 0.165100 
48 	 0.165100 
49 	 0.165100 
5 	 0.165300 
38 	 0.165300 
7 	 0.165700 
32 	 0.165800 
2 	 0.166000 
1 	 0.166100 
9 	 0.166100 
19 	 0.166100 
20 	 0.166100 
22 	 0.166100 
24 	 0.166100 
25 	 0.166100 
27 	 0.166100 
28 	 0.166100 
35 	 0.166100 
36 	 0.166100 
37 	 0.166100 
43 	 0.166100 
46 	 0.166100 
47 	 0.166100 
4 	 0.166400 
16 	 0.166400 
13 	 0.166500 
42 	 0.166500 
21 	 0.166600 
0 	 0.167100 
3 	 0.167100 
5 	 0.167100 
7 	 0.167100 
8 	 0.167100 
11 	 0.167100 
12 	 0.167100 
14 	 0.167100 
15 	 0.167100 
17 	 0.167100 
18 	 0.167100 
30 	 0.167100 
31 	 0.167100 
33 	 0.167100 
34 	 0.167100 
38 	 0.167100 
39 	 0.167100 
40 	 0.167100 
41 	 0.167100 
44 	 0.167100 
45 	 0.167100 
1 	 0.167800 
49 	 0.167800 
10 	 0.167900 
48 	 0.168000 
2 	 0.168100 
13 	 0.168100 
22 	 0.168100 
24 	 0.168100 
26 	 0.168100 
29 	 0.168100 
32 	 0.168100 
35 	 0.168100 
36 	 0.168100 
37 	 0.168100 
42 	 0.168100 
46 	 0.168100 
47 	 0.168100 
4 	 0.168400 
9 	 0.168700 
7 	 0.168900 
16 	 0.169000 
1 	 0.169100 
10 	 0.169100 
12 	 0.169100 
14 	 0.169100 
15 	 0.169100 
17 	 0.169100 
18 	 0.169100 
20 	 0.169100 
21 	 0.169100 
23 	 0.169100 
25 	 0.169100 
28 	 0.169100 
33 	 0.169100 
34 	 0.169100 
38 	 0.169100 
41 	 0.169100 
49 	 0.169100 
6 	 0.169200 
27 	 0.169400 
39 	 0.169400 
5 	 0.169800 
0 	 0.170100 
4 	 0.170100 
11 	 0.170100 
13 	 0.170100 
19 	 0.170100 
24 	 0.170100 
26 	 0.170100 
30 	 0.170100 
35 	 0.170100 
36 	 0.170100 
40 	 0.170100 
42 	 0.170100 
43 	 0.170100 
44 	 0.170100 
46 	 0.170100 
48 	 0.170500 
9 	 0.170700 
34 	 0.170700 
7 	 0.170900 
12 	 0.170900 
29 	 0.170900 
21 	 0.171000 
1 	 0.171100 
2 	 0.171100 
5 	 0.171100 
14 	 0.171100 
16 	 0.171100 
20 	 0.171100 
22 	 0.171100 
25 	 0.171100 
37 	 0.171100 
38 	 0.171100 
39 	 0.171100 
41 	 0.171100 
47 	 0.171100 
18 	 0.171300 
28 	 0.171700 
13 	 0.172000 
0 	 0.172100 
3 	 0.172100 
9 	 0.172100 
11 	 0.172100 
12 	 0.172100 
15 	 0.172100 
17 	 0.172100 
19 	 0.172100 
23 	 0.172100 
24 	 0.172100 
33 	 0.172100 
34 	 0.172100 
35 	 0.172100 
36 	 0.172100 
42 	 0.172100 
44 	 0.172100 
48 	 0.172100 
4 	 0.172300 
32 	 0.172600 
10 	 0.172700 
49 	 0.172800 
2 	 0.172900 
21 	 0.173000 
1 	 0.173100 
7 	 0.173100 
14 	 0.173100 
16 	 0.173100 
18 	 0.173100 
29 	 0.173100 
31 	 0.173100 
38 	 0.173100 
41 	 0.173100 
46 	 0.173100 
47 	 0.173100 
0 	 0.174100 
4 	 0.174100 
8 	 0.174100 
10 	 0.174100 
11 	 0.174100 
12 	 0.174100 
13 	 0.174100 
17 	 0.174100 
23 	 0.174100 
24 	 0.174100 
25 	 0.174100 
26 	 0.174100 
36 	 0.174100 
37 	 0.174100 
39 	 0.174100 
42 	 0.174100 
48 	 0.174100 
49 	 0.174100 
5 	 0.174200 
15 	 0.174700 
16 	 0.174800 
7 	 0.174900 
38 	 0.174900 
20 	 0.175000 
2 	 0.175100 
6 	 0.175100 
14 	 0.175100 
19 	 0.175100 
21 	 0.175100 
28 	 0.175100 
29 	 0.175100 
30 	 0.175100 
32 	 0.175100 
41 	 0.175100 
44 	 0.175100 
45 	 0.175100 
47 	 0.175100 
9 	 0.175300 
34 	 0.175700 
10 	 0.176200 
5 	 0.176400 
42 	 0.176600 
48 	 0.176700 
18 	 0.176800 
7 	 0.176900 
38 	 0.176900 
13 	 0.177100 
24 	 0.177200 
21 	 0.177400 
33 	 0.177400 
49 	 0.177400 
2 	 0.177900 
26 	 0.178000 
34 	 0.178100 
39 	 0.178100 
37 	 0.178200 
47 	 0.178200 
4 	 0.178300 
15 	 0.178400 
32 	 0.178700 
10 	 0.178900 
13 	 0.179000 
14 	 0.179000 
42 	 0.179000 
48 	 0.179000 
7 	 0.179100 
20 	 0.179100 
6 	 0.179200 
38 	 0.179300 
33 	 0.179800 
5 	 0.180000 
12 	 0.180000 
23 	 0.180100 
21 	 0.180400 
39 	 0.180400 
9 	 0.180600 
41 	 0.180600 
47 	 0.180700 
16 	 0.180900 
37 	 0.181200 
42 	 0.181500 
10 	 0.181700 
2 	 0.181900 
0 	 0.182100 
1 	 0.182100 
3 	 0.182100 
4 	 0.182100 
5 	 0.182100 
6 	 0.182100 
7 	 0.182100 
13 	 0.182100 
14 	 0.182100 
15 	 0.182100 
17 	 0.182100 
18 	 0.182100 
19 	 0.182100 
20 	 0.182100 
23 	 0.182100 
24 	 0.182100 
25 	 0.182100 
26 	 0.182100 
27 	 0.182100 
28 	 0.182100 
31 	 0.182100 
38 	 0.182100 
39 	 0.182100 
41 	 0.182100 
43 	 0.182100 
45 	 0.182100 
47 	 0.182100 
48 	 0.182100 
49 	 0.182100 
2 	 0.183100 
11 	 0.183100 
12 	 0.183100 
16 	 0.183100 
21 	 0.183100 
22 	 0.183100 
29 	 0.183100 
34 	 0.183100 
36 	 0.183100 
37 	 0.183100 
42 	 0.183100 
46 	 0.183100 
33 	 0.183500 
10 	 0.183600 
9 	 0.183800 
23 	 0.183900 
0 	 0.184100 
1 	 0.184100 
3 	 0.184100 
4 	 0.184100 
7 	 0.184100 
13 	 0.184100 
15 	 0.184100 
18 	 0.184100 
20 	 0.184100 
24 	 0.184100 
25 	 0.184100 
27 	 0.184100 
28 	 0.184100 
31 	 0.184100 
32 	 0.184100 
38 	 0.184100 
39 	 0.184100 
43 	 0.184100 
44 	 0.184100 
49 	 0.184100 
21 	 0.184800 
14 	 0.185000 
5 	 0.185100 
6 	 0.185100 
10 	 0.185100 
11 	 0.185100 
12 	 0.185100 
23 	 0.185100 
30 	 0.185100 
37 	 0.185100 
41 	 0.185100 
42 	 0.185100 
45 	 0.185100 
46 	 0.185100 
47 	 0.185100 
48 	 0.185100 
9 	 0.185800 
16 	 0.185800 
0 	 0.186100 
13 	 0.186100 
15 	 0.186100 
17 	 0.186100 
18 	 0.186100 
24 	 0.186100 
25 	 0.186100 
28 	 0.186100 
31 	 0.186100 
32 	 0.186100 
34 	 0.186100 
38 	 0.186100 
39 	 0.186100 
44 	 0.186100 
49 	 0.186100 
8 	 0.186200 
7 	 0.186600 
2 	 0.187100 
4 	 0.187100 
5 	 0.187100 
6 	 0.187100 
9 	 0.187100 
11 	 0.187100 
12 	 0.187100 
16 	 0.187100 
19 	 0.187100 
20 	 0.187100 
22 	 0.187100 
23 	 0.187100 
33 	 0.187100 
35 	 0.187100 
36 	 0.187100 
37 	 0.187100 
46 	 0.187100 
21 	 0.187200 
10 	 0.187400 
29 	 0.187400 
42 	 0.187600 
39 	 0.187700 
34 	 0.187900 
0 	 0.188100 
1 	 0.188100 
3 	 0.188100 
7 	 0.188100 
8 	 0.188100 
13 	 0.188100 
14 	 0.188100 
24 	 0.188100 
25 	 0.188100 
27 	 0.188100 
28 	 0.188100 
30 	 0.188100 
41 	 0.188100 
44 	 0.188100 
47 	 0.188100 
49 	 0.188100 
32 	 0.188700 
4 	 0.189100 
10 	 0.189100 
12 	 0.189100 
15 	 0.189100 
16 	 0.189100 
20 	 0.189100 
21 	 0.189100 
33 	 0.189100 
36 	 0.189100 
39 	 0.189100 
46 	 0.189100 
29 	 0.189300 
48 	 0.189500 
2 	 0.189700 
13 	 0.189700 
24 	 0.189700 
9 	 0.189800 
26 	 0.189800 
5 	 0.189900 
34 	 0.189900 
42 	 0.190000 
0 	 0.190100 
11 	 0.190100 
17 	 0.190100 
19 	 0.190100 
23 	 0.190100 
38 	 0.190100 
41 	 0.190100 
45 	 0.190100 
49 	 0.190100 
7 	 0.190300 
37 	 0.190300 
6 	 0.190400 
32 	 0.190800 
12 	 0.191000 
1 	 0.191100 
3 	 0.191100 
4 	 0.191100 
5 	 0.191100 
10 	 0.191100 
15 	 0.191100 
20 	 0.191100 
21 	 0.191100 
22 	 0.191100 
25 	 0.191100 
26 	 0.191100 
29 	 0.191100 
31 	 0.191100 
33 	 0.191100 
36 	 0.191100 
39 	 0.191100 
40 	 0.191100 
46 	 0.191100 
47 	 0.191100 
48 	 0.191100 
9 	 0.191600 
7 	 0.191700 
24 	 0.192000 
42 	 0.192000 
11 	 0.192100 
14 	 0.192100 
16 	 0.192100 
18 	 0.192100 
19 	 0.192100 
28 	 0.192100 
30 	 0.192100 
32 	 0.192100 
34 	 0.192100 
35 	 0.192100 
37 	 0.192100 
38 	 0.192100 
49 	 0.192100 
2 	 0.192600 
29 	 0.192900 
12 	 0.193000 
48 	 0.193000 
1 	 0.193100 
3 	 0.193100 
4 	 0.193100 
7 	 0.193100 
8 	 0.193100 
10 	 0.193100 
15 	 0.193100 
17 	 0.193100 
20 	 0.193100 
23 	 0.193100 
25 	 0.193100 
26 	 0.193100 
31 	 0.193100 
36 	 0.193100 
39 	 0.193100 
43 	 0.193100 
45 	 0.193100 
46 	 0.193100 
47 	 0.193100 
13 	 0.193200 
5 	 0.193600 
33 	 0.193600 
21 	 0.193800 
34 	 0.193800 
9 	 0.194100 
11 	 0.194100 
18 	 0.194100 
19 	 0.194100 
24 	 0.194100 
29 	 0.194100 
30 	 0.194100 
35 	 0.194100 
37 	 0.194100 
38 	 0.194100 
13 	 0.194800 
32 	 0.194800 
42 	 0.194800 
2 	 0.195100 
4 	 0.195100 
5 	 0.195100 
6 	 0.195100 
8 	 0.195100 
12 	 0.195100 
14 	 0.195100 
15 	 0.195100 
16 	 0.195100 
17 	 0.195100 
20 	 0.195100 
21 	 0.195100 
22 	 0.195100 
28 	 0.195100 
34 	 0.195100 
36 	 0.195100 
39 	 0.195100 
41 	 0.195100 
43 	 0.195100 
44 	 0.195100 
45 	 0.195100 
46 	 0.195100 
47 	 0.195100 
48 	 0.195100 
49 	 0.195100 
0 	 0.195200 
23 	 0.195400 
31 	 0.195400 
7 	 0.195700 
9 	 0.195800 
10 	 0.195900 
29 	 0.195900 
1 	 0.196100 
3 	 0.196100 
11 	 0.196100 
19 	 0.196100 
24 	 0.196100 
25 	 0.196100 
30 	 0.196100 
32 	 0.196100 
33 	 0.196100 
35 	 0.196100 
38 	 0.196100 
40 	 0.196100 
37 	 0.196300 
26 	 0.196600 
13 	 0.196700 
4 	 0.196800 
12 	 0.197000 
48 	 0.197000 
0 	 0.197100 
5 	 0.197100 
6 	 0.197100 
10 	 0.197100 
15 	 0.197100 
17 	 0.197100 
21 	 0.197100 
28 	 0.197100 
36 	 0.197100 
39 	 0.197100 
43 	 0.197100 
45 	 0.197100 
46 	 0.197100 
42 	 0.197500 
20 	 0.197600 
7 	 0.197700 
34 	 0.197700 
9 	 0.198000 
49 	 0.198000 
4 	 0.198100 
11 	 0.198100 
13 	 0.198100 
14 	 0.198100 
19 	 0.198100 
22 	 0.198100 
23 	 0.198100 
24 	 0.198100 
25 	 0.198100 
27 	 0.198100 
32 	 0.198100 
35 	 0.198100 
38 	 0.198100 
44 	 0.198100 
47 	 0.198100 
2 	 0.198600 
37 	 0.198900 
0 	 0.199100 
5 	 0.199100 
7 	 0.199100 
8 	 0.199100 
15 	 0.199100 
17 	 0.199100 
28 	 0.199100 
30 	 0.199100 
34 	 0.199100 
39 	 0.199100 
40 	 0.199100 
41 	 0.199100 
45 	 0.199100 
46 	 0.199100 
48 	 0.199100 
9 	 0.199600 
42 	 0.199600 
6 	 0.199700 
10 	 0.199700 
20 	 0.199900 
11 	 0.200100 
13 	 0.200100 
14 	 0.200100 
19 	 0.200100 
22 	 0.200100 
23 	 0.200100 
26 	 0.200100 
31 	 0.200100 
32 	 0.200100 
33 	 0.200100 
35 	 0.200100 
37 	 0.200100 
43 	 0.200100 
47 	 0.200100 
12 	 0.200300 
21 	 0.200300 
2 	 0.200700 
16 	 0.200700 
39 	 0.200800 
0 	 0.201100 
3 	 0.201100 
4 	 0.201100 
7 	 0.201100 
15 	 0.201100 
17 	 0.201100 
24 	 0.201100 
25 	 0.201100 
27 	 0.201100 
28 	 0.201100 
34 	 0.201100 
36 	 0.201100 
38 	 0.201100 
44 	 0.201100 
46 	 0.201100 
48 	 0.201100 
49 	 0.201100 
42 	 0.201400 
5 	 0.201500 
9 	 0.201700 
21 	 0.202000 
29 	 0.202000 
2 	 0.202100 
8 	 0.202100 
10 	 0.202100 
12 	 0.202100 
13 	 0.202100 
18 	 0.202100 
19 	 0.202100 
22 	 0.202100 
23 	 0.202100 
31 	 0.202100 
37 	 0.202100 
40 	 0.202100 
41 	 0.202100 
45 	 0.202100 
20 	 0.202400 
11 	 0.202500 
39 	 0.202600 
7 	 0.202800 
3 	 0.203000 
24 	 0.203000 
1 	 0.203100 
5 	 0.203100 
6 	 0.203100 
14 	 0.203100 
15 	 0.203100 
17 	 0.203100 
27 	 0.203100 
33 	 0.203100 
34 	 0.203100 
36 	 0.203100 
38 	 0.203100 
43 	 0.203100 
46 	 0.203100 
47 	 0.203100 
48 	 0.203100 
49 	 0.203100 
9 	 0.203800 
42 	 0.203800 
4 	 0.204100 
10 	 0.204100 
11 	 0.204100 
18 	 0.204100 
22 	 0.204100 
25 	 0.204100 
26 	 0.204100 
30 	 0.204100 
31 	 0.204100 
37 	 0.204100 
39 	 0.204100 
41 	 0.204100 
45 	 0.204100 
13 	 0.204200 
23 	 0.204700 
7 	 0.204800 
20 	 0.204800 
0 	 0.205100 
2 	 0.205100 
8 	 0.205100 
9 	 0.205100 
15 	 0.205100 
16 	 0.205100 
17 	 0.205100 
19 	 0.205100 
21 	 0.205100 
24 	 0.205100 
32 	 0.205100 
33 	 0.205100 
34 	 0.205100 
35 	 0.205100 
36 	 0.205100 
42 	 0.205100 
46 	 0.205100 
48 	 0.205100 
5 	 0.205300 
29 	 0.205800 
12 	 0.205900 
49 	 0.206000 
4 	 0.206100 
10 	 0.206100 
11 	 0.206100 
13 	 0.206100 
14 	 0.206100 
22 	 0.206100 
23 	 0.206100 
25 	 0.206100 
26 	 0.206100 
28 	 0.206100 
37 	 0.206100 
38 	 0.206100 
39 	 0.206100 
40 	 0.206100 
45 	 0.206100 
47 	 0.206100 
7 	 0.207000 
0 	 0.207100 
9 	 0.207100 
15 	 0.207100 
18 	 0.207100 
19 	 0.207100 
21 	 0.207100 
30 	 0.207100 
32 	 0.207100 
34 	 0.207100 
35 	 0.207100 
36 	 0.207100 
41 	 0.207100 
46 	 0.207100 
29 	 0.207700 
2 	 0.207800 
4 	 0.207800 
42 	 0.207800 
16 	 0.207900 
3 	 0.208100 
5 	 0.208100 
6 	 0.208100 
12 	 0.208100 
13 	 0.208100 
17 	 0.208100 
20 	 0.208100 
22 	 0.208100 
23 	 0.208100 
26 	 0.208100 
31 	 0.208100 
33 	 0.208100 
38 	 0.208100 
39 	 0.208100 
45 	 0.208100 
48 	 0.208100 
49 	 0.208100 
25 	 0.208300 
14 	 0.208400 
10 	 0.208700 
34 	 0.208700 
9 	 0.208800 
0 	 0.209200 
37 	 0.209200 
7 	 0.209300 
33 	 0.209800 
5 	 0.209900 
21 	 0.209900 
48 	 0.210100 
29 	 0.210200 
42 	 0.210400 
13 	 0.210600 
34 	 0.210700 
20 	 0.210800 
2 	 0.211300 
7 	 0.211300 
49 	 0.211400 
41 	 0.211600 
33 	 0.211700 
4 	 0.211800 
37 	 0.211800 
47 	 0.211800 
9 	 0.212000 
15 	 0.212000 
22 	 0.212200 
12 	 0.212300 
3 	 0.212500 
32 	 0.212700 
14 	 0.212800 
29 	 0.212800 
39 	 0.212800 
24 	 0.212900 
13 	 0.213200 
10 	 0.213400 
23 	 0.213400 
42 	 0.213400 
2 	 0.213700 
5 	 0.213700 
7 	 0.213800 
41 	 0.213900 
0 	 0.214000 
20 	 0.214000 
47 	 0.214200 
9 	 0.214400 
32 	 0.214400 
26 	 0.214500 
48 	 0.214700 
39 	 0.214800 
37 	 0.214900 
1 	 0.215100 
3 	 0.215100 
4 	 0.215100 
5 	 0.215100 
12 	 0.215100 
15 	 0.215100 
17 	 0.215100 
18 	 0.215100 
19 	 0.215100 
22 	 0.215100 
23 	 0.215100 
24 	 0.215100 
25 	 0.215100 
27 	 0.215100 
28 	 0.215100 
33 	 0.215100 
34 	 0.215100 
36 	 0.215100 
41 	 0.215100 
43 	 0.215100 
44 	 0.215100 
45 	 0.215100 
29 	 0.215400 
6 	 0.215500 
0 	 0.216100 
8 	 0.216100 
10 	 0.216100 
21 	 0.216100 
30 	 0.216100 
31 	 0.216100 
32 	 0.216100 
37 	 0.216100 
38 	 0.216100 
42 	 0.216100 
46 	 0.216100 
47 	 0.216100 
48 	 0.216100 
39 	 0.216600 
7 	 0.216700 
2 	 0.217100 
4 	 0.217100 
6 	 0.217100 
13 	 0.217100 
15 	 0.217100 
16 	 0.217100 
18 	 0.217100 
19 	 0.217100 
20 	 0.217100 
22 	 0.217100 
23 	 0.217100 
24 	 0.217100 
25 	 0.217100 
26 	 0.217100 
28 	 0.217100 
34 	 0.217100 
36 	 0.217100 
41 	 0.217100 
44 	 0.217100 
45 	 0.217100 
49 	 0.217100 
9 	 0.217400 
33 	 0.217600 
5 	 0.217800 
3 	 0.218100 
8 	 0.218100 
10 	 0.218100 
11 	 0.218100 
17 	 0.218100 
27 	 0.218100 
31 	 0.218100 
35 	 0.218100 
38 	 0.218100 
39 	 0.218100 
40 	 0.218100 
46 	 0.218100 
30 	 0.218200 
42 	 0.218200 
7 	 0.218300 
48 	 0.218900 
0 	 0.219100 
1 	 0.219100 
4 	 0.219100 
5 	 0.219100 
13 	 0.219100 
14 	 0.219100 
15 	 0.219100 
20 	 0.219100 
24 	 0.219100 
25 	 0.219100 
28 	 0.219100 
29 	 0.219100 
32 	 0.219100 
45 	 0.219100 
47 	 0.219100 
49 	 0.219100 
12 	 0.219200 
33 	 0.219700 
21 	 0.219900 
3 	 0.220100 
7 	 0.220100 
17 	 0.220100 
19 	 0.220100 
22 	 0.220100 
23 	 0.220100 
26 	 0.220100 
35 	 0.220100 
36 	 0.220100 
37 	 0.220100 
41 	 0.220100 
48 	 0.220100 
6 	 0.220500 
9 	 0.220500 
10 	 0.220600 
2 	 0.221100 
4 	 0.221100 
15 	 0.221100 
18 	 0.221100 
24 	 0.221100 
25 	 0.221100 
27 	 0.221100 
28 	 0.221100 
29 	 0.221100 
30 	 0.221100 
31 	 0.221100 
32 	 0.221100 
33 	 0.221100 
34 	 0.221100 
38 	 0.221100 
39 	 0.221100 
42 	 0.221100 
43 	 0.221100 
45 	 0.221100 
47 	 0.221100 
12 	 0.221200 
13 	 0.221400 
5 	 0.221800 
16 	 0.221900 
0 	 0.222100 
6 	 0.222100 
7 	 0.222100 
10 	 0.222100 
14 	 0.222100 
17 	 0.222100 
23 	 0.222100 
26 	 0.222100 
35 	 0.222100 
36 	 0.222100 
37 	 0.222100 
40 	 0.222100 
46 	 0.222100 
48 	 0.222100 
41 	 0.222300 
21 	 0.222400 
29 	 0.223000 
1 	 0.223100 
3 	 0.223100 
4 	 0.223100 
5 	 0.223100 
11 	 0.223100 
13 	 0.223100 
15 	 0.223100 
24 	 0.223100 
25 	 0.223100 
32 	 0.223100 
33 	 0.223100 
34 	 0.223100 
38 	 0.223100 
39 	 0.223100 
47 	 0.223100 
9 	 0.223200 
2 	 0.223400 
42 	 0.223400 
0 	 0.224100 
10 	 0.224100 
12 	 0.224100 
16 	 0.224100 
17 	 0.224100 
19 	 0.224100 
20 	 0.224100 
21 	 0.224100 
28 	 0.224100 
41 	 0.224100 
46 	 0.224100 
48 	 0.224100 
23 	 0.224500 
49 	 0.224500 
7 	 0.224700 
13 	 0.224700 
14 	 0.224800 
1 	 0.225100 
4 	 0.225100 
15 	 0.225100 
24 	 0.225100 
25 	 0.225100 
26 	 0.225100 
31 	 0.225100 
32 	 0.225100 
34 	 0.225100 
36 	 0.225100 
37 	 0.225100 
39 	 0.225100 
40 	 0.225100 
42 	 0.225100 
43 	 0.225100 
44 	 0.225100 
9 	 0.225200 
33 	 0.225600 
5 	 0.225800 
0 	 0.226100 
6 	 0.226100 
10 	 0.226100 
11 	 0.226100 
13 	 0.226100 
18 	 0.226100 
20 	 0.226100 
22 	 0.226100 
23 	 0.226100 
28 	 0.226100 
35 	 0.226100 
38 	 0.226100 
46 	 0.226100 
47 	 0.226100 
48 	 0.226100 
49 	 0.226100 
19 	 0.226600 
21 	 0.226700 
7 	 0.226800 
1 	 0.226900 
8 	 0.227000 
4 	 0.227100 
5 	 0.227100 
14 	 0.227100 
17 	 0.227100 
24 	 0.227100 
26 	 0.227100 
29 	 0.227100 
33 	 0.227100 
34 	 0.227100 
36 	 0.227100 
37 	 0.227100 
39 	 0.227100 
40 	 0.227100 
41 	 0.227100 
42 	 0.227100 
9 	 0.227800 
32 	 0.227800 
15 	 0.228000 
0 	 0.228100 
2 	 0.228100 
6 	 0.228100 
7 	 0.228100 
11 	 0.228100 
13 	 0.228100 
16 	 0.228100 
18 	 0.228100 
19 	 0.228100 
21 	 0.228100 
23 	 0.228100 
25 	 0.228100 
28 	 0.228100 
30 	 0.228100 
31 	 0.228100 
38 	 0.228100 
44 	 0.228100 
46 	 0.228100 
47 	 0.228100 
48 	 0.228100 
49 	 0.228100 
10 	 0.228300 
12 	 0.228400 
20 	 0.229000 
26 	 0.229000 
39 	 0.229000 
4 	 0.229100 
14 	 0.229100 
17 	 0.229100 
22 	 0.229100 
24 	 0.229100 
33 	 0.229100 
34 	 0.229100 
35 	 0.229100 
41 	 0.229100 
43 	 0.229100 
45 	 0.229100 
5 	 0.229600 
9 	 0.229800 
13 	 0.229800 
0 	 0.230100 
6 	 0.230100 
7 	 0.230100 
8 	 0.230100 
15 	 0.230100 
27 	 0.230100 
29 	 0.230100 
30 	 0.230100 
31 	 0.230100 
32 	 0.230100 
36 	 0.230100 
38 	 0.230100 
42 	 0.230100 
44 	 0.230100 
46 	 0.230100 
47 	 0.230100 
49 	 0.230100 
10 	 0.230200 
16 	 0.230300 
18 	 0.230500 
4 	 0.230800 
2 	 0.231100 
3 	 0.231100 
5 	 0.231100 
12 	 0.231100 
13 	 0.231100 
14 	 0.231100 
17 	 0.231100 
19 	 0.231100 
23 	 0.231100 
24 	 0.231100 
25 	 0.231100 
34 	 0.231100 
35 	 0.231100 
37 	 0.231100 
45 	 0.231100 
48 	 0.231100 
41 	 0.231200 
9 	 0.231700 
33 	 0.232000 
1 	 0.232100 
7 	 0.232100 
10 	 0.232100 
11 	 0.232100 
20 	 0.232100 
21 	 0.232100 
22 	 0.232100 
26 	 0.232100 
28 	 0.232100 
31 	 0.232100 
38 	 0.232100 
39 	 0.232100 
43 	 0.232100 
44 	 0.232100 
46 	 0.232100 
47 	 0.232100 
13 	 0.232700 
32 	 0.232800 
2 	 0.232900 
18 	 0.232900 
0 	 0.233100 
5 	 0.233100 
15 	 0.233100 
17 	 0.233100 
23 	 0.233100 
24 	 0.233100 
30 	 0.233100 
34 	 0.233100 
35 	 0.233100 
36 	 0.233100 
37 	 0.233100 
41 	 0.233100 
48 	 0.233100 
49 	 0.233100 
12 	 0.233400 
19 	 0.233400 
14 	 0.233700 
42 	 0.233900 
9 	 0.234000 
4 	 0.234100 
6 	 0.234100 
7 	 0.234100 
10 	 0.234100 
18 	 0.234100 
20 	 0.234100 
25 	 0.234100 
28 	 0.234100 
29 	 0.234100 
32 	 0.234100 
40 	 0.234100 
45 	 0.234100 
1 	 0.234200 
31 	 0.234400 
33 	 0.234600 
0 	 0.235100 
3 	 0.235100 
11 	 0.235100 
12 	 0.235100 
14 	 0.235100 
15 	 0.235100 
17 	 0.235100 
23 	 0.235100 
24 	 0.235100 
30 	 0.235100 
34 	 0.235100 
36 	 0.235100 
38 	 0.235100 
41 	 0.235100 
44 	 0.235100 
46 	 0.235100 
49 	 0.235100 
13 	 0.235600 
5 	 0.235700 
1 	 0.235900 
29 	 0.235900 
37 	 0.236000 
4 	 0.236100 
6 	 0.236100 
7 	 0.236100 
10 	 0.236100 
18 	 0.236100 
20 	 0.236100 
21 	 0.236100 
25 	 0.236100 
26 	 0.236100 
28 	 0.236100 
31 	 0.236100 
32 	 0.236100 
35 	 0.236100 
39 	 0.236100 
48 	 0.236100 
9 	 0.236600 
38 	 0.236900 
0 	 0.237100 
1 	 0.237100 
2 	 0.237100 
14 	 0.237100 
15 	 0.237100 
16 	 0.237100 
17 	 0.237100 
19 	 0.237100 
23 	 0.237100 
24 	 0.237100 
29 	 0.237100 
33 	 0.237100 
41 	 0.237100 
44 	 0.237100 
45 	 0.237100 
46 	 0.237100 
22 	 0.237300 
27 	 0.237300 
34 	 0.237300 
12 	 0.237400 
5 	 0.237700 
4 	 0.237800 
6 	 0.237800 
13 	 0.237800 
48 	 0.237900 
42 	 0.238000 
7 	 0.238100 
9 	 0.238100 
10 	 0.238100 
11 	 0.238100 
18 	 0.238100 
20 	 0.238100 
26 	 0.238100 
28 	 0.238100 
31 	 0.238100 
37 	 0.238100 
38 	 0.238100 
39 	 0.238100 
43 	 0.238100 
47 	 0.238100 
1 	 0.239100 
4 	 0.239100 
5 	 0.239100 
12 	 0.239100 
14 	 0.239100 
15 	 0.239100 
16 	 0.239100 
17 	 0.239100 
19 	 0.239100 
23 	 0.239100 
24 	 0.239100 
27 	 0.239100 
32 	 0.239100 
34 	 0.239100 
36 	 0.239100 
41 	 0.239100 
44 	 0.239100 
46 	 0.239100 
48 	 0.239100 
49 	 0.239100 
2 	 0.239300 
13 	 0.239600 
9 	 0.239700 
39 	 0.239800 
0 	 0.240000 
42 	 0.240200 
38 	 0.240300 
10 	 0.240700 
33 	 0.240700 
1 	 0.240800 
20 	 0.240900 
7 	 0.241000 
11 	 0.241100 
41 	 0.241300 
22 	 0.241400 
37 	 0.241400 
6 	 0.241500 
5 	 0.241700 
2 	 0.242100 
24 	 0.242100 
44 	 0.242200 
39 	 0.242300 
14 	 0.242400 
15 	 0.242400 
9 	 0.242600 
13 	 0.242600 
10 	 0.242800 
23 	 0.242800 
32 	 0.242800 
7 	 0.242900 
4 	 0.243000 
48 	 0.243100 
49 	 0.243100 
42 	 0.243400 
27 	 0.243600 
36 	 0.243700 
26 	 0.243800 
12 	 0.243900 
33 	 0.244000 
1 	 0.244100 
37 	 0.244400 
6 	 0.244500 
23 	 0.244600 
30 	 0.244700 
13 	 0.244800 
24 	 0.245000 
34 	 0.245100 
2 	 0.245300 
39 	 0.245400 
5 	 0.245500 
32 	 0.245600 
12 	 0.246000 
22 	 0.246000 
20 	 0.246100 
47 	 0.246300 
7 	 0.246500 
14 	 0.246500 
9 	 0.246600 
37 	 0.246600 
10 	 0.246700 
48 	 0.246700 
24 	 0.247100 
2 	 0.247300 
6 	 0.247300 
49 	 0.247400 
23 	 0.247500 
3 	 0.248100 
4 	 0.248100 
5 	 0.248100 
7 	 0.248100 
14 	 0.248100 
18 	 0.248100 
26 	 0.248100 
29 	 0.248100 
33 	 0.248100 
37 	 0.248100 
38 	 0.248100 
39 	 0.248100 
41 	 0.248100 
44 	 0.248100 
46 	 0.248100 
47 	 0.248100 
48 	 0.248100 
13 	 0.248500 
36 	 0.248700 
12 	 0.249000 
42 	 0.249000 
0 	 0.249100 
1 	 0.249100 
15 	 0.249100 
16 	 0.249100 
19 	 0.249100 
20 	 0.249100 
21 	 0.249100 
22 	 0.249100 
23 	 0.249100 
27 	 0.249100 
28 	 0.249100 
30 	 0.249100 
31 	 0.249100 
32 	 0.249100 
34 	 0.249100 
35 	 0.249100 
45 	 0.249100 
49 	 0.249100 
10 	 0.249500 
-2 	 -2 
