0 	 0.001100 
3 	 0.001100 
5 	 0.001100 
6 	 0.001100 
7 	 0.001100 
8 	 0.001100 
11 	 0.001100 
14 	 0.001100 
15 	 0.001100 
16 	 0.001100 
18 	 0.001100 
20 	 0.001100 
23 	 0.001100 
25 	 0.001100 
29 	 0.001100 
33 	 0.001100 
34 	 0.001100 
37 	 0.001100 
39 	 0.001100 
40 	 0.001100 
41 	 0.001100 
49 	 0.001100 
1 	 0.002100 
2 	 0.002100 
9 	 0.002100 
13 	 0.002100 
22 	 0.002100 
28 	 0.002100 
32 	 0.002100 
48 	 0.002100 
0 	 0.003100 
3 	 0.003100 
16 	 0.003100 
20 	 0.003100 
23 	 0.003100 
24 	 0.003100 
27 	 0.003100 
30 	 0.003100 
31 	 0.003100 
39 	 0.003100 
40 	 0.003100 
41 	 0.003100 
42 	 0.003100 
45 	 0.003100 
46 	 0.003100 
2 	 0.004100 
6 	 0.004100 
8 	 0.004100 
9 	 0.004100 
17 	 0.004100 
29 	 0.004100 
36 	 0.004100 
37 	 0.004100 
48 	 0.004100 
5 	 0.005100 
7 	 0.005100 
12 	 0.005100 
15 	 0.005100 
16 	 0.005100 
18 	 0.005100 
24 	 0.005100 
26 	 0.005100 
30 	 0.005100 
32 	 0.005100 
33 	 0.005100 
41 	 0.005100 
49 	 0.005100 
14 	 0.005500 
44 	 0.005500 
2 	 0.006100 
4 	 0.006100 
6 	 0.006100 
8 	 0.006100 
9 	 0.006100 
19 	 0.006100 
21 	 0.006100 
23 	 0.006100 
27 	 0.006100 
29 	 0.006100 
31 	 0.006100 
36 	 0.006100 
37 	 0.006100 
38 	 0.006100 
39 	 0.006100 
42 	 0.006100 
43 	 0.006100 
46 	 0.006100 
47 	 0.006300 
11 	 0.006700 
35 	 0.006700 
7 	 0.007100 
13 	 0.007100 
22 	 0.007100 
24 	 0.007100 
28 	 0.007100 
40 	 0.007100 
20 	 0.007900 
0 	 0.008100 
4 	 0.008100 
9 	 0.008100 
12 	 0.008100 
15 	 0.008100 
16 	 0.008100 
18 	 0.008100 
19 	 0.008100 
23 	 0.008100 
25 	 0.008100 
29 	 0.008100 
30 	 0.008100 
33 	 0.008100 
42 	 0.008100 
45 	 0.008100 
47 	 0.008100 
14 	 0.008300 
6 	 0.008400 
5 	 0.008700 
27 	 0.008700 
48 	 0.008800 
44 	 0.008900 
8 	 0.009100 
11 	 0.009100 
13 	 0.009100 
35 	 0.009100 
36 	 0.009100 
38 	 0.009100 
41 	 0.009100 
46 	 0.009100 
39 	 0.009300 
40 	 0.010000 
6 	 0.010100 
7 	 0.010100 
12 	 0.010100 
16 	 0.010100 
17 	 0.010100 
18 	 0.010100 
19 	 0.010100 
21 	 0.010100 
25 	 0.010100 
26 	 0.010100 
27 	 0.010100 
34 	 0.010100 
37 	 0.010100 
14 	 0.010600 
24 	 0.010700 
29 	 0.010700 
9 	 0.011000 
20 	 0.011300 
38 	 0.011400 
46 	 0.011400 
47 	 0.011400 
44 	 0.011500 
33 	 0.011600 
1 	 0.012100 
3 	 0.012100 
4 	 0.012100 
7 	 0.012100 
13 	 0.012100 
15 	 0.012100 
17 	 0.012100 
19 	 0.012100 
21 	 0.012100 
23 	 0.012100 
25 	 0.012100 
27 	 0.012100 
28 	 0.012100 
29 	 0.012100 
30 	 0.012100 
37 	 0.012100 
39 	 0.012100 
40 	 0.012100 
41 	 0.012100 
45 	 0.012100 
48 	 0.012400 
11 	 0.013000 
2 	 0.013100 
5 	 0.013100 
6 	 0.013100 
9 	 0.013100 
10 	 0.013100 
16 	 0.013100 
18 	 0.013100 
34 	 0.013100 
38 	 0.013100 
42 	 0.013100 
43 	 0.013100 
46 	 0.013100 
12 	 0.013200 
14 	 0.013600 
20 	 0.013600 
24 	 0.013700 
33 	 0.013900 
0 	 0.014100 
1 	 0.014100 
13 	 0.014100 
19 	 0.014100 
21 	 0.014100 
23 	 0.014100 
26 	 0.014100 
30 	 0.014100 
32 	 0.014100 
37 	 0.014100 
39 	 0.014100 
41 	 0.014100 
48 	 0.014100 
44 	 0.014200 
27 	 0.014700 
29 	 0.015000 
31 	 0.015200 
47 	 0.015700 
11 	 0.016000 
0 	 0.016100 
1 	 0.016100 
6 	 0.016100 
10 	 0.016100 
12 	 0.016100 
17 	 0.016100 
18 	 0.016100 
19 	 0.016100 
20 	 0.016100 
22 	 0.016100 
25 	 0.016100 
26 	 0.016100 
27 	 0.016100 
35 	 0.016100 
41 	 0.016100 
42 	 0.016100 
43 	 0.016100 
23 	 0.016300 
5 	 0.016400 
44 	 0.016500 
7 	 0.017100 
8 	 0.017100 
13 	 0.017100 
30 	 0.017100 
37 	 0.017100 
38 	 0.017100 
40 	 0.017100 
45 	 0.017100 
29 	 0.017300 
33 	 0.017300 
24 	 0.017500 
48 	 0.017800 
0 	 0.018100 
2 	 0.018100 
9 	 0.018100 
12 	 0.018100 
19 	 0.018100 
25 	 0.018100 
27 	 0.018100 
32 	 0.018100 
41 	 0.018100 
42 	 0.018100 
43 	 0.018100 
47 	 0.018100 
14 	 0.018200 
31 	 0.018300 
1 	 0.019100 
6 	 0.019100 
8 	 0.019100 
20 	 0.019100 
22 	 0.019100 
23 	 0.019100 
34 	 0.019100 
36 	 0.019100 
37 	 0.019100 
45 	 0.019100 
46 	 0.019100 
48 	 0.019100 
44 	 0.019400 
29 	 0.019500 
5 	 0.019700 
7 	 0.019700 
2 	 0.020100 
3 	 0.020100 
9 	 0.020100 
11 	 0.020100 
12 	 0.020100 
13 	 0.020100 
16 	 0.020100 
18 	 0.020100 
31 	 0.020100 
32 	 0.020100 
39 	 0.020100 
42 	 0.020100 
30 	 0.020600 
24 	 0.021000 
1 	 0.021100 
4 	 0.021100 
5 	 0.021100 
15 	 0.021100 
17 	 0.021100 
21 	 0.021100 
23 	 0.021100 
26 	 0.021100 
27 	 0.021100 
33 	 0.021100 
36 	 0.021100 
38 	 0.021100 
46 	 0.021100 
48 	 0.021100 
49 	 0.021100 
29 	 0.021600 
44 	 0.021800 
20 	 0.021900 
41 	 0.021900 
47 	 0.022000 
11 	 0.022400 
34 	 0.022800 
0 	 0.023100 
2 	 0.023100 
3 	 0.023100 
16 	 0.023100 
19 	 0.023100 
22 	 0.023100 
23 	 0.023100 
24 	 0.023100 
25 	 0.023100 
26 	 0.023100 
30 	 0.023100 
35 	 0.023100 
37 	 0.023100 
40 	 0.023100 
41 	 0.023100 
42 	 0.023100 
43 	 0.023100 
46 	 0.023100 
49 	 0.023100 
27 	 0.023800 
6 	 0.023900 
33 	 0.023900 
5 	 0.024100 
8 	 0.024100 
9 	 0.024100 
12 	 0.024100 
13 	 0.024100 
14 	 0.024100 
17 	 0.024100 
18 	 0.024100 
21 	 0.024100 
32 	 0.024100 
36 	 0.024100 
38 	 0.024100 
45 	 0.024100 
28 	 0.024200 
20 	 0.024300 
29 	 0.024800 
15 	 0.024900 
1 	 0.025100 
3 	 0.025100 
19 	 0.025100 
23 	 0.025100 
24 	 0.025100 
25 	 0.025100 
30 	 0.025100 
31 	 0.025100 
33 	 0.025100 
34 	 0.025100 
37 	 0.025100 
40 	 0.025100 
42 	 0.025100 
46 	 0.025100 
47 	 0.025100 
48 	 0.025100 
4 	 0.025200 
44 	 0.025200 
2 	 0.026100 
5 	 0.026100 
6 	 0.026100 
8 	 0.026100 
10 	 0.026100 
12 	 0.026100 
13 	 0.026100 
15 	 0.026100 
18 	 0.026100 
20 	 0.026100 
26 	 0.026100 
35 	 0.026100 
41 	 0.026100 
43 	 0.026100 
45 	 0.026100 
9 	 0.026500 
14 	 0.026500 
4 	 0.027100 
11 	 0.027100 
16 	 0.027100 
17 	 0.027100 
21 	 0.027100 
22 	 0.027100 
23 	 0.027100 
27 	 0.027100 
28 	 0.027100 
29 	 0.027100 
30 	 0.027100 
31 	 0.027100 
33 	 0.027100 
34 	 0.027100 
40 	 0.027100 
44 	 0.027100 
46 	 0.027100 
2 	 0.028100 
14 	 0.028100 
18 	 0.028100 
19 	 0.028100 
20 	 0.028100 
25 	 0.028100 
32 	 0.028100 
37 	 0.028100 
38 	 0.028100 
42 	 0.028100 
47 	 0.028100 
48 	 0.028100 
5 	 0.028700 
0 	 0.029100 
1 	 0.029100 
6 	 0.029100 
7 	 0.029100 
12 	 0.029100 
15 	 0.029100 
16 	 0.029100 
17 	 0.029100 
21 	 0.029100 
23 	 0.029100 
24 	 0.029100 
26 	 0.029100 
28 	 0.029100 
29 	 0.029100 
30 	 0.029100 
33 	 0.029100 
41 	 0.029100 
43 	 0.029100 
46 	 0.029100 
34 	 0.029200 
27 	 0.029800 
44 	 0.029800 
20 	 0.030300 
14 	 0.030600 
38 	 0.030600 
35 	 0.030700 
29 	 0.030900 
0 	 0.031100 
1 	 0.031100 
2 	 0.031100 
5 	 0.031100 
6 	 0.031100 
7 	 0.031100 
9 	 0.031100 
19 	 0.031100 
22 	 0.031100 
27 	 0.031100 
34 	 0.031100 
39 	 0.031100 
40 	 0.031100 
42 	 0.031100 
48 	 0.031100 
49 	 0.031100 
17 	 0.031600 
30 	 0.031600 
41 	 0.031700 
33 	 0.031800 
3 	 0.032100 
4 	 0.032100 
12 	 0.032100 
20 	 0.032100 
35 	 0.032100 
36 	 0.032100 
38 	 0.032100 
45 	 0.032100 
46 	 0.032100 
32 	 0.032600 
29 	 0.032700 
25 	 0.032800 
2 	 0.033100 
13 	 0.033100 
14 	 0.033100 
15 	 0.033100 
16 	 0.033100 
19 	 0.033100 
23 	 0.033100 
24 	 0.033100 
27 	 0.033100 
28 	 0.033100 
30 	 0.033100 
33 	 0.033100 
40 	 0.033100 
42 	 0.033100 
44 	 0.033100 
47 	 0.033100 
7 	 0.033500 
0 	 0.034100 
1 	 0.034100 
31 	 0.034100 
36 	 0.034100 
48 	 0.034100 
10 	 0.034400 
34 	 0.034400 
41 	 0.034800 
32 	 0.034900 
2 	 0.035100 
4 	 0.035100 
5 	 0.035100 
12 	 0.035100 
13 	 0.035100 
15 	 0.035100 
16 	 0.035100 
19 	 0.035100 
23 	 0.035100 
25 	 0.035100 
27 	 0.035100 
28 	 0.035100 
37 	 0.035100 
38 	 0.035100 
39 	 0.035100 
42 	 0.035100 
43 	 0.035100 
46 	 0.035100 
47 	 0.035100 
49 	 0.035100 
29 	 0.035400 
24 	 0.035500 
1 	 0.036100 
30 	 0.036100 
31 	 0.036100 
34 	 0.036100 
35 	 0.036100 
36 	 0.036100 
40 	 0.036100 
44 	 0.036100 
45 	 0.036100 
48 	 0.036100 
33 	 0.036900 
41 	 0.037300 
27 	 0.037500 
23 	 0.037700 
29 	 0.037700 
1 	 0.038100 
4 	 0.038100 
13 	 0.038100 
17 	 0.038100 
18 	 0.038100 
19 	 0.038100 
24 	 0.038100 
25 	 0.038100 
31 	 0.038100 
34 	 0.038100 
36 	 0.038100 
38 	 0.038100 
45 	 0.038100 
46 	 0.038100 
49 	 0.038100 
5 	 0.038400 
20 	 0.038400 
44 	 0.038500 
14 	 0.038600 
0 	 0.039100 
2 	 0.039100 
8 	 0.039100 
9 	 0.039100 
15 	 0.039100 
21 	 0.039100 
28 	 0.039100 
29 	 0.039100 
33 	 0.039100 
37 	 0.039100 
39 	 0.039100 
42 	 0.039100 
43 	 0.039100 
41 	 0.039400 
1 	 0.040100 
3 	 0.040100 
5 	 0.040100 
12 	 0.040100 
13 	 0.040100 
14 	 0.040100 
18 	 0.040100 
20 	 0.040100 
22 	 0.040100 
25 	 0.040100 
26 	 0.040100 
27 	 0.040100 
30 	 0.040100 
32 	 0.040100 
45 	 0.040100 
46 	 0.040100 
48 	 0.040100 
10 	 0.040300 
23 	 0.040300 
44 	 0.040400 
29 	 0.040900 
6 	 0.041100 
8 	 0.041100 
9 	 0.041100 
11 	 0.041100 
16 	 0.041100 
21 	 0.041100 
31 	 0.041100 
35 	 0.041100 
36 	 0.041100 
38 	 0.041100 
41 	 0.041100 
43 	 0.041100 
47 	 0.041100 
49 	 0.041100 
32 	 0.041700 
27 	 0.041800 
24 	 0.042000 
13 	 0.042100 
17 	 0.042100 
19 	 0.042100 
25 	 0.042100 
37 	 0.042100 
42 	 0.042100 
44 	 0.042700 
20 	 0.043000 
3 	 0.043100 
5 	 0.043100 
12 	 0.043100 
14 	 0.043100 
15 	 0.043100 
21 	 0.043100 
23 	 0.043100 
27 	 0.043100 
28 	 0.043100 
30 	 0.043100 
32 	 0.043100 
34 	 0.043100 
39 	 0.043100 
46 	 0.043100 
29 	 0.043400 
10 	 0.044300 
33 	 0.044600 
31 	 0.045100 
46 	 0.045400 
34 	 0.045500 
41 	 0.045600 
24 	 0.045800 
44 	 0.045800 
3 	 0.046100 
9 	 0.046100 
13 	 0.046100 
14 	 0.046100 
21 	 0.046100 
26 	 0.046100 
27 	 0.046100 
28 	 0.046100 
30 	 0.046100 
32 	 0.046100 
33 	 0.046100 
36 	 0.046100 
37 	 0.046100 
38 	 0.046100 
48 	 0.046100 
49 	 0.046100 
29 	 0.046200 
5 	 0.046400 
20 	 0.046400 
1 	 0.047100 
6 	 0.047100 
12 	 0.047100 
16 	 0.047100 
17 	 0.047100 
40 	 0.047100 
41 	 0.047100 
43 	 0.047100 
23 	 0.047200 
2 	 0.048100 
4 	 0.048100 
8 	 0.048100 
9 	 0.048100 
11 	 0.048100 
18 	 0.048100 
20 	 0.048100 
25 	 0.048100 
29 	 0.048100 
30 	 0.048100 
32 	 0.048100 
37 	 0.048100 
42 	 0.048100 
48 	 0.048100 
38 	 0.048700 
7 	 0.049100 
14 	 0.049100 
27 	 0.049100 
36 	 0.049100 
39 	 0.049100 
41 	 0.049100 
43 	 0.049100 
44 	 0.049100 
45 	 0.049100 
49 	 0.049100 
20 	 0.049600 
33 	 0.049800 
2 	 0.050100 
3 	 0.050100 
6 	 0.050100 
12 	 0.050100 
13 	 0.050100 
16 	 0.050100 
19 	 0.050100 
25 	 0.050100 
30 	 0.050100 
42 	 0.050100 
29 	 0.050700 
1 	 0.051100 
7 	 0.051100 
17 	 0.051100 
18 	 0.051100 
20 	 0.051100 
21 	 0.051100 
22 	 0.051100 
23 	 0.051100 
24 	 0.051100 
26 	 0.051100 
33 	 0.051100 
38 	 0.051100 
39 	 0.051100 
45 	 0.051100 
47 	 0.051100 
0 	 0.052100 
3 	 0.052100 
8 	 0.052100 
11 	 0.052100 
13 	 0.052100 
15 	 0.052100 
27 	 0.052100 
36 	 0.052100 
43 	 0.052100 
2 	 0.052700 
44 	 0.053100 
23 	 0.053400 
19 	 0.053900 
25 	 0.053900 
40 	 0.054000 
2 	 0.054100 
5 	 0.054100 
7 	 0.054100 
9 	 0.054100 
12 	 0.054100 
14 	 0.054100 
15 	 0.054100 
17 	 0.054100 
21 	 0.054100 
27 	 0.054100 
29 	 0.054100 
31 	 0.054100 
32 	 0.054100 
33 	 0.054100 
35 	 0.054100 
41 	 0.054100 
42 	 0.054100 
46 	 0.054100 
48 	 0.054100 
10 	 0.055000 
0 	 0.055100 
3 	 0.055100 
8 	 0.055100 
18 	 0.055100 
22 	 0.055100 
36 	 0.055100 
37 	 0.055100 
38 	 0.055100 
45 	 0.055100 
28 	 0.055700 
20 	 0.055900 
1 	 0.056100 
2 	 0.056100 
7 	 0.056100 
13 	 0.056100 
16 	 0.056100 
17 	 0.056100 
23 	 0.056100 
39 	 0.056100 
40 	 0.056100 
41 	 0.056100 
14 	 0.056200 
47 	 0.056200 
11 	 0.056400 
24 	 0.056600 
29 	 0.056600 
44 	 0.056900 
8 	 0.057100 
9 	 0.057100 
27 	 0.057100 
30 	 0.057100 
34 	 0.057100 
36 	 0.057100 
42 	 0.057100 
46 	 0.057100 
49 	 0.057100 
12 	 0.057800 
1 	 0.058100 
4 	 0.058100 
5 	 0.058100 
10 	 0.058100 
11 	 0.058100 
13 	 0.058100 
14 	 0.058100 
15 	 0.058100 
16 	 0.058100 
17 	 0.058100 
20 	 0.058100 
22 	 0.058100 
23 	 0.058100 
24 	 0.058100 
31 	 0.058100 
35 	 0.058100 
37 	 0.058100 
40 	 0.058100 
43 	 0.058100 
33 	 0.059000 
6 	 0.059100 
18 	 0.059100 
21 	 0.059100 
28 	 0.059100 
29 	 0.059100 
30 	 0.059100 
32 	 0.059100 
36 	 0.059100 
38 	 0.059100 
42 	 0.059100 
46 	 0.059100 
47 	 0.059100 
44 	 0.059500 
41 	 0.059700 
48 	 0.059700 
14 	 0.060500 
5 	 0.060700 
27 	 0.060800 
20 	 0.060900 
23 	 0.061200 
34 	 0.061200 
37 	 0.061500 
24 	 0.061600 
1 	 0.062100 
2 	 0.062100 
9 	 0.062100 
13 	 0.062100 
15 	 0.062100 
16 	 0.062100 
18 	 0.062100 
21 	 0.062100 
25 	 0.062100 
28 	 0.062100 
30 	 0.062100 
32 	 0.062100 
38 	 0.062100 
40 	 0.062100 
45 	 0.062100 
46 	 0.062100 
33 	 0.062600 
29 	 0.062700 
17 	 0.062800 
20 	 0.062900 
5 	 0.063100 
12 	 0.063100 
26 	 0.063100 
27 	 0.063100 
36 	 0.063100 
37 	 0.063100 
41 	 0.063100 
42 	 0.063100 
47 	 0.063100 
48 	 0.063100 
34 	 0.063800 
39 	 0.063800 
0 	 0.064100 
1 	 0.064100 
6 	 0.064100 
7 	 0.064100 
8 	 0.064100 
9 	 0.064100 
10 	 0.064100 
14 	 0.064100 
16 	 0.064100 
18 	 0.064100 
19 	 0.064100 
20 	 0.064100 
21 	 0.064100 
22 	 0.064100 
23 	 0.064100 
25 	 0.064100 
28 	 0.064100 
30 	 0.064100 
38 	 0.064100 
40 	 0.064100 
44 	 0.064100 
45 	 0.064100 
46 	 0.064100 
2 	 0.065100 
3 	 0.065100 
12 	 0.065100 
15 	 0.065100 
24 	 0.065100 
27 	 0.065100 
32 	 0.065100 
33 	 0.065100 
34 	 0.065100 
36 	 0.065100 
37 	 0.065100 
43 	 0.065100 
48 	 0.065100 
31 	 0.065500 
29 	 0.065800 
0 	 0.066100 
1 	 0.066100 
5 	 0.066100 
6 	 0.066100 
10 	 0.066100 
13 	 0.066100 
16 	 0.066100 
17 	 0.066100 
18 	 0.066100 
22 	 0.066100 
26 	 0.066100 
41 	 0.066100 
45 	 0.066100 
46 	 0.066100 
47 	 0.066100 
39 	 0.066400 
14 	 0.066500 
30 	 0.066600 
2 	 0.067100 
8 	 0.067100 
9 	 0.067100 
20 	 0.067100 
35 	 0.067100 
36 	 0.067100 
37 	 0.067100 
40 	 0.067100 
44 	 0.067100 
49 	 0.067100 
23 	 0.067300 
29 	 0.067700 
3 	 0.068100 
5 	 0.068100 
6 	 0.068100 
10 	 0.068100 
11 	 0.068100 
12 	 0.068100 
14 	 0.068100 
15 	 0.068100 
16 	 0.068100 
19 	 0.068100 
21 	 0.068100 
25 	 0.068100 
27 	 0.068100 
28 	 0.068100 
30 	 0.068100 
31 	 0.068100 
32 	 0.068100 
38 	 0.068100 
39 	 0.068100 
41 	 0.068100 
42 	 0.068100 
43 	 0.068100 
33 	 0.068900 
4 	 0.069100 
9 	 0.069100 
13 	 0.069100 
18 	 0.069100 
23 	 0.069100 
34 	 0.069100 
37 	 0.069100 
44 	 0.069100 
46 	 0.069100 
47 	 0.069100 
20 	 0.069900 
2 	 0.070100 
3 	 0.070100 
5 	 0.070100 
6 	 0.070100 
12 	 0.070100 
14 	 0.070100 
15 	 0.070100 
24 	 0.070100 
26 	 0.070100 
29 	 0.070100 
30 	 0.070100 
35 	 0.070100 
36 	 0.070100 
40 	 0.070100 
42 	 0.070100 
49 	 0.070100 
19 	 0.070200 
27 	 0.070300 
39 	 0.070400 
43 	 0.070600 
1 	 0.071100 
4 	 0.071100 
9 	 0.071100 
16 	 0.071100 
18 	 0.071100 
21 	 0.071100 
23 	 0.071100 
28 	 0.071100 
31 	 0.071100 
34 	 0.071100 
37 	 0.071100 
38 	 0.071100 
44 	 0.071100 
45 	 0.071100 
46 	 0.071100 
47 	 0.071100 
48 	 0.071100 
10 	 0.071300 
17 	 0.071600 
40 	 0.071800 
41 	 0.071900 
5 	 0.072000 
0 	 0.072100 
2 	 0.072100 
6 	 0.072100 
15 	 0.072100 
19 	 0.072100 
26 	 0.072100 
27 	 0.072100 
29 	 0.072100 
39 	 0.072100 
42 	 0.072100 
49 	 0.072100 
43 	 0.072500 
33 	 0.072700 
20 	 0.072900 
34 	 0.073100 
12 	 0.073200 
14 	 0.073200 
46 	 0.073200 
11 	 0.073300 
47 	 0.073500 
23 	 0.073700 
24 	 0.073800 
30 	 0.074300 
44 	 0.074500 
2 	 0.074700 
28 	 0.074700 
33 	 0.074700 
29 	 0.074800 
5 	 0.075000 
0 	 0.075100 
4 	 0.075100 
8 	 0.075100 
10 	 0.075100 
11 	 0.075100 
13 	 0.075100 
20 	 0.075100 
21 	 0.075100 
23 	 0.075100 
27 	 0.075100 
34 	 0.075100 
35 	 0.075100 
36 	 0.075100 
37 	 0.075100 
38 	 0.075100 
40 	 0.075100 
41 	 0.075100 
42 	 0.075100 
43 	 0.075100 
45 	 0.075100 
49 	 0.075100 
14 	 0.075800 
19 	 0.076000 
2 	 0.076100 
6 	 0.076100 
15 	 0.076100 
16 	 0.076100 
18 	 0.076100 
30 	 0.076100 
32 	 0.076100 
46 	 0.076100 
48 	 0.076100 
44 	 0.076900 
0 	 0.077100 
3 	 0.077100 
5 	 0.077100 
8 	 0.077100 
12 	 0.077100 
20 	 0.077100 
23 	 0.077100 
27 	 0.077100 
35 	 0.077100 
36 	 0.077100 
37 	 0.077100 
38 	 0.077100 
47 	 0.077100 
29 	 0.077300 
17 	 0.077400 
7 	 0.078100 
15 	 0.078100 
16 	 0.078100 
25 	 0.078100 
26 	 0.078100 
28 	 0.078100 
33 	 0.078100 
34 	 0.078100 
42 	 0.078100 
44 	 0.078100 
19 	 0.078700 
24 	 0.078800 
0 	 0.079100 
1 	 0.079100 
9 	 0.079100 
10 	 0.079100 
12 	 0.079100 
20 	 0.079100 
22 	 0.079100 
27 	 0.079100 
30 	 0.079100 
32 	 0.079100 
35 	 0.079100 
37 	 0.079100 
40 	 0.079100 
41 	 0.079100 
43 	 0.079100 
46 	 0.079100 
47 	 0.079400 
29 	 0.079700 
23 	 0.080000 
4 	 0.080100 
13 	 0.080100 
14 	 0.080100 
15 	 0.080100 
16 	 0.080100 
17 	 0.080100 
18 	 0.080100 
21 	 0.080100 
25 	 0.080100 
33 	 0.080100 
45 	 0.080100 
48 	 0.080300 
11 	 0.080800 
6 	 0.081100 
9 	 0.081100 
20 	 0.081100 
30 	 0.081100 
36 	 0.081100 
37 	 0.081100 
38 	 0.081100 
41 	 0.081100 
42 	 0.081100 
43 	 0.081100 
44 	 0.081100 
29 	 0.081700 
46 	 0.081700 
4 	 0.082100 
5 	 0.082100 
18 	 0.082100 
32 	 0.082100 
34 	 0.082100 
39 	 0.082100 
40 	 0.082100 
48 	 0.082100 
14 	 0.082500 
27 	 0.082700 
23 	 0.082900 
24 	 0.082900 
0 	 0.083100 
1 	 0.083100 
2 	 0.083100 
3 	 0.083100 
7 	 0.083100 
8 	 0.083100 
10 	 0.083100 
11 	 0.083100 
26 	 0.083100 
29 	 0.083100 
30 	 0.083100 
37 	 0.083100 
42 	 0.083100 
43 	 0.083100 
45 	 0.083100 
46 	 0.083100 
33 	 0.083200 
5 	 0.084100 
15 	 0.084100 
16 	 0.084100 
18 	 0.084100 
23 	 0.084100 
25 	 0.084100 
27 	 0.084100 
38 	 0.084100 
47 	 0.084100 
48 	 0.084100 
49 	 0.084100 
19 	 0.084200 
20 	 0.084700 
44 	 0.084800 
41 	 0.084900 
1 	 0.085100 
8 	 0.085100 
9 	 0.085100 
10 	 0.085100 
12 	 0.085100 
17 	 0.085100 
29 	 0.085100 
30 	 0.085100 
34 	 0.085100 
37 	 0.085100 
43 	 0.085100 
5 	 0.086100 
11 	 0.086100 
20 	 0.086100 
21 	 0.086100 
22 	 0.086100 
23 	 0.086100 
24 	 0.086100 
27 	 0.086100 
28 	 0.086100 
31 	 0.086100 
36 	 0.086100 
38 	 0.086100 
39 	 0.086100 
40 	 0.086100 
41 	 0.086100 
42 	 0.086100 
48 	 0.086100 
33 	 0.086600 
4 	 0.087100 
9 	 0.087100 
17 	 0.087100 
19 	 0.087100 
45 	 0.087100 
46 	 0.087100 
29 	 0.087300 
44 	 0.088000 
14 	 0.088600 
20 	 0.088900 
47 	 0.089100 
23 	 0.089600 
29 	 0.089700 
7 	 0.089900 
15 	 0.089900 
34 	 0.090100 
41 	 0.090100 
24 	 0.090700 
27 	 0.090800 
33 	 0.090800 
0 	 0.091100 
1 	 0.091100 
10 	 0.091100 
12 	 0.091100 
15 	 0.091100 
16 	 0.091100 
18 	 0.091100 
19 	 0.091100 
20 	 0.091100 
22 	 0.091100 
25 	 0.091100 
28 	 0.091100 
29 	 0.091100 
30 	 0.091100 
32 	 0.091100 
37 	 0.091100 
39 	 0.091100 
40 	 0.091100 
42 	 0.091100 
45 	 0.091100 
46 	 0.091100 
48 	 0.091100 
49 	 0.091100 
44 	 0.091800 
2 	 0.092100 
4 	 0.092100 
5 	 0.092100 
7 	 0.092100 
8 	 0.092100 
9 	 0.092100 
11 	 0.092100 
23 	 0.092100 
26 	 0.092100 
27 	 0.092100 
33 	 0.092100 
34 	 0.092100 
35 	 0.092100 
38 	 0.092100 
43 	 0.092100 
0 	 0.093100 
1 	 0.093100 
10 	 0.093100 
13 	 0.093100 
17 	 0.093100 
19 	 0.093100 
20 	 0.093100 
22 	 0.093100 
24 	 0.093100 
28 	 0.093100 
29 	 0.093100 
30 	 0.093100 
41 	 0.093100 
46 	 0.093100 
48 	 0.093100 
2 	 0.094100 
7 	 0.094100 
8 	 0.094100 
12 	 0.094100 
16 	 0.094100 
36 	 0.094100 
38 	 0.094100 
40 	 0.094100 
42 	 0.094100 
43 	 0.094100 
45 	 0.094100 
47 	 0.094100 
1 	 0.095100 
4 	 0.095100 
5 	 0.095100 
6 	 0.095100 
9 	 0.095100 
11 	 0.095100 
13 	 0.095100 
19 	 0.095100 
20 	 0.095100 
21 	 0.095100 
25 	 0.095100 
27 	 0.095100 
29 	 0.095100 
35 	 0.095100 
41 	 0.095100 
44 	 0.095100 
46 	 0.095100 
49 	 0.095100 
2 	 0.096100 
8 	 0.096100 
12 	 0.096100 
22 	 0.096100 
28 	 0.096100 
37 	 0.096100 
39 	 0.096100 
43 	 0.096100 
45 	 0.096100 
14 	 0.096600 
33 	 0.096600 
6 	 0.097000 
16 	 0.097100 
23 	 0.097100 
25 	 0.097100 
30 	 0.097100 
34 	 0.097100 
42 	 0.097100 
48 	 0.097100 
49 	 0.097100 
24 	 0.097700 
29 	 0.097700 
46 	 0.097700 
27 	 0.097800 
41 	 0.097800 
1 	 0.098100 
5 	 0.098100 
7 	 0.098100 
10 	 0.098100 
18 	 0.098100 
19 	 0.098100 
20 	 0.098100 
28 	 0.098100 
31 	 0.098100 
36 	 0.098100 
38 	 0.098100 
44 	 0.098100 
39 	 0.098500 
11 	 0.099100 
14 	 0.099100 
22 	 0.099100 
23 	 0.099100 
25 	 0.099100 
32 	 0.099100 
34 	 0.099100 
37 	 0.099100 
42 	 0.099100 
43 	 0.099100 
45 	 0.099100 
46 	 0.099100 
47 	 0.099100 
30 	 0.099400 
41 	 0.099700 
33 	 0.099900 
0 	 0.100100 
2 	 0.100100 
8 	 0.100100 
9 	 0.100100 
13 	 0.100100 
15 	 0.100100 
16 	 0.100100 
20 	 0.100100 
26 	 0.100100 
27 	 0.100100 
28 	 0.100100 
36 	 0.100100 
39 	 0.100100 
48 	 0.100100 
29 	 0.100400 
7 	 0.100600 
3 	 0.101100 
5 	 0.101100 
11 	 0.101100 
12 	 0.101100 
19 	 0.101100 
21 	 0.101100 
22 	 0.101100 
24 	 0.101100 
31 	 0.101100 
42 	 0.101100 
46 	 0.101100 
49 	 0.101100 
44 	 0.101700 
6 	 0.102100 
7 	 0.102100 
10 	 0.102100 
14 	 0.102100 
15 	 0.102100 
16 	 0.102100 
23 	 0.102100 
25 	 0.102100 
26 	 0.102100 
30 	 0.102100 
33 	 0.102100 
34 	 0.102100 
37 	 0.102100 
39 	 0.102100 
27 	 0.102800 
41 	 0.102800 
2 	 0.103100 
9 	 0.103100 
11 	 0.103100 
12 	 0.103100 
13 	 0.103100 
19 	 0.103100 
20 	 0.103100 
22 	 0.103100 
29 	 0.103100 
35 	 0.103100 
42 	 0.103100 
3 	 0.104100 
5 	 0.104100 
6 	 0.104100 
8 	 0.104100 
14 	 0.104100 
16 	 0.104100 
18 	 0.104100 
21 	 0.104100 
27 	 0.104100 
30 	 0.104100 
34 	 0.104100 
37 	 0.104100 
41 	 0.104100 
43 	 0.104100 
44 	 0.104100 
45 	 0.104100 
46 	 0.104100 
49 	 0.104100 
47 	 0.104200 
7 	 0.104700 
24 	 0.105000 
23 	 0.106100 
29 	 0.106200 
10 	 0.106300 
20 	 0.106400 
33 	 0.106600 
30 	 0.107100 
21 	 0.107200 
12 	 0.107400 
27 	 0.107700 
44 	 0.107700 
8 	 0.108100 
11 	 0.108100 
16 	 0.108100 
18 	 0.108100 
19 	 0.108100 
20 	 0.108100 
25 	 0.108100 
31 	 0.108100 
32 	 0.108100 
33 	 0.108100 
35 	 0.108100 
37 	 0.108100 
45 	 0.108100 
46 	 0.108100 
47 	 0.108100 
48 	 0.108100 
49 	 0.108100 
23 	 0.108400 
34 	 0.109000 
4 	 0.109100 
7 	 0.109100 
9 	 0.109100 
13 	 0.109100 
17 	 0.109100 
22 	 0.109100 
24 	 0.109100 
27 	 0.109100 
30 	 0.109100 
41 	 0.109100 
29 	 0.109400 
2 	 0.110100 
8 	 0.110100 
18 	 0.110100 
19 	 0.110100 
20 	 0.110100 
21 	 0.110100 
23 	 0.110100 
25 	 0.110100 
35 	 0.110100 
39 	 0.110100 
42 	 0.110100 
43 	 0.110100 
44 	 0.110100 
46 	 0.110100 
47 	 0.110100 
48 	 0.110100 
49 	 0.110100 
12 	 0.110900 
5 	 0.111100 
9 	 0.111100 
13 	 0.111100 
14 	 0.111100 
16 	 0.111100 
17 	 0.111100 
29 	 0.111100 
30 	 0.111100 
36 	 0.111100 
37 	 0.111100 
41 	 0.111100 
33 	 0.111700 
32 	 0.111800 
27 	 0.111900 
11 	 0.112000 
8 	 0.112100 
15 	 0.112100 
19 	 0.112100 
21 	 0.112100 
22 	 0.112100 
35 	 0.112100 
38 	 0.112100 
40 	 0.112100 
45 	 0.112100 
46 	 0.112100 
48 	 0.112100 
49 	 0.112100 
1 	 0.113100 
5 	 0.113100 
6 	 0.113100 
7 	 0.113100 
12 	 0.113100 
16 	 0.113100 
23 	 0.113100 
26 	 0.113100 
29 	 0.113100 
30 	 0.113100 
32 	 0.113100 
34 	 0.113100 
36 	 0.113100 
37 	 0.113100 
39 	 0.113100 
42 	 0.113100 
43 	 0.113100 
47 	 0.113100 
44 	 0.113200 
17 	 0.113900 
20 	 0.114000 
0 	 0.114100 
2 	 0.114100 
10 	 0.114100 
14 	 0.114100 
21 	 0.114100 
25 	 0.114100 
27 	 0.114100 
31 	 0.114100 
35 	 0.114100 
41 	 0.114100 
46 	 0.114100 
33 	 0.114600 
1 	 0.115100 
6 	 0.115100 
7 	 0.115100 
12 	 0.115100 
15 	 0.115100 
16 	 0.115100 
17 	 0.115100 
19 	 0.115100 
29 	 0.115100 
30 	 0.115100 
38 	 0.115100 
42 	 0.115100 
44 	 0.115100 
45 	 0.115100 
48 	 0.115100 
49 	 0.115100 
24 	 0.115500 
43 	 0.115900 
2 	 0.116100 
18 	 0.116100 
22 	 0.116100 
32 	 0.116100 
33 	 0.116100 
35 	 0.116100 
36 	 0.116100 
41 	 0.116100 
46 	 0.116100 
23 	 0.116700 
9 	 0.117100 
10 	 0.117100 
13 	 0.117100 
17 	 0.117100 
19 	 0.117100 
20 	 0.117100 
21 	 0.117100 
27 	 0.117100 
37 	 0.117100 
40 	 0.117100 
42 	 0.117100 
43 	 0.117100 
49 	 0.117100 
14 	 0.117500 
44 	 0.117600 
29 	 0.117700 
2 	 0.118100 
5 	 0.118100 
8 	 0.118100 
16 	 0.118100 
23 	 0.118100 
26 	 0.118100 
28 	 0.118100 
30 	 0.118100 
31 	 0.118100 
32 	 0.118100 
35 	 0.118100 
46 	 0.118100 
47 	 0.118100 
48 	 0.118100 
15 	 0.118600 
24 	 0.118800 
33 	 0.119000 
0 	 0.119100 
1 	 0.119100 
13 	 0.119100 
22 	 0.119100 
36 	 0.119100 
37 	 0.119100 
38 	 0.119100 
39 	 0.119100 
41 	 0.119100 
43 	 0.119100 
44 	 0.119100 
45 	 0.119100 
7 	 0.119500 
29 	 0.120000 
20 	 0.120100 
30 	 0.121400 
44 	 0.121700 
23 	 0.122100 
24 	 0.122800 
20 	 0.122900 
33 	 0.123100 
29 	 0.123400 
41 	 0.123800 
0 	 0.124100 
1 	 0.124100 
4 	 0.124100 
8 	 0.124100 
13 	 0.124100 
16 	 0.124100 
20 	 0.124100 
21 	 0.124100 
23 	 0.124100 
27 	 0.124100 
30 	 0.124100 
32 	 0.124100 
35 	 0.124100 
37 	 0.124100 
40 	 0.124100 
43 	 0.124100 
44 	 0.124100 
45 	 0.124100 
46 	 0.124100 
47 	 0.124100 
48 	 0.124100 
3 	 0.125100 
5 	 0.125100 
9 	 0.125100 
10 	 0.125100 
12 	 0.125100 
14 	 0.125100 
19 	 0.125100 
22 	 0.125100 
25 	 0.125100 
26 	 0.125100 
28 	 0.125100 
36 	 0.125100 
39 	 0.125100 
41 	 0.125100 
42 	 0.125100 
49 	 0.125100 
7 	 0.126100 
8 	 0.126100 
15 	 0.126100 
17 	 0.126100 
21 	 0.126100 
27 	 0.126100 
30 	 0.126100 
31 	 0.126100 
33 	 0.126100 
37 	 0.126100 
38 	 0.126100 
40 	 0.126100 
45 	 0.126100 
48 	 0.126100 
29 	 0.126200 
32 	 0.126600 
20 	 0.126900 
0 	 0.127100 
4 	 0.127100 
5 	 0.127100 
9 	 0.127100 
10 	 0.127100 
23 	 0.127100 
25 	 0.127100 
26 	 0.127100 
34 	 0.127100 
35 	 0.127100 
39 	 0.127100 
42 	 0.127100 
47 	 0.127100 
41 	 0.128000 
1 	 0.128100 
2 	 0.128100 
6 	 0.128100 
7 	 0.128100 
8 	 0.128100 
13 	 0.128100 
15 	 0.128100 
19 	 0.128100 
21 	 0.128100 
27 	 0.128100 
28 	 0.128100 
30 	 0.128100 
36 	 0.128100 
40 	 0.128100 
43 	 0.128100 
44 	 0.128100 
45 	 0.128100 
46 	 0.128100 
29 	 0.128200 
14 	 0.129100 
17 	 0.129100 
22 	 0.129100 
25 	 0.129100 
32 	 0.129100 
33 	 0.129100 
37 	 0.129100 
49 	 0.129100 
24 	 0.129800 
6 	 0.130000 
0 	 0.130100 
5 	 0.130100 
7 	 0.130100 
8 	 0.130100 
18 	 0.130100 
29 	 0.130100 
36 	 0.130100 
42 	 0.130100 
45 	 0.130100 
46 	 0.130100 
47 	 0.130100 
27 	 0.130300 
20 	 0.130400 
34 	 0.130500 
2 	 0.131100 
4 	 0.131100 
13 	 0.131100 
16 	 0.131100 
19 	 0.131100 
21 	 0.131100 
26 	 0.131100 
30 	 0.131100 
37 	 0.131100 
39 	 0.131100 
40 	 0.131100 
49 	 0.131100 
10 	 0.131300 
12 	 0.131400 
23 	 0.131600 
44 	 0.131700 
25 	 0.131800 
0 	 0.132100 
1 	 0.132100 
3 	 0.132100 
5 	 0.132100 
7 	 0.132100 
9 	 0.132100 
15 	 0.132100 
18 	 0.132100 
20 	 0.132100 
27 	 0.132100 
28 	 0.132100 
34 	 0.132100 
36 	 0.132100 
42 	 0.132100 
45 	 0.132100 
48 	 0.132100 
29 	 0.132400 
17 	 0.132700 
33 	 0.132900 
8 	 0.133100 
10 	 0.133100 
11 	 0.133100 
12 	 0.133100 
23 	 0.133100 
25 	 0.133100 
32 	 0.133100 
37 	 0.133100 
41 	 0.133100 
43 	 0.133100 
46 	 0.133100 
24 	 0.133500 
30 	 0.133700 
4 	 0.134100 
5 	 0.134100 
7 	 0.134100 
15 	 0.134100 
16 	 0.134100 
17 	 0.134100 
21 	 0.134100 
27 	 0.134100 
31 	 0.134100 
36 	 0.134100 
42 	 0.134100 
45 	 0.134100 
47 	 0.134100 
48 	 0.134100 
14 	 0.134200 
29 	 0.134700 
1 	 0.135100 
2 	 0.135100 
6 	 0.135100 
9 	 0.135100 
12 	 0.135100 
13 	 0.135100 
18 	 0.135100 
19 	 0.135100 
32 	 0.135100 
35 	 0.135100 
37 	 0.135100 
38 	 0.135100 
44 	 0.135100 
23 	 0.135200 
14 	 0.135800 
20 	 0.136000 
10 	 0.136100 
11 	 0.136100 
16 	 0.136100 
21 	 0.136100 
28 	 0.136100 
30 	 0.136100 
42 	 0.136100 
46 	 0.136100 
43 	 0.136300 
33 	 0.136700 
27 	 0.136800 
29 	 0.136800 
15 	 0.136900 
14 	 0.137100 
17 	 0.137100 
22 	 0.137100 
23 	 0.137100 
24 	 0.137100 
26 	 0.137100 
37 	 0.137100 
49 	 0.137100 
41 	 0.137600 
35 	 0.137700 
7 	 0.137800 
20 	 0.137900 
1 	 0.138100 
5 	 0.138100 
6 	 0.138100 
9 	 0.138100 
15 	 0.138100 
16 	 0.138100 
21 	 0.138100 
29 	 0.138100 
32 	 0.138100 
36 	 0.138100 
43 	 0.138100 
44 	 0.138100 
45 	 0.138100 
46 	 0.138100 
30 	 0.138800 
2 	 0.139100 
8 	 0.139100 
17 	 0.139100 
22 	 0.139100 
23 	 0.139100 
25 	 0.139100 
28 	 0.139100 
33 	 0.139100 
38 	 0.139100 
41 	 0.139100 
42 	 0.139100 
47 	 0.139100 
12 	 0.139200 
14 	 0.139800 
27 	 0.139800 
20 	 0.139900 
40 	 0.139900 
3 	 0.140100 
5 	 0.140100 
9 	 0.140100 
10 	 0.140100 
13 	 0.140100 
16 	 0.140100 
18 	 0.140100 
19 	 0.140100 
31 	 0.140100 
32 	 0.140100 
39 	 0.140100 
45 	 0.140100 
29 	 0.140600 
7 	 0.140700 
0 	 0.141100 
1 	 0.141100 
2 	 0.141100 
20 	 0.141100 
21 	 0.141100 
24 	 0.141100 
25 	 0.141100 
26 	 0.141100 
28 	 0.141100 
33 	 0.141100 
37 	 0.141100 
40 	 0.141100 
41 	 0.141100 
42 	 0.141100 
47 	 0.141100 
38 	 0.141200 
34 	 0.141400 
39 	 0.141700 
15 	 0.141900 
43 	 0.141900 
44 	 0.141900 
7 	 0.142100 
10 	 0.142100 
13 	 0.142100 
18 	 0.142100 
23 	 0.142100 
30 	 0.142100 
31 	 0.142100 
32 	 0.142100 
35 	 0.142100 
48 	 0.142100 
49 	 0.142100 
12 	 0.142200 
46 	 0.142200 
19 	 0.142900 
0 	 0.143100 
4 	 0.143100 
9 	 0.143100 
15 	 0.143100 
22 	 0.143100 
27 	 0.143100 
28 	 0.143100 
38 	 0.143100 
41 	 0.143100 
44 	 0.143100 
45 	 0.143100 
29 	 0.143400 
5 	 0.143600 
33 	 0.143700 
47 	 0.143800 
2 	 0.144100 
7 	 0.144100 
17 	 0.144100 
18 	 0.144100 
19 	 0.144100 
20 	 0.144100 
21 	 0.144100 
23 	 0.144100 
30 	 0.144100 
32 	 0.144100 
34 	 0.144100 
36 	 0.144100 
39 	 0.144100 
40 	 0.144100 
46 	 0.144700 
24 	 0.144900 
11 	 0.145300 
10 	 0.145400 
29 	 0.145400 
12 	 0.145800 
14 	 0.145800 
25 	 0.145900 
20 	 0.146400 
39 	 0.146600 
33 	 0.146700 
41 	 0.146700 
15 	 0.146900 
29 	 0.147000 
48 	 0.147000 
44 	 0.147200 
30 	 0.147300 
34 	 0.147300 
35 	 0.147700 
31 	 0.147800 
24 	 0.147900 
45 	 0.148100 
21 	 0.148600 
27 	 0.148900 
23 	 0.149000 
1 	 0.149100 
2 	 0.149100 
5 	 0.149100 
6 	 0.149100 
7 	 0.149100 
8 	 0.149100 
15 	 0.149100 
16 	 0.149100 
20 	 0.149100 
22 	 0.149100 
30 	 0.149100 
33 	 0.149100 
37 	 0.149100 
38 	 0.149100 
41 	 0.149100 
42 	 0.149100 
46 	 0.149100 
47 	 0.149100 
49 	 0.149100 
14 	 0.149300 
29 	 0.149700 
44 	 0.149800 
0 	 0.150100 
12 	 0.150100 
13 	 0.150100 
18 	 0.150100 
19 	 0.150100 
28 	 0.150100 
36 	 0.150100 
43 	 0.150100 
45 	 0.150100 
20 	 0.150900 
1 	 0.151100 
3 	 0.151100 
7 	 0.151100 
9 	 0.151100 
27 	 0.151100 
29 	 0.151100 
37 	 0.151100 
38 	 0.151100 
46 	 0.151100 
49 	 0.151100 
41 	 0.151200 
2 	 0.152100 
5 	 0.152100 
11 	 0.152100 
18 	 0.152100 
25 	 0.152100 
30 	 0.152100 
36 	 0.152100 
42 	 0.152100 
43 	 0.152100 
45 	 0.152100 
15 	 0.152700 
33 	 0.153000 
4 	 0.153100 
9 	 0.153100 
16 	 0.153100 
19 	 0.153100 
22 	 0.153100 
31 	 0.153100 
38 	 0.153100 
41 	 0.153100 
44 	 0.153100 
47 	 0.153100 
20 	 0.153800 
23 	 0.154000 
1 	 0.154100 
6 	 0.154100 
15 	 0.154100 
17 	 0.154100 
28 	 0.154100 
29 	 0.154100 
32 	 0.154100 
36 	 0.154100 
39 	 0.154100 
42 	 0.154100 
46 	 0.154100 
24 	 0.154500 
4 	 0.155100 
9 	 0.155100 
10 	 0.155100 
11 	 0.155100 
13 	 0.155100 
14 	 0.155100 
16 	 0.155100 
18 	 0.155100 
20 	 0.155100 
22 	 0.155100 
25 	 0.155100 
27 	 0.155100 
30 	 0.155100 
38 	 0.155100 
41 	 0.155100 
48 	 0.155100 
34 	 0.155800 
3 	 0.156100 
6 	 0.156100 
8 	 0.156100 
12 	 0.156100 
21 	 0.156100 
29 	 0.156100 
31 	 0.156100 
36 	 0.156100 
37 	 0.156100 
40 	 0.156100 
42 	 0.156100 
44 	 0.156100 
33 	 0.156300 
7 	 0.157100 
9 	 0.157100 
15 	 0.157100 
18 	 0.157100 
20 	 0.157100 
25 	 0.157100 
27 	 0.157100 
39 	 0.157100 
46 	 0.157100 
23 	 0.157600 
29 	 0.157800 
1 	 0.158100 
2 	 0.158100 
5 	 0.158100 
8 	 0.158100 
10 	 0.158100 
12 	 0.158100 
19 	 0.158100 
22 	 0.158100 
24 	 0.158100 
26 	 0.158100 
32 	 0.158100 
36 	 0.158100 
37 	 0.158100 
41 	 0.158100 
43 	 0.158100 
48 	 0.158100 
11 	 0.158700 
33 	 0.158900 
9 	 0.159100 
15 	 0.159100 
20 	 0.159100 
27 	 0.159100 
34 	 0.159100 
44 	 0.159100 
46 	 0.159100 
49 	 0.159100 
18 	 0.159200 
1 	 0.160100 
3 	 0.160100 
10 	 0.160100 
11 	 0.160100 
14 	 0.160100 
16 	 0.160100 
24 	 0.160100 
28 	 0.160100 
29 	 0.160100 
30 	 0.160100 
31 	 0.160100 
32 	 0.160100 
37 	 0.160100 
39 	 0.160100 
41 	 0.160100 
48 	 0.160100 
20 	 0.160500 
0 	 0.161100 
5 	 0.161100 
9 	 0.161100 
12 	 0.161100 
13 	 0.161100 
18 	 0.161100 
21 	 0.161100 
23 	 0.161100 
25 	 0.161100 
36 	 0.161100 
44 	 0.161100 
45 	 0.161100 
46 	 0.161100 
47 	 0.161100 
34 	 0.161600 
7 	 0.161700 
2 	 0.162100 
3 	 0.162100 
8 	 0.162100 
17 	 0.162100 
20 	 0.162100 
22 	 0.162100 
26 	 0.162100 
30 	 0.162100 
37 	 0.162100 
38 	 0.162100 
40 	 0.162100 
41 	 0.162100 
43 	 0.162100 
19 	 0.162600 
33 	 0.162600 
29 	 0.162700 
42 	 0.163000 
1 	 0.163100 
5 	 0.163100 
6 	 0.163100 
12 	 0.163100 
13 	 0.163100 
21 	 0.163100 
23 	 0.163100 
24 	 0.163100 
28 	 0.163100 
36 	 0.163100 
46 	 0.163100 
47 	 0.163100 
49 	 0.163100 
14 	 0.163400 
39 	 0.163500 
2 	 0.164100 
7 	 0.164100 
8 	 0.164100 
10 	 0.164100 
16 	 0.164100 
18 	 0.164100 
19 	 0.164100 
25 	 0.164100 
27 	 0.164100 
29 	 0.164100 
35 	 0.164100 
37 	 0.164100 
38 	 0.164100 
40 	 0.164100 
41 	 0.164100 
43 	 0.164100 
44 	 0.164100 
20 	 0.164400 
15 	 0.164700 
33 	 0.164900 
34 	 0.164900 
3 	 0.165100 
5 	 0.165100 
9 	 0.165100 
14 	 0.165100 
21 	 0.165100 
26 	 0.165100 
36 	 0.165100 
45 	 0.165100 
49 	 0.165100 
46 	 0.165500 
27 	 0.165800 
48 	 0.165800 
1 	 0.166100 
2 	 0.166100 
4 	 0.166100 
6 	 0.166100 
7 	 0.166100 
13 	 0.166100 
16 	 0.166100 
17 	 0.166100 
19 	 0.166100 
20 	 0.166100 
23 	 0.166100 
25 	 0.166100 
29 	 0.166100 
37 	 0.166100 
41 	 0.166100 
43 	 0.166100 
47 	 0.166400 
33 	 0.166900 
12 	 0.167100 
14 	 0.167100 
18 	 0.167100 
28 	 0.167100 
30 	 0.167100 
31 	 0.167100 
32 	 0.167100 
34 	 0.167100 
40 	 0.167100 
42 	 0.167100 
46 	 0.167100 
24 	 0.167500 
0 	 0.168100 
1 	 0.168100 
13 	 0.168100 
16 	 0.168100 
20 	 0.168100 
21 	 0.168100 
37 	 0.168100 
39 	 0.168100 
47 	 0.168100 
29 	 0.168400 
44 	 0.168500 
35 	 0.168600 
33 	 0.168900 
5 	 0.169100 
7 	 0.169100 
9 	 0.169100 
12 	 0.169100 
15 	 0.169100 
17 	 0.169100 
19 	 0.169100 
23 	 0.169100 
38 	 0.169100 
41 	 0.169100 
43 	 0.169100 
46 	 0.169100 
11 	 0.169800 
1 	 0.170100 
8 	 0.170100 
10 	 0.170100 
13 	 0.170100 
16 	 0.170100 
27 	 0.170100 
28 	 0.170100 
30 	 0.170100 
32 	 0.170100 
34 	 0.170100 
37 	 0.170100 
40 	 0.170100 
45 	 0.170100 
48 	 0.170300 
33 	 0.170700 
14 	 0.170800 
24 	 0.171000 
5 	 0.171100 
9 	 0.171100 
12 	 0.171100 
19 	 0.171100 
20 	 0.171100 
23 	 0.171100 
29 	 0.171100 
38 	 0.171100 
44 	 0.171100 
21 	 0.171200 
46 	 0.171700 
1 	 0.172100 
6 	 0.172100 
8 	 0.172100 
11 	 0.172100 
15 	 0.172100 
16 	 0.172100 
25 	 0.172100 
30 	 0.172100 
32 	 0.172100 
34 	 0.172100 
36 	 0.172100 
40 	 0.172100 
42 	 0.172100 
43 	 0.172100 
45 	 0.172100 
31 	 0.172500 
41 	 0.172600 
33 	 0.172900 
3 	 0.173100 
13 	 0.173100 
17 	 0.173100 
18 	 0.173100 
19 	 0.173100 
21 	 0.173100 
22 	 0.173100 
23 	 0.173100 
24 	 0.173100 
38 	 0.173100 
44 	 0.173100 
46 	 0.173100 
47 	 0.173100 
48 	 0.173100 
39 	 0.173400 
7 	 0.173700 
29 	 0.173700 
20 	 0.173900 
5 	 0.174100 
6 	 0.174100 
10 	 0.174100 
11 	 0.174100 
15 	 0.174100 
16 	 0.174100 
25 	 0.174100 
27 	 0.174100 
37 	 0.174100 
40 	 0.174100 
42 	 0.174100 
45 	 0.174100 
35 	 0.174700 
14 	 0.174800 
0 	 0.175100 
2 	 0.175100 
8 	 0.175100 
9 	 0.175100 
18 	 0.175100 
23 	 0.175100 
26 	 0.175100 
28 	 0.175100 
29 	 0.175100 
36 	 0.175100 
43 	 0.175100 
47 	 0.175100 
48 	 0.175100 
12 	 0.175200 
41 	 0.175300 
33 	 0.175600 
39 	 0.175700 
46 	 0.175700 
44 	 0.176100 
24 	 0.176800 
27 	 0.176800 
5 	 0.177000 
19 	 0.177000 
29 	 0.177200 
20 	 0.177600 
39 	 0.178500 
10 	 0.178600 
33 	 0.178600 
44 	 0.178700 
25 	 0.178800 
47 	 0.178800 
48 	 0.178800 
23 	 0.179300 
29 	 0.179900 
41 	 0.179900 
30 	 0.180100 
34 	 0.180200 
24 	 0.180800 
33 	 0.181100 
20 	 0.182000 
1 	 0.182100 
2 	 0.182100 
3 	 0.182100 
5 	 0.182100 
8 	 0.182100 
15 	 0.182100 
18 	 0.182100 
23 	 0.182100 
25 	 0.182100 
26 	 0.182100 
28 	 0.182100 
36 	 0.182100 
37 	 0.182100 
39 	 0.182100 
40 	 0.182100 
41 	 0.182100 
46 	 0.182100 
47 	 0.182100 
30 	 0.182400 
48 	 0.182400 
29 	 0.182900 
4 	 0.183100 
6 	 0.183100 
11 	 0.183100 
12 	 0.183100 
13 	 0.183100 
16 	 0.183100 
33 	 0.183100 
42 	 0.183100 
44 	 0.183100 
27 	 0.183800 
2 	 0.184100 
5 	 0.184100 
8 	 0.184100 
15 	 0.184100 
24 	 0.184100 
25 	 0.184100 
28 	 0.184100 
29 	 0.184100 
38 	 0.184100 
41 	 0.184100 
45 	 0.184100 
47 	 0.184100 
1 	 0.185100 
9 	 0.185100 
12 	 0.185100 
14 	 0.185100 
16 	 0.185100 
18 	 0.185100 
19 	 0.185100 
20 	 0.185100 
21 	 0.185100 
36 	 0.185100 
39 	 0.185100 
46 	 0.185100 
49 	 0.185100 
34 	 0.186000 
10 	 0.186100 
11 	 0.186100 
13 	 0.186100 
15 	 0.186100 
17 	 0.186100 
23 	 0.186100 
30 	 0.186100 
32 	 0.186100 
33 	 0.186100 
35 	 0.186100 
37 	 0.186100 
38 	 0.186100 
40 	 0.186100 
42 	 0.186100 
29 	 0.186500 
1 	 0.187100 
2 	 0.187100 
8 	 0.187100 
9 	 0.187100 
12 	 0.187100 
18 	 0.187100 
22 	 0.187100 
31 	 0.187100 
41 	 0.187100 
45 	 0.187100 
46 	 0.187100 
47 	 0.187100 
6 	 0.187300 
27 	 0.187400 
14 	 0.188100 
16 	 0.188100 
19 	 0.188100 
29 	 0.188100 
32 	 0.188100 
36 	 0.188100 
37 	 0.188100 
40 	 0.188100 
42 	 0.188100 
49 	 0.188100 
34 	 0.188300 
28 	 0.188700 
33 	 0.188700 
6 	 0.189100 
12 	 0.189100 
20 	 0.189100 
22 	 0.189100 
25 	 0.189100 
27 	 0.189100 
35 	 0.189100 
44 	 0.189100 
46 	 0.189100 
9 	 0.189200 
24 	 0.189600 
0 	 0.190100 
2 	 0.190100 
16 	 0.190100 
23 	 0.190100 
26 	 0.190100 
37 	 0.190100 
40 	 0.190100 
42 	 0.190100 
43 	 0.190100 
45 	 0.190100 
29 	 0.190200 
10 	 0.190400 
3 	 0.191100 
4 	 0.191100 
9 	 0.191100 
12 	 0.191100 
15 	 0.191100 
17 	 0.191100 
18 	 0.191100 
20 	 0.191100 
21 	 0.191100 
24 	 0.191100 
30 	 0.191100 
33 	 0.191100 
36 	 0.191100 
38 	 0.191100 
39 	 0.191100 
41 	 0.191100 
46 	 0.191100 
47 	 0.191100 
48 	 0.191100 
49 	 0.191100 
34 	 0.192000 
5 	 0.192100 
13 	 0.192100 
14 	 0.192100 
16 	 0.192100 
19 	 0.192100 
25 	 0.192100 
28 	 0.192100 
23 	 0.192300 
42 	 0.192300 
29 	 0.192700 
44 	 0.192700 
15 	 0.192900 
11 	 0.193000 
2 	 0.193100 
3 	 0.193100 
4 	 0.193100 
18 	 0.193100 
26 	 0.193100 
32 	 0.193100 
37 	 0.193100 
38 	 0.193100 
39 	 0.193100 
40 	 0.193100 
41 	 0.193100 
45 	 0.193100 
46 	 0.193100 
48 	 0.193100 
27 	 0.193700 
1 	 0.194100 
5 	 0.194100 
10 	 0.194100 
13 	 0.194100 
21 	 0.194100 
31 	 0.194100 
42 	 0.194100 
47 	 0.194100 
19 	 0.194500 
33 	 0.194700 
24 	 0.195000 
29 	 0.195000 
3 	 0.195100 
9 	 0.195100 
11 	 0.195100 
16 	 0.195100 
18 	 0.195100 
20 	 0.195100 
23 	 0.195100 
37 	 0.195100 
39 	 0.195100 
40 	 0.195100 
44 	 0.195100 
45 	 0.195100 
46 	 0.195100 
7 	 0.195300 
43 	 0.195300 
32 	 0.195700 
1 	 0.196100 
2 	 0.196100 
10 	 0.196100 
12 	 0.196100 
17 	 0.196100 
19 	 0.196100 
21 	 0.196100 
26 	 0.196100 
27 	 0.196100 
28 	 0.196100 
30 	 0.196100 
35 	 0.196100 
41 	 0.196100 
42 	 0.196100 
48 	 0.196100 
5 	 0.196400 
14 	 0.196600 
33 	 0.197000 
16 	 0.197100 
25 	 0.197100 
29 	 0.197100 
32 	 0.197100 
34 	 0.197100 
36 	 0.197100 
37 	 0.197100 
43 	 0.197100 
44 	 0.197100 
46 	 0.197100 
23 	 0.197300 
39 	 0.197800 
1 	 0.198100 
2 	 0.198100 
3 	 0.198100 
7 	 0.198100 
17 	 0.198100 
18 	 0.198100 
21 	 0.198100 
22 	 0.198100 
30 	 0.198100 
31 	 0.198100 
38 	 0.198100 
42 	 0.198100 
45 	 0.198100 
47 	 0.198100 
49 	 0.198100 
48 	 0.198800 
29 	 0.199000 
5 	 0.199100 
9 	 0.199100 
10 	 0.199100 
13 	 0.199100 
15 	 0.199100 
16 	 0.199100 
23 	 0.199100 
27 	 0.199100 
34 	 0.199100 
36 	 0.199100 
43 	 0.199100 
44 	 0.199100 
32 	 0.199300 
20 	 0.199400 
24 	 0.199700 
1 	 0.200100 
2 	 0.200100 
8 	 0.200100 
11 	 0.200100 
12 	 0.200100 
14 	 0.200100 
19 	 0.200100 
21 	 0.200100 
25 	 0.200100 
35 	 0.200100 
40 	 0.200100 
42 	 0.200100 
46 	 0.200100 
48 	 0.200100 
49 	 0.200100 
3 	 0.201100 
9 	 0.201100 
15 	 0.201100 
16 	 0.201100 
17 	 0.201100 
23 	 0.201100 
26 	 0.201100 
27 	 0.201100 
29 	 0.201100 
30 	 0.201100 
31 	 0.201100 
33 	 0.201100 
36 	 0.201100 
39 	 0.201100 
43 	 0.201100 
41 	 0.201200 
20 	 0.201900 
47 	 0.202000 
1 	 0.202100 
2 	 0.202100 
13 	 0.202100 
14 	 0.202100 
18 	 0.202100 
19 	 0.202100 
21 	 0.202100 
24 	 0.202100 
28 	 0.202100 
34 	 0.202100 
38 	 0.202100 
46 	 0.202100 
48 	 0.202100 
44 	 0.202200 
0 	 0.203100 
4 	 0.203100 
8 	 0.203100 
9 	 0.203100 
10 	 0.203100 
12 	 0.203100 
20 	 0.203100 
22 	 0.203100 
30 	 0.203100 
36 	 0.203100 
41 	 0.203100 
42 	 0.203100 
43 	 0.203100 
45 	 0.203100 
29 	 0.203200 
5 	 0.203400 
39 	 0.203500 
23 	 0.203600 
1 	 0.204100 
2 	 0.204100 
11 	 0.204100 
14 	 0.204100 
18 	 0.204100 
19 	 0.204100 
28 	 0.204100 
33 	 0.204100 
37 	 0.204100 
46 	 0.204100 
48 	 0.204100 
44 	 0.204200 
17 	 0.204700 
0 	 0.205100 
5 	 0.205100 
8 	 0.205100 
9 	 0.205100 
12 	 0.205100 
16 	 0.205100 
24 	 0.205100 
25 	 0.205100 
27 	 0.205100 
30 	 0.205100 
31 	 0.205100 
32 	 0.205100 
36 	 0.205100 
40 	 0.205100 
42 	 0.205100 
43 	 0.205100 
29 	 0.205400 
47 	 0.205400 
35 	 0.205700 
1 	 0.206100 
13 	 0.206100 
21 	 0.206100 
22 	 0.206100 
23 	 0.206100 
26 	 0.206100 
33 	 0.206100 
37 	 0.206100 
41 	 0.206100 
49 	 0.206100 
46 	 0.206400 
20 	 0.206600 
39 	 0.206700 
44 	 0.206800 
48 	 0.206800 
2 	 0.207100 
7 	 0.207100 
10 	 0.207100 
16 	 0.207100 
17 	 0.207100 
25 	 0.207100 
27 	 0.207100 
28 	 0.207100 
42 	 0.207100 
45 	 0.207100 
14 	 0.207600 
29 	 0.207800 
0 	 0.208100 
8 	 0.208100 
9 	 0.208100 
11 	 0.208100 
12 	 0.208100 
15 	 0.208100 
18 	 0.208100 
19 	 0.208100 
21 	 0.208100 
23 	 0.208100 
30 	 0.208100 
33 	 0.208100 
37 	 0.208100 
38 	 0.208100 
39 	 0.208100 
40 	 0.208100 
41 	 0.208100 
48 	 0.208100 
46 	 0.208500 
27 	 0.208800 
20 	 0.208900 
24 	 0.209600 
28 	 0.209600 
21 	 0.210000 
12 	 0.210200 
29 	 0.210200 
44 	 0.210500 
30 	 0.210600 
20 	 0.211400 
7 	 0.212100 
34 	 0.212300 
29 	 0.212400 
33 	 0.212600 
27 	 0.212700 
41 	 0.212900 
20 	 0.213100 
47 	 0.213100 
44 	 0.213900 
10 	 0.214300 
48 	 0.214300 
30 	 0.214400 
19 	 0.214600 
23 	 0.214600 
24 	 0.215000 
2 	 0.215100 
3 	 0.215100 
7 	 0.215100 
12 	 0.215100 
13 	 0.215100 
16 	 0.215100 
18 	 0.215100 
20 	 0.215100 
26 	 0.215100 
28 	 0.215100 
29 	 0.215100 
31 	 0.215100 
34 	 0.215100 
37 	 0.215100 
38 	 0.215100 
41 	 0.215100 
42 	 0.215100 
44 	 0.215100 
45 	 0.215100 
46 	 0.215100 
47 	 0.215100 
0 	 0.216100 
4 	 0.216100 
9 	 0.216100 
10 	 0.216100 
17 	 0.216100 
19 	 0.216100 
21 	 0.216100 
22 	 0.216100 
25 	 0.216100 
27 	 0.216100 
30 	 0.216100 
35 	 0.216100 
14 	 0.216200 
3 	 0.217100 
12 	 0.217100 
16 	 0.217100 
18 	 0.217100 
29 	 0.217100 
34 	 0.217100 
36 	 0.217100 
37 	 0.217100 
42 	 0.217100 
43 	 0.217100 
46 	 0.217100 
48 	 0.217100 
1 	 0.218100 
10 	 0.218100 
17 	 0.218100 
23 	 0.218100 
25 	 0.218100 
30 	 0.218100 
32 	 0.218100 
35 	 0.218100 
38 	 0.218100 
39 	 0.218100 
40 	 0.218100 
47 	 0.218100 
49 	 0.218100 
33 	 0.219000 
0 	 0.219100 
12 	 0.219100 
13 	 0.219100 
27 	 0.219100 
28 	 0.219100 
29 	 0.219100 
36 	 0.219100 
41 	 0.219100 
45 	 0.219100 
46 	 0.219100 
44 	 0.219200 
1 	 0.220100 
2 	 0.220100 
10 	 0.220100 
11 	 0.220100 
16 	 0.220100 
18 	 0.220100 
25 	 0.220100 
35 	 0.220100 
37 	 0.220100 
42 	 0.220100 
43 	 0.220100 
48 	 0.220100 
14 	 0.220800 
5 	 0.221100 
7 	 0.221100 
9 	 0.221100 
12 	 0.221100 
13 	 0.221100 
15 	 0.221100 
19 	 0.221100 
21 	 0.221100 
23 	 0.221100 
26 	 0.221100 
27 	 0.221100 
28 	 0.221100 
29 	 0.221100 
32 	 0.221100 
36 	 0.221100 
38 	 0.221100 
39 	 0.221100 
41 	 0.221100 
44 	 0.221100 
46 	 0.221100 
24 	 0.221500 
33 	 0.221700 
2 	 0.222100 
3 	 0.222100 
8 	 0.222100 
22 	 0.222100 
25 	 0.222100 
30 	 0.222100 
42 	 0.222100 
43 	 0.222100 
45 	 0.222100 
47 	 0.222100 
49 	 0.222100 
1 	 0.223100 
4 	 0.223100 
10 	 0.223100 
18 	 0.223100 
20 	 0.223100 
21 	 0.223100 
27 	 0.223100 
33 	 0.223100 
34 	 0.223100 
37 	 0.223100 
38 	 0.223100 
41 	 0.223100 
46 	 0.223100 
29 	 0.223700 
36 	 0.223800 
9 	 0.224100 
16 	 0.224100 
17 	 0.224100 
19 	 0.224100 
23 	 0.224100 
30 	 0.224100 
32 	 0.224100 
35 	 0.224100 
44 	 0.224100 
7 	 0.224200 
24 	 0.224800 
2 	 0.225100 
4 	 0.225100 
10 	 0.225100 
12 	 0.225100 
13 	 0.225100 
20 	 0.225100 
21 	 0.225100 
25 	 0.225100 
29 	 0.225100 
34 	 0.225100 
37 	 0.225100 
39 	 0.225100 
43 	 0.225100 
46 	 0.225100 
49 	 0.225100 
27 	 0.225800 
1 	 0.226100 
3 	 0.226100 
5 	 0.226100 
7 	 0.226100 
8 	 0.226100 
14 	 0.226100 
15 	 0.226100 
16 	 0.226100 
17 	 0.226100 
23 	 0.226100 
24 	 0.226100 
30 	 0.226100 
31 	 0.226100 
32 	 0.226100 
36 	 0.226100 
42 	 0.226100 
19 	 0.226700 
33 	 0.226700 
44 	 0.226700 
0 	 0.227100 
12 	 0.227100 
20 	 0.227100 
28 	 0.227100 
34 	 0.227100 
37 	 0.227100 
43 	 0.227100 
47 	 0.227100 
29 	 0.227300 
41 	 0.227700 
48 	 0.227800 
2 	 0.228100 
3 	 0.228100 
4 	 0.228100 
7 	 0.228100 
14 	 0.228100 
16 	 0.228100 
18 	 0.228100 
19 	 0.228100 
21 	 0.228100 
24 	 0.228100 
30 	 0.228100 
32 	 0.228100 
36 	 0.228100 
40 	 0.228100 
45 	 0.228100 
49 	 0.228100 
27 	 0.228300 
0 	 0.229100 
9 	 0.229100 
10 	 0.229100 
11 	 0.229100 
12 	 0.229100 
22 	 0.229100 
25 	 0.229100 
28 	 0.229100 
35 	 0.229100 
37 	 0.229100 
41 	 0.229100 
42 	 0.229100 
44 	 0.229100 
48 	 0.229100 
15 	 0.229700 
29 	 0.229800 
33 	 0.229800 
32 	 0.229900 
1 	 0.230100 
2 	 0.230100 
18 	 0.230100 
21 	 0.230100 
36 	 0.230100 
14 	 0.230600 
27 	 0.230700 
20 	 0.230900 
5 	 0.231100 
6 	 0.231100 
16 	 0.231100 
19 	 0.231100 
25 	 0.231100 
29 	 0.231100 
30 	 0.231100 
35 	 0.231100 
40 	 0.231100 
41 	 0.231100 
42 	 0.231100 
45 	 0.231100 
46 	 0.231100 
11 	 0.231300 
48 	 0.231800 
0 	 0.232100 
3 	 0.232100 
7 	 0.232100 
8 	 0.232100 
9 	 0.232100 
10 	 0.232100 
12 	 0.232100 
13 	 0.232100 
17 	 0.232100 
20 	 0.232100 
21 	 0.232100 
22 	 0.232100 
27 	 0.232100 
32 	 0.232100 
37 	 0.232100 
43 	 0.232100 
44 	 0.232100 
23 	 0.232300 
24 	 0.232500 
33 	 0.232700 
16 	 0.233100 
26 	 0.233100 
29 	 0.233100 
34 	 0.233100 
38 	 0.233100 
41 	 0.233100 
42 	 0.233100 
48 	 0.233100 
39 	 0.233400 
14 	 0.233600 
40 	 0.233600 
15 	 0.233900 
3 	 0.234100 
12 	 0.234100 
18 	 0.234100 
20 	 0.234100 
21 	 0.234100 
23 	 0.234100 
25 	 0.234100 
27 	 0.234100 
30 	 0.234100 
35 	 0.234100 
37 	 0.234100 
43 	 0.234100 
28 	 0.234500 
47 	 0.234700 
1 	 0.235100 
2 	 0.235100 
5 	 0.235100 
7 	 0.235100 
9 	 0.235100 
15 	 0.235100 
22 	 0.235100 
31 	 0.235100 
36 	 0.235100 
38 	 0.235100 
40 	 0.235100 
41 	 0.235100 
42 	 0.235100 
46 	 0.235100 
49 	 0.235100 
33 	 0.235600 
44 	 0.235700 
48 	 0.236000 
0 	 0.236100 
4 	 0.236100 
6 	 0.236100 
12 	 0.236100 
14 	 0.236100 
16 	 0.236100 
17 	 0.236100 
18 	 0.236100 
19 	 0.236100 
20 	 0.236100 
21 	 0.236100 
23 	 0.236100 
24 	 0.236100 
25 	 0.236100 
30 	 0.236100 
43 	 0.236100 
45 	 0.236100 
29 	 0.236700 
1 	 0.237100 
2 	 0.237100 
3 	 0.237100 
9 	 0.237100 
32 	 0.237100 
33 	 0.237100 
34 	 0.237100 
46 	 0.237100 
31 	 0.237500 
27 	 0.237800 
44 	 0.237800 
41 	 0.238000 
0 	 0.238100 
4 	 0.238100 
8 	 0.238100 
10 	 0.238100 
13 	 0.238100 
14 	 0.238100 
15 	 0.238100 
18 	 0.238100 
19 	 0.238100 
20 	 0.238100 
21 	 0.238100 
24 	 0.238100 
26 	 0.238100 
30 	 0.238100 
42 	 0.238100 
48 	 0.238100 
49 	 0.238100 
11 	 0.238300 
29 	 0.238800 
3 	 0.239100 
5 	 0.239100 
9 	 0.239100 
22 	 0.239100 
23 	 0.239100 
25 	 0.239100 
33 	 0.239100 
35 	 0.239100 
37 	 0.239100 
38 	 0.239100 
43 	 0.239100 
12 	 0.239200 
34 	 0.239400 
32 	 0.239500 
47 	 0.240100 
6 	 0.240500 
7 	 0.240500 
14 	 0.240500 
44 	 0.240500 
31 	 0.241200 
10 	 0.241300 
48 	 0.241300 
20 	 0.241400 
41 	 0.241600 
29 	 0.241700 
30 	 0.242100 
33 	 0.242100 
34 	 0.242100 
23 	 0.242400 
44 	 0.242700 
9 	 0.242800 
24 	 0.242800 
4 	 0.243800 
19 	 0.243800 
20 	 0.243800 
41 	 0.243900 
12 	 0.244500 
29 	 0.244700 
14 	 0.244800 
23 	 0.245700 
20 	 0.246100 
33 	 0.246100 
48 	 0.246300 
21 	 0.247000 
30 	 0.247100 
41 	 0.247100 
31 	 0.247500 
29 	 0.248000 
0 	 0.248100 
4 	 0.248100 
8 	 0.248100 
9 	 0.248100 
11 	 0.248100 
12 	 0.248100 
16 	 0.248100 
20 	 0.248100 
22 	 0.248100 
24 	 0.248100 
26 	 0.248100 
27 	 0.248100 
32 	 0.248100 
37 	 0.248100 
42 	 0.248100 
33 	 0.248900 
5 	 0.249100 
6 	 0.249100 
18 	 0.249100 
19 	 0.249100 
21 	 0.249100 
30 	 0.249100 
35 	 0.249100 
40 	 0.249100 
47 	 0.249200 
14 	 0.249600 
-2 	 -2 
