3 	 0.001100 
4 	 0.001100 
5 	 0.001100 
6 	 0.001100 
8 	 0.001100 
10 	 0.001100 
11 	 0.001100 
13 	 0.001100 
14 	 0.001100 
15 	 0.001100 
18 	 0.001100 
19 	 0.001100 
23 	 0.001100 
24 	 0.001100 
25 	 0.001100 
26 	 0.001100 
27 	 0.001100 
30 	 0.001100 
31 	 0.001100 
32 	 0.001100 
33 	 0.001100 
35 	 0.001100 
39 	 0.001100 
41 	 0.001100 
42 	 0.001100 
47 	 0.001100 
48 	 0.001100 
49 	 0.001100 
2 	 0.002100 
12 	 0.002100 
20 	 0.002100 
22 	 0.002100 
28 	 0.002100 
29 	 0.002100 
34 	 0.002100 
37 	 0.002100 
38 	 0.002100 
1 	 0.003100 
3 	 0.003100 
4 	 0.003100 
6 	 0.003100 
8 	 0.003100 
9 	 0.003100 
10 	 0.003100 
11 	 0.003100 
14 	 0.003100 
18 	 0.003100 
19 	 0.003100 
23 	 0.003100 
24 	 0.003100 
25 	 0.003100 
27 	 0.003100 
39 	 0.003100 
40 	 0.003100 
41 	 0.003100 
42 	 0.003100 
46 	 0.003100 
47 	 0.003100 
48 	 0.003100 
49 	 0.003100 
0 	 0.004100 
5 	 0.004100 
12 	 0.004100 
21 	 0.004100 
28 	 0.004100 
30 	 0.004100 
32 	 0.004100 
33 	 0.004100 
34 	 0.004100 
37 	 0.004100 
38 	 0.004100 
44 	 0.004100 
45 	 0.004100 
26 	 0.004300 
35 	 0.004900 
3 	 0.005100 
4 	 0.005100 
6 	 0.005100 
8 	 0.005100 
10 	 0.005100 
11 	 0.005100 
13 	 0.005100 
17 	 0.005100 
18 	 0.005100 
19 	 0.005100 
22 	 0.005100 
24 	 0.005100 
25 	 0.005100 
29 	 0.005100 
39 	 0.005100 
41 	 0.005100 
48 	 0.005100 
49 	 0.005100 
15 	 0.005800 
2 	 0.006100 
5 	 0.006100 
9 	 0.006100 
12 	 0.006100 
20 	 0.006100 
23 	 0.006100 
28 	 0.006100 
30 	 0.006100 
33 	 0.006100 
34 	 0.006100 
35 	 0.006100 
37 	 0.006100 
38 	 0.006100 
46 	 0.006100 
47 	 0.006100 
8 	 0.006900 
44 	 0.007000 
3 	 0.007100 
6 	 0.007100 
10 	 0.007100 
11 	 0.007100 
14 	 0.007100 
15 	 0.007100 
16 	 0.007100 
17 	 0.007100 
18 	 0.007100 
19 	 0.007100 
21 	 0.007100 
22 	 0.007100 
24 	 0.007100 
25 	 0.007100 
29 	 0.007100 
31 	 0.007100 
39 	 0.007100 
40 	 0.007100 
41 	 0.007100 
43 	 0.007100 
48 	 0.007100 
49 	 0.007100 
4 	 0.007900 
0 	 0.008100 
8 	 0.008100 
9 	 0.008100 
12 	 0.008100 
13 	 0.008100 
20 	 0.008100 
26 	 0.008100 
27 	 0.008100 
28 	 0.008100 
32 	 0.008100 
33 	 0.008100 
34 	 0.008100 
35 	 0.008100 
37 	 0.008100 
38 	 0.008100 
42 	 0.008100 
45 	 0.008100 
47 	 0.008100 
2 	 0.009100 
3 	 0.009100 
4 	 0.009100 
5 	 0.009100 
6 	 0.009100 
7 	 0.009100 
10 	 0.009100 
14 	 0.009100 
15 	 0.009100 
16 	 0.009100 
22 	 0.009100 
23 	 0.009100 
24 	 0.009100 
25 	 0.009100 
29 	 0.009100 
30 	 0.009100 
31 	 0.009100 
41 	 0.009100 
46 	 0.009100 
48 	 0.009100 
49 	 0.009100 
44 	 0.009200 
40 	 0.009700 
42 	 0.009900 
8 	 0.010100 
11 	 0.010100 
12 	 0.010100 
17 	 0.010100 
18 	 0.010100 
27 	 0.010100 
32 	 0.010100 
33 	 0.010100 
35 	 0.010100 
36 	 0.010100 
38 	 0.010100 
39 	 0.010100 
45 	 0.010100 
21 	 0.010200 
20 	 0.010500 
44 	 0.011000 
14 	 0.011100 
23 	 0.011300 
26 	 0.011300 
15 	 0.011500 
21 	 0.012000 
3 	 0.012100 
4 	 0.012100 
5 	 0.012100 
6 	 0.012100 
10 	 0.012100 
11 	 0.012100 
12 	 0.012100 
13 	 0.012100 
16 	 0.012100 
18 	 0.012100 
19 	 0.012100 
20 	 0.012100 
22 	 0.012100 
24 	 0.012100 
25 	 0.012100 
28 	 0.012100 
30 	 0.012100 
33 	 0.012100 
34 	 0.012100 
35 	 0.012100 
37 	 0.012100 
38 	 0.012100 
39 	 0.012100 
40 	 0.012100 
41 	 0.012100 
42 	 0.012100 
45 	 0.012100 
48 	 0.012100 
44 	 0.013000 
0 	 0.013100 
2 	 0.013100 
7 	 0.013100 
8 	 0.013100 
14 	 0.013100 
26 	 0.013100 
27 	 0.013100 
32 	 0.013100 
43 	 0.013100 
46 	 0.013100 
47 	 0.013100 
21 	 0.013600 
15 	 0.013700 
24 	 0.013800 
1 	 0.014100 
3 	 0.014100 
5 	 0.014100 
11 	 0.014100 
12 	 0.014100 
13 	 0.014100 
17 	 0.014100 
19 	 0.014100 
20 	 0.014100 
23 	 0.014100 
30 	 0.014100 
33 	 0.014100 
35 	 0.014100 
36 	 0.014100 
38 	 0.014100 
40 	 0.014100 
41 	 0.014100 
42 	 0.014100 
45 	 0.014100 
48 	 0.014100 
44 	 0.015000 
16 	 0.015400 
21 	 0.015600 
27 	 0.015800 
39 	 0.015900 
2 	 0.016100 
3 	 0.016100 
5 	 0.016100 
8 	 0.016100 
10 	 0.016100 
11 	 0.016100 
12 	 0.016100 
13 	 0.016100 
14 	 0.016100 
15 	 0.016100 
18 	 0.016100 
19 	 0.016100 
20 	 0.016100 
23 	 0.016100 
24 	 0.016100 
26 	 0.016100 
28 	 0.016100 
29 	 0.016100 
30 	 0.016100 
33 	 0.016100 
34 	 0.016100 
35 	 0.016100 
36 	 0.016100 
37 	 0.016100 
38 	 0.016100 
40 	 0.016100 
42 	 0.016100 
48 	 0.016100 
32 	 0.016900 
4 	 0.017100 
16 	 0.017100 
21 	 0.017100 
22 	 0.017100 
25 	 0.017100 
27 	 0.017100 
31 	 0.017100 
39 	 0.017100 
41 	 0.017100 
44 	 0.017100 
46 	 0.017100 
47 	 0.017100 
49 	 0.017100 
24 	 0.017900 
45 	 0.017900 
35 	 0.018000 
0 	 0.018100 
3 	 0.018100 
5 	 0.018100 
8 	 0.018100 
10 	 0.018100 
13 	 0.018100 
15 	 0.018100 
17 	 0.018100 
18 	 0.018100 
19 	 0.018100 
20 	 0.018100 
23 	 0.018100 
28 	 0.018100 
29 	 0.018100 
33 	 0.018100 
34 	 0.018100 
36 	 0.018100 
37 	 0.018100 
38 	 0.018100 
40 	 0.018100 
48 	 0.018100 
42 	 0.018300 
14 	 0.018900 
1 	 0.019100 
2 	 0.019100 
4 	 0.019100 
12 	 0.019100 
16 	 0.019100 
21 	 0.019100 
24 	 0.019100 
25 	 0.019100 
32 	 0.019100 
39 	 0.019100 
41 	 0.019100 
43 	 0.019100 
46 	 0.019100 
47 	 0.019100 
45 	 0.019700 
44 	 0.019900 
3 	 0.020100 
10 	 0.020100 
14 	 0.020100 
15 	 0.020100 
17 	 0.020100 
18 	 0.020100 
20 	 0.020100 
23 	 0.020100 
26 	 0.020100 
27 	 0.020100 
28 	 0.020100 
29 	 0.020100 
30 	 0.020100 
31 	 0.020100 
34 	 0.020100 
35 	 0.020100 
37 	 0.020100 
38 	 0.020100 
40 	 0.020100 
42 	 0.020100 
48 	 0.020100 
49 	 0.020100 
22 	 0.020800 
39 	 0.020900 
0 	 0.021100 
2 	 0.021100 
5 	 0.021100 
6 	 0.021100 
12 	 0.021100 
16 	 0.021100 
21 	 0.021100 
24 	 0.021100 
25 	 0.021100 
32 	 0.021100 
33 	 0.021100 
36 	 0.021100 
41 	 0.021100 
44 	 0.021100 
47 	 0.021100 
4 	 0.021600 
8 	 0.021900 
31 	 0.021900 
30 	 0.022100 
27 	 0.022200 
15 	 0.022600 
46 	 0.022900 
39 	 0.023000 
0 	 0.023100 
3 	 0.023100 
9 	 0.023100 
10 	 0.023100 
11 	 0.023100 
12 	 0.023100 
13 	 0.023100 
14 	 0.023100 
16 	 0.023100 
18 	 0.023100 
23 	 0.023100 
26 	 0.023100 
31 	 0.023100 
32 	 0.023100 
33 	 0.023100 
34 	 0.023100 
35 	 0.023100 
36 	 0.023100 
37 	 0.023100 
38 	 0.023100 
40 	 0.023100 
41 	 0.023100 
43 	 0.023100 
44 	 0.023100 
48 	 0.023100 
24 	 0.023200 
42 	 0.023600 
4 	 0.023800 
45 	 0.023800 
5 	 0.024100 
6 	 0.024100 
8 	 0.024100 
15 	 0.024100 
17 	 0.024100 
22 	 0.024100 
25 	 0.024100 
28 	 0.024100 
30 	 0.024100 
27 	 0.024700 
21 	 0.025000 
35 	 0.025000 
3 	 0.025100 
4 	 0.025100 
7 	 0.025100 
9 	 0.025100 
10 	 0.025100 
11 	 0.025100 
12 	 0.025100 
13 	 0.025100 
16 	 0.025100 
18 	 0.025100 
19 	 0.025100 
20 	 0.025100 
23 	 0.025100 
24 	 0.025100 
26 	 0.025100 
32 	 0.025100 
33 	 0.025100 
34 	 0.025100 
37 	 0.025100 
38 	 0.025100 
39 	 0.025100 
40 	 0.025100 
41 	 0.025100 
42 	 0.025100 
45 	 0.025100 
46 	 0.025100 
48 	 0.025100 
44 	 0.025900 
0 	 0.026100 
2 	 0.026100 
5 	 0.026100 
6 	 0.026100 
14 	 0.026100 
17 	 0.026100 
22 	 0.026100 
27 	 0.026100 
29 	 0.026100 
30 	 0.026100 
31 	 0.026100 
36 	 0.026100 
43 	 0.026100 
8 	 0.026800 
35 	 0.027000 
1 	 0.027100 
3 	 0.027100 
4 	 0.027100 
7 	 0.027100 
10 	 0.027100 
12 	 0.027100 
15 	 0.027100 
19 	 0.027100 
20 	 0.027100 
23 	 0.027100 
24 	 0.027100 
25 	 0.027100 
26 	 0.027100 
28 	 0.027100 
32 	 0.027100 
33 	 0.027100 
34 	 0.027100 
37 	 0.027100 
38 	 0.027100 
39 	 0.027100 
40 	 0.027100 
41 	 0.027100 
42 	 0.027100 
45 	 0.027100 
46 	 0.027100 
47 	 0.027100 
48 	 0.027100 
44 	 0.027600 
2 	 0.028100 
6 	 0.028100 
8 	 0.028100 
11 	 0.028100 
13 	 0.028100 
17 	 0.028100 
18 	 0.028100 
29 	 0.028100 
30 	 0.028100 
36 	 0.028100 
43 	 0.028100 
49 	 0.028100 
27 	 0.028400 
24 	 0.029000 
1 	 0.029100 
3 	 0.029100 
9 	 0.029100 
10 	 0.029100 
12 	 0.029100 
15 	 0.029100 
16 	 0.029100 
19 	 0.029100 
20 	 0.029100 
21 	 0.029100 
23 	 0.029100 
26 	 0.029100 
28 	 0.029100 
33 	 0.029100 
34 	 0.029100 
37 	 0.029100 
38 	 0.029100 
39 	 0.029100 
40 	 0.029100 
41 	 0.029100 
44 	 0.029100 
46 	 0.029100 
48 	 0.029100 
0 	 0.030500 
11 	 0.030800 
24 	 0.030900 
44 	 0.030900 
45 	 0.030900 
1 	 0.031100 
2 	 0.031100 
3 	 0.031100 
5 	 0.031100 
6 	 0.031100 
10 	 0.031100 
12 	 0.031100 
14 	 0.031100 
19 	 0.031100 
20 	 0.031100 
21 	 0.031100 
23 	 0.031100 
25 	 0.031100 
26 	 0.031100 
27 	 0.031100 
30 	 0.031100 
32 	 0.031100 
33 	 0.031100 
35 	 0.031100 
37 	 0.031100 
38 	 0.031100 
39 	 0.031100 
41 	 0.031100 
42 	 0.031100 
43 	 0.031100 
46 	 0.031100 
48 	 0.031100 
49 	 0.031100 
15 	 0.031600 
0 	 0.032100 
4 	 0.032100 
7 	 0.032100 
9 	 0.032100 
11 	 0.032100 
17 	 0.032100 
18 	 0.032100 
22 	 0.032100 
24 	 0.032100 
28 	 0.032100 
29 	 0.032100 
31 	 0.032100 
34 	 0.032100 
36 	 0.032100 
44 	 0.032100 
14 	 0.032700 
30 	 0.032900 
2 	 0.033100 
8 	 0.033100 
10 	 0.033100 
12 	 0.033100 
13 	 0.033100 
19 	 0.033100 
20 	 0.033100 
23 	 0.033100 
25 	 0.033100 
27 	 0.033100 
32 	 0.033100 
33 	 0.033100 
35 	 0.033100 
37 	 0.033100 
38 	 0.033100 
39 	 0.033100 
40 	 0.033100 
48 	 0.033100 
21 	 0.033400 
6 	 0.033900 
1 	 0.034100 
3 	 0.034100 
4 	 0.034100 
9 	 0.034100 
11 	 0.034100 
14 	 0.034100 
15 	 0.034100 
16 	 0.034100 
17 	 0.034100 
24 	 0.034100 
28 	 0.034100 
30 	 0.034100 
36 	 0.034100 
41 	 0.034100 
44 	 0.034100 
46 	 0.034100 
49 	 0.034100 
7 	 0.034700 
2 	 0.035100 
5 	 0.035100 
6 	 0.035100 
13 	 0.035100 
18 	 0.035100 
20 	 0.035100 
21 	 0.035100 
22 	 0.035100 
23 	 0.035100 
26 	 0.035100 
33 	 0.035100 
34 	 0.035100 
35 	 0.035100 
37 	 0.035100 
38 	 0.035100 
39 	 0.035100 
40 	 0.035100 
45 	 0.035100 
47 	 0.035100 
48 	 0.035100 
27 	 0.035200 
42 	 0.035300 
0 	 0.035400 
24 	 0.035800 
1 	 0.036100 
3 	 0.036100 
4 	 0.036100 
8 	 0.036100 
9 	 0.036100 
10 	 0.036100 
11 	 0.036100 
12 	 0.036100 
15 	 0.036100 
19 	 0.036100 
25 	 0.036100 
28 	 0.036100 
30 	 0.036100 
32 	 0.036100 
41 	 0.036100 
29 	 0.036200 
44 	 0.036700 
48 	 0.037000 
36 	 0.037100 
16 	 0.037200 
21 	 0.037200 
22 	 0.037200 
18 	 0.037400 
39 	 0.037800 
45 	 0.037800 
2 	 0.038100 
5 	 0.038100 
6 	 0.038100 
8 	 0.038100 
9 	 0.038100 
11 	 0.038100 
14 	 0.038100 
15 	 0.038100 
19 	 0.038100 
20 	 0.038100 
23 	 0.038100 
24 	 0.038100 
25 	 0.038100 
26 	 0.038100 
27 	 0.038100 
28 	 0.038100 
30 	 0.038100 
32 	 0.038100 
33 	 0.038100 
37 	 0.038100 
38 	 0.038100 
42 	 0.038100 
46 	 0.038100 
49 	 0.038100 
4 	 0.039000 
29 	 0.039000 
3 	 0.039100 
7 	 0.039100 
10 	 0.039100 
12 	 0.039100 
13 	 0.039100 
16 	 0.039100 
17 	 0.039100 
31 	 0.039100 
34 	 0.039100 
35 	 0.039100 
36 	 0.039100 
39 	 0.039100 
41 	 0.039100 
44 	 0.039100 
45 	 0.039100 
47 	 0.039100 
48 	 0.039100 
24 	 0.039900 
1 	 0.040100 
5 	 0.040100 
6 	 0.040100 
9 	 0.040100 
11 	 0.040100 
14 	 0.040100 
18 	 0.040100 
19 	 0.040100 
20 	 0.040100 
23 	 0.040100 
25 	 0.040100 
27 	 0.040100 
28 	 0.040100 
32 	 0.040100 
33 	 0.040100 
37 	 0.040100 
38 	 0.040100 
40 	 0.040100 
43 	 0.040100 
46 	 0.040100 
49 	 0.040100 
22 	 0.040200 
15 	 0.040300 
0 	 0.040400 
8 	 0.040800 
21 	 0.041000 
3 	 0.041100 
4 	 0.041100 
12 	 0.041100 
13 	 0.041100 
17 	 0.041100 
24 	 0.041100 
26 	 0.041100 
29 	 0.041100 
30 	 0.041100 
31 	 0.041100 
34 	 0.041100 
39 	 0.041100 
41 	 0.041100 
44 	 0.041100 
47 	 0.041100 
48 	 0.041100 
42 	 0.041200 
11 	 0.042000 
1 	 0.042100 
5 	 0.042100 
6 	 0.042100 
7 	 0.042100 
8 	 0.042100 
9 	 0.042100 
10 	 0.042100 
14 	 0.042100 
15 	 0.042100 
16 	 0.042100 
18 	 0.042100 
19 	 0.042100 
20 	 0.042100 
23 	 0.042100 
27 	 0.042100 
28 	 0.042100 
32 	 0.042100 
33 	 0.042100 
35 	 0.042100 
36 	 0.042100 
37 	 0.042100 
38 	 0.042100 
43 	 0.042100 
46 	 0.042100 
49 	 0.042100 
13 	 0.042800 
45 	 0.043000 
2 	 0.043100 
4 	 0.043100 
12 	 0.043100 
21 	 0.043100 
22 	 0.043100 
24 	 0.043100 
25 	 0.043100 
26 	 0.043100 
30 	 0.043100 
31 	 0.043100 
39 	 0.043100 
40 	 0.043100 
41 	 0.043100 
44 	 0.043100 
47 	 0.043100 
0 	 0.043500 
35 	 0.044000 
38 	 0.044000 
8 	 0.044100 
27 	 0.044200 
42 	 0.044300 
45 	 0.044600 
15 	 0.044700 
17 	 0.044800 
47 	 0.044900 
30 	 0.045000 
39 	 0.045100 
21 	 0.045400 
44 	 0.045400 
0 	 0.046100 
2 	 0.046100 
3 	 0.046100 
4 	 0.046100 
5 	 0.046100 
6 	 0.046100 
7 	 0.046100 
10 	 0.046100 
11 	 0.046100 
13 	 0.046100 
14 	 0.046100 
17 	 0.046100 
18 	 0.046100 
19 	 0.046100 
22 	 0.046100 
23 	 0.046100 
24 	 0.046100 
25 	 0.046100 
27 	 0.046100 
28 	 0.046100 
32 	 0.046100 
33 	 0.046100 
34 	 0.046100 
35 	 0.046100 
38 	 0.046100 
40 	 0.046100 
41 	 0.046100 
42 	 0.046100 
43 	 0.046100 
45 	 0.046100 
46 	 0.046100 
48 	 0.046100 
39 	 0.047000 
9 	 0.047100 
12 	 0.047100 
20 	 0.047100 
30 	 0.047100 
36 	 0.047100 
49 	 0.047100 
15 	 0.047500 
48 	 0.047700 
8 	 0.047800 
44 	 0.047900 
1 	 0.048100 
2 	 0.048100 
3 	 0.048100 
7 	 0.048100 
11 	 0.048100 
14 	 0.048100 
16 	 0.048100 
17 	 0.048100 
18 	 0.048100 
19 	 0.048100 
21 	 0.048100 
22 	 0.048100 
23 	 0.048100 
24 	 0.048100 
26 	 0.048100 
28 	 0.048100 
29 	 0.048100 
31 	 0.048100 
35 	 0.048100 
38 	 0.048100 
40 	 0.048100 
46 	 0.048100 
27 	 0.048500 
6 	 0.049100 
9 	 0.049100 
12 	 0.049100 
13 	 0.049100 
15 	 0.049100 
32 	 0.049100 
33 	 0.049100 
34 	 0.049100 
36 	 0.049100 
37 	 0.049100 
39 	 0.049100 
41 	 0.049100 
43 	 0.049100 
45 	 0.049100 
48 	 0.049100 
24 	 0.049800 
30 	 0.050000 
0 	 0.050100 
2 	 0.050100 
4 	 0.050100 
5 	 0.050100 
10 	 0.050100 
11 	 0.050100 
16 	 0.050100 
17 	 0.050100 
18 	 0.050100 
19 	 0.050100 
22 	 0.050100 
23 	 0.050100 
25 	 0.050100 
26 	 0.050100 
28 	 0.050100 
31 	 0.050100 
38 	 0.050100 
42 	 0.050100 
49 	 0.050100 
44 	 0.050200 
27 	 0.050500 
46 	 0.050600 
21 	 0.051000 
3 	 0.051100 
6 	 0.051100 
8 	 0.051100 
12 	 0.051100 
13 	 0.051100 
32 	 0.051100 
33 	 0.051100 
34 	 0.051100 
35 	 0.051100 
39 	 0.051100 
40 	 0.051100 
41 	 0.051100 
48 	 0.051100 
15 	 0.051700 
30 	 0.051700 
45 	 0.051900 
5 	 0.052100 
7 	 0.052100 
9 	 0.052100 
10 	 0.052100 
14 	 0.052100 
16 	 0.052100 
18 	 0.052100 
19 	 0.052100 
23 	 0.052100 
24 	 0.052100 
26 	 0.052100 
27 	 0.052100 
28 	 0.052100 
31 	 0.052100 
36 	 0.052100 
37 	 0.052100 
38 	 0.052100 
42 	 0.052100 
43 	 0.052100 
44 	 0.052100 
46 	 0.052100 
47 	 0.052100 
22 	 0.052200 
11 	 0.052400 
4 	 0.052500 
0 	 0.053800 
21 	 0.053800 
39 	 0.053900 
45 	 0.053900 
3 	 0.054100 
5 	 0.054100 
6 	 0.054100 
10 	 0.054100 
11 	 0.054100 
12 	 0.054100 
13 	 0.054100 
15 	 0.054100 
17 	 0.054100 
19 	 0.054100 
20 	 0.054100 
22 	 0.054100 
23 	 0.054100 
25 	 0.054100 
28 	 0.054100 
30 	 0.054100 
31 	 0.054100 
32 	 0.054100 
33 	 0.054100 
35 	 0.054100 
36 	 0.054100 
37 	 0.054100 
38 	 0.054100 
40 	 0.054100 
41 	 0.054100 
42 	 0.054100 
46 	 0.054100 
47 	 0.054100 
48 	 0.054100 
24 	 0.054900 
4 	 0.055000 
27 	 0.055000 
1 	 0.055100 
9 	 0.055100 
26 	 0.055100 
34 	 0.055100 
39 	 0.055100 
43 	 0.055100 
49 	 0.055100 
44 	 0.055300 
8 	 0.055600 
2 	 0.056100 
3 	 0.056100 
6 	 0.056100 
10 	 0.056100 
12 	 0.056100 
15 	 0.056100 
17 	 0.056100 
19 	 0.056100 
22 	 0.056100 
24 	 0.056100 
25 	 0.056100 
28 	 0.056100 
29 	 0.056100 
30 	 0.056100 
31 	 0.056100 
33 	 0.056100 
35 	 0.056100 
36 	 0.056100 
37 	 0.056100 
38 	 0.056100 
40 	 0.056100 
41 	 0.056100 
0 	 0.056500 
27 	 0.057000 
5 	 0.057100 
8 	 0.057100 
11 	 0.057100 
16 	 0.057100 
18 	 0.057100 
20 	 0.057100 
21 	 0.057100 
23 	 0.057100 
26 	 0.057100 
32 	 0.057100 
39 	 0.057100 
44 	 0.057100 
46 	 0.057100 
48 	 0.057100 
42 	 0.057200 
24 	 0.057600 
30 	 0.057900 
45 	 0.057900 
3 	 0.058100 
4 	 0.058100 
7 	 0.058100 
10 	 0.058100 
12 	 0.058100 
14 	 0.058100 
19 	 0.058100 
25 	 0.058100 
28 	 0.058100 
29 	 0.058100 
31 	 0.058100 
33 	 0.058100 
35 	 0.058100 
36 	 0.058100 
37 	 0.058100 
38 	 0.058100 
41 	 0.058100 
43 	 0.058100 
15 	 0.058300 
27 	 0.058700 
23 	 0.058900 
39 	 0.058900 
11 	 0.059000 
0 	 0.059100 
8 	 0.059100 
9 	 0.059100 
18 	 0.059100 
20 	 0.059100 
22 	 0.059100 
24 	 0.059100 
26 	 0.059100 
30 	 0.059100 
32 	 0.059100 
40 	 0.059100 
45 	 0.059100 
48 	 0.059100 
42 	 0.059300 
21 	 0.059400 
44 	 0.059800 
36 	 0.060200 
15 	 0.060500 
12 	 0.060800 
35 	 0.060800 
22 	 0.060900 
24 	 0.060900 
4 	 0.061000 
11 	 0.061000 
8 	 0.061100 
27 	 0.061200 
31 	 0.061300 
46 	 0.061400 
21 	 0.061500 
32 	 0.061600 
40 	 0.061700 
3 	 0.061800 
44 	 0.061800 
5 	 0.062100 
6 	 0.062100 
9 	 0.062100 
10 	 0.062100 
12 	 0.062100 
13 	 0.062100 
14 	 0.062100 
15 	 0.062100 
16 	 0.062100 
18 	 0.062100 
22 	 0.062100 
23 	 0.062100 
24 	 0.062100 
25 	 0.062100 
26 	 0.062100 
28 	 0.062100 
30 	 0.062100 
33 	 0.062100 
36 	 0.062100 
38 	 0.062100 
39 	 0.062100 
41 	 0.062100 
42 	 0.062100 
43 	 0.062100 
45 	 0.062100 
47 	 0.062100 
48 	 0.062100 
49 	 0.062100 
4 	 0.062900 
35 	 0.063000 
2 	 0.063100 
3 	 0.063100 
7 	 0.063100 
8 	 0.063100 
11 	 0.063100 
17 	 0.063100 
19 	 0.063100 
27 	 0.063100 
29 	 0.063100 
32 	 0.063100 
37 	 0.063100 
40 	 0.063100 
44 	 0.063100 
46 	 0.063400 
13 	 0.063900 
18 	 0.064000 
5 	 0.064100 
6 	 0.064100 
10 	 0.064100 
12 	 0.064100 
15 	 0.064100 
16 	 0.064100 
20 	 0.064100 
21 	 0.064100 
22 	 0.064100 
23 	 0.064100 
24 	 0.064100 
28 	 0.064100 
31 	 0.064100 
33 	 0.064100 
38 	 0.064100 
39 	 0.064100 
41 	 0.064100 
42 	 0.064100 
47 	 0.064100 
48 	 0.064100 
49 	 0.064100 
45 	 0.064400 
4 	 0.064800 
7 	 0.065100 
8 	 0.065100 
9 	 0.065100 
17 	 0.065100 
19 	 0.065100 
25 	 0.065100 
29 	 0.065100 
30 	 0.065100 
32 	 0.065100 
35 	 0.065100 
37 	 0.065100 
40 	 0.065100 
43 	 0.065100 
44 	 0.065100 
46 	 0.065100 
14 	 0.065200 
0 	 0.065400 
11 	 0.065800 
24 	 0.065800 
1 	 0.066100 
2 	 0.066100 
3 	 0.066100 
4 	 0.066100 
6 	 0.066100 
12 	 0.066100 
13 	 0.066100 
16 	 0.066100 
18 	 0.066100 
20 	 0.066100 
22 	 0.066100 
23 	 0.066100 
28 	 0.066100 
31 	 0.066100 
34 	 0.066100 
36 	 0.066100 
38 	 0.066100 
39 	 0.066100 
41 	 0.066100 
48 	 0.066100 
21 	 0.066400 
15 	 0.066700 
45 	 0.066900 
9 	 0.067100 
10 	 0.067100 
11 	 0.067100 
17 	 0.067100 
19 	 0.067100 
24 	 0.067100 
26 	 0.067100 
29 	 0.067100 
30 	 0.067100 
33 	 0.067100 
37 	 0.067100 
40 	 0.067100 
42 	 0.067100 
44 	 0.067100 
47 	 0.067100 
14 	 0.067300 
27 	 0.067400 
0 	 0.067900 
25 	 0.068000 
1 	 0.068100 
3 	 0.068100 
4 	 0.068100 
5 	 0.068100 
6 	 0.068100 
7 	 0.068100 
8 	 0.068100 
12 	 0.068100 
13 	 0.068100 
15 	 0.068100 
18 	 0.068100 
22 	 0.068100 
23 	 0.068100 
28 	 0.068100 
31 	 0.068100 
32 	 0.068100 
34 	 0.068100 
35 	 0.068100 
38 	 0.068100 
39 	 0.068100 
41 	 0.068100 
43 	 0.068100 
46 	 0.068100 
48 	 0.068100 
45 	 0.068800 
47 	 0.069000 
2 	 0.069100 
9 	 0.069100 
10 	 0.069100 
11 	 0.069100 
14 	 0.069100 
16 	 0.069100 
20 	 0.069100 
24 	 0.069100 
26 	 0.069100 
27 	 0.069100 
30 	 0.069100 
33 	 0.069100 
36 	 0.069100 
37 	 0.069100 
42 	 0.069100 
19 	 0.069300 
21 	 0.069400 
40 	 0.069700 
44 	 0.069900 
35 	 0.070000 
3 	 0.070100 
5 	 0.070100 
6 	 0.070100 
12 	 0.070100 
13 	 0.070100 
15 	 0.070100 
17 	 0.070100 
18 	 0.070100 
22 	 0.070100 
23 	 0.070100 
25 	 0.070100 
28 	 0.070100 
31 	 0.070100 
38 	 0.070100 
39 	 0.070100 
41 	 0.070100 
43 	 0.070100 
46 	 0.070100 
48 	 0.070100 
1 	 0.071100 
2 	 0.071100 
4 	 0.071100 
10 	 0.071100 
11 	 0.071100 
19 	 0.071100 
24 	 0.071100 
26 	 0.071100 
27 	 0.071100 
30 	 0.071100 
33 	 0.071100 
36 	 0.071100 
37 	 0.071100 
49 	 0.071100 
45 	 0.071200 
44 	 0.071500 
8 	 0.071700 
32 	 0.071700 
0 	 0.072100 
3 	 0.072100 
5 	 0.072100 
6 	 0.072100 
7 	 0.072100 
9 	 0.072100 
15 	 0.072100 
17 	 0.072100 
20 	 0.072100 
21 	 0.072100 
22 	 0.072100 
23 	 0.072100 
25 	 0.072100 
28 	 0.072100 
29 	 0.072100 
35 	 0.072100 
38 	 0.072100 
39 	 0.072100 
41 	 0.072100 
42 	 0.072100 
47 	 0.072100 
48 	 0.072100 
31 	 0.072600 
46 	 0.072900 
12 	 0.073300 
11 	 0.073600 
32 	 0.073600 
45 	 0.073600 
8 	 0.073700 
24 	 0.073700 
44 	 0.074000 
27 	 0.074100 
39 	 0.074400 
4 	 0.074500 
15 	 0.074800 
14 	 0.075000 
0 	 0.075100 
2 	 0.075100 
3 	 0.075100 
5 	 0.075100 
10 	 0.075100 
12 	 0.075100 
16 	 0.075100 
17 	 0.075100 
20 	 0.075100 
22 	 0.075100 
24 	 0.075100 
25 	 0.075100 
26 	 0.075100 
28 	 0.075100 
29 	 0.075100 
30 	 0.075100 
31 	 0.075100 
35 	 0.075100 
37 	 0.075100 
38 	 0.075100 
41 	 0.075100 
42 	 0.075100 
43 	 0.075100 
45 	 0.075100 
48 	 0.075100 
49 	 0.075100 
11 	 0.075500 
8 	 0.075700 
44 	 0.075900 
21 	 0.076000 
6 	 0.076100 
9 	 0.076100 
13 	 0.076100 
18 	 0.076100 
19 	 0.076100 
27 	 0.076100 
32 	 0.076100 
33 	 0.076100 
34 	 0.076100 
36 	 0.076100 
39 	 0.076100 
40 	 0.076100 
46 	 0.076100 
24 	 0.076600 
1 	 0.077100 
4 	 0.077100 
5 	 0.077100 
8 	 0.077100 
10 	 0.077100 
11 	 0.077100 
12 	 0.077100 
17 	 0.077100 
25 	 0.077100 
26 	 0.077100 
28 	 0.077100 
30 	 0.077100 
38 	 0.077100 
41 	 0.077100 
47 	 0.077100 
48 	 0.077100 
7 	 0.077600 
44 	 0.077900 
21 	 0.078000 
0 	 0.078100 
3 	 0.078100 
13 	 0.078100 
15 	 0.078100 
16 	 0.078100 
18 	 0.078100 
19 	 0.078100 
20 	 0.078100 
23 	 0.078100 
24 	 0.078100 
27 	 0.078100 
29 	 0.078100 
33 	 0.078100 
34 	 0.078100 
35 	 0.078100 
36 	 0.078100 
39 	 0.078100 
40 	 0.078100 
46 	 0.078100 
49 	 0.078100 
14 	 0.078700 
42 	 0.078800 
1 	 0.079100 
2 	 0.079100 
4 	 0.079100 
5 	 0.079100 
8 	 0.079100 
10 	 0.079100 
12 	 0.079100 
17 	 0.079100 
25 	 0.079100 
26 	 0.079100 
28 	 0.079100 
30 	 0.079100 
32 	 0.079100 
37 	 0.079100 
38 	 0.079100 
43 	 0.079100 
45 	 0.079100 
48 	 0.079100 
47 	 0.079700 
24 	 0.079800 
3 	 0.080100 
6 	 0.080100 
7 	 0.080100 
9 	 0.080100 
11 	 0.080100 
13 	 0.080100 
14 	 0.080100 
15 	 0.080100 
18 	 0.080100 
19 	 0.080100 
20 	 0.080100 
21 	 0.080100 
23 	 0.080100 
27 	 0.080100 
31 	 0.080100 
33 	 0.080100 
34 	 0.080100 
35 	 0.080100 
36 	 0.080100 
39 	 0.080100 
41 	 0.080100 
44 	 0.080100 
46 	 0.080100 
49 	 0.080100 
0 	 0.081100 
5 	 0.081100 
8 	 0.081100 
10 	 0.081100 
12 	 0.081100 
17 	 0.081100 
22 	 0.081100 
24 	 0.081100 
25 	 0.081100 
26 	 0.081100 
28 	 0.081100 
29 	 0.081100 
30 	 0.081100 
32 	 0.081100 
37 	 0.081100 
38 	 0.081100 
40 	 0.081100 
42 	 0.081100 
43 	 0.081100 
45 	 0.081100 
47 	 0.081100 
48 	 0.081100 
4 	 0.081900 
3 	 0.082100 
11 	 0.082100 
15 	 0.082100 
18 	 0.082100 
19 	 0.082100 
20 	 0.082100 
23 	 0.082100 
31 	 0.082100 
33 	 0.082100 
34 	 0.082100 
35 	 0.082100 
44 	 0.082100 
46 	 0.082100 
49 	 0.082100 
24 	 0.082600 
0 	 0.083100 
7 	 0.083100 
9 	 0.083100 
10 	 0.083100 
12 	 0.083100 
14 	 0.083100 
16 	 0.083100 
21 	 0.083100 
22 	 0.083100 
28 	 0.083100 
30 	 0.083100 
37 	 0.083100 
38 	 0.083100 
40 	 0.083100 
41 	 0.083100 
45 	 0.083100 
47 	 0.083100 
42 	 0.083300 
27 	 0.083400 
39 	 0.083700 
1 	 0.084100 
2 	 0.084100 
8 	 0.084100 
11 	 0.084100 
13 	 0.084100 
19 	 0.084100 
24 	 0.084100 
25 	 0.084100 
29 	 0.084100 
33 	 0.084100 
34 	 0.084100 
35 	 0.084100 
36 	 0.084100 
43 	 0.084100 
48 	 0.084100 
49 	 0.084100 
44 	 0.084900 
47 	 0.085000 
6 	 0.085100 
7 	 0.085100 
9 	 0.085100 
12 	 0.085100 
14 	 0.085100 
15 	 0.085100 
17 	 0.085100 
18 	 0.085100 
20 	 0.085100 
21 	 0.085100 
23 	 0.085100 
26 	 0.085100 
28 	 0.085100 
30 	 0.085100 
31 	 0.085100 
32 	 0.085100 
38 	 0.085100 
39 	 0.085100 
40 	 0.085100 
41 	 0.085100 
46 	 0.085100 
4 	 0.085200 
27 	 0.085500 
45 	 0.085600 
34 	 0.085700 
3 	 0.086100 
5 	 0.086100 
10 	 0.086100 
11 	 0.086100 
19 	 0.086100 
22 	 0.086100 
24 	 0.086100 
25 	 0.086100 
29 	 0.086100 
33 	 0.086100 
35 	 0.086100 
49 	 0.086100 
16 	 0.086500 
44 	 0.086700 
4 	 0.087000 
0 	 0.087100 
1 	 0.087100 
2 	 0.087100 
12 	 0.087100 
13 	 0.087100 
17 	 0.087100 
18 	 0.087100 
20 	 0.087100 
23 	 0.087100 
26 	 0.087100 
28 	 0.087100 
30 	 0.087100 
32 	 0.087100 
34 	 0.087100 
38 	 0.087100 
39 	 0.087100 
40 	 0.087100 
41 	 0.087100 
42 	 0.087100 
43 	 0.087100 
47 	 0.087100 
48 	 0.087100 
31 	 0.087200 
27 	 0.087600 
15 	 0.087700 
11 	 0.087800 
24 	 0.087900 
45 	 0.087900 
22 	 0.088200 
44 	 0.088700 
4 	 0.089000 
21 	 0.089000 
42 	 0.089300 
27 	 0.089600 
46 	 0.089700 
3 	 0.089800 
22 	 0.089900 
24 	 0.089900 
45 	 0.090500 
44 	 0.090600 
48 	 0.090700 
15 	 0.090800 
8 	 0.091000 
0 	 0.091100 
1 	 0.091100 
2 	 0.091100 
3 	 0.091100 
4 	 0.091100 
6 	 0.091100 
9 	 0.091100 
10 	 0.091100 
11 	 0.091100 
12 	 0.091100 
13 	 0.091100 
16 	 0.091100 
17 	 0.091100 
20 	 0.091100 
21 	 0.091100 
23 	 0.091100 
24 	 0.091100 
25 	 0.091100 
26 	 0.091100 
28 	 0.091100 
30 	 0.091100 
31 	 0.091100 
32 	 0.091100 
33 	 0.091100 
35 	 0.091100 
36 	 0.091100 
37 	 0.091100 
38 	 0.091100 
40 	 0.091100 
41 	 0.091100 
43 	 0.091100 
47 	 0.091100 
14 	 0.091200 
39 	 0.091900 
5 	 0.092100 
19 	 0.092100 
22 	 0.092100 
27 	 0.092100 
29 	 0.092100 
34 	 0.092100 
42 	 0.092100 
44 	 0.092100 
48 	 0.092100 
45 	 0.092500 
46 	 0.092700 
8 	 0.092900 
0 	 0.093100 
3 	 0.093100 
4 	 0.093100 
7 	 0.093100 
9 	 0.093100 
10 	 0.093100 
11 	 0.093100 
12 	 0.093100 
15 	 0.093100 
17 	 0.093100 
18 	 0.093100 
23 	 0.093100 
24 	 0.093100 
25 	 0.093100 
28 	 0.093100 
30 	 0.093100 
32 	 0.093100 
35 	 0.093100 
37 	 0.093100 
38 	 0.093100 
41 	 0.093100 
43 	 0.093100 
49 	 0.093100 
31 	 0.093200 
33 	 0.093400 
22 	 0.093800 
1 	 0.094100 
5 	 0.094100 
6 	 0.094100 
13 	 0.094100 
14 	 0.094100 
16 	 0.094100 
19 	 0.094100 
39 	 0.094100 
40 	 0.094100 
42 	 0.094100 
47 	 0.094100 
48 	 0.094100 
27 	 0.094400 
46 	 0.094700 
44 	 0.094800 
8 	 0.094900 
26 	 0.094900 
2 	 0.095100 
3 	 0.095100 
4 	 0.095100 
9 	 0.095100 
11 	 0.095100 
21 	 0.095100 
23 	 0.095100 
25 	 0.095100 
28 	 0.095100 
30 	 0.095100 
32 	 0.095100 
33 	 0.095100 
35 	 0.095100 
36 	 0.095100 
37 	 0.095100 
38 	 0.095100 
41 	 0.095100 
45 	 0.095100 
15 	 0.095700 
0 	 0.096000 
5 	 0.096100 
6 	 0.096100 
7 	 0.096100 
12 	 0.096100 
13 	 0.096100 
18 	 0.096100 
19 	 0.096100 
22 	 0.096100 
24 	 0.096100 
31 	 0.096100 
34 	 0.096100 
39 	 0.096100 
43 	 0.096100 
48 	 0.096100 
49 	 0.096100 
42 	 0.096300 
44 	 0.096500 
27 	 0.096700 
1 	 0.097100 
3 	 0.097100 
4 	 0.097100 
8 	 0.097100 
10 	 0.097100 
11 	 0.097100 
15 	 0.097100 
17 	 0.097100 
20 	 0.097100 
21 	 0.097100 
23 	 0.097100 
25 	 0.097100 
28 	 0.097100 
30 	 0.097100 
33 	 0.097100 
35 	 0.097100 
36 	 0.097100 
38 	 0.097100 
46 	 0.097100 
32 	 0.097200 
0 	 0.098100 
5 	 0.098100 
9 	 0.098100 
12 	 0.098100 
16 	 0.098100 
18 	 0.098100 
24 	 0.098100 
31 	 0.098100 
37 	 0.098100 
39 	 0.098100 
40 	 0.098100 
41 	 0.098100 
42 	 0.098100 
43 	 0.098100 
45 	 0.098100 
47 	 0.098100 
48 	 0.098100 
49 	 0.098100 
22 	 0.098800 
44 	 0.098800 
1 	 0.099100 
2 	 0.099100 
3 	 0.099100 
4 	 0.099100 
6 	 0.099100 
8 	 0.099100 
11 	 0.099100 
14 	 0.099100 
17 	 0.099100 
19 	 0.099100 
23 	 0.099100 
25 	 0.099100 
26 	 0.099100 
28 	 0.099100 
30 	 0.099100 
32 	 0.099100 
33 	 0.099100 
34 	 0.099100 
35 	 0.099100 
38 	 0.099100 
15 	 0.099700 
0 	 0.100100 
10 	 0.100100 
12 	 0.100100 
16 	 0.100100 
18 	 0.100100 
20 	 0.100100 
21 	 0.100100 
24 	 0.100100 
29 	 0.100100 
31 	 0.100100 
36 	 0.100100 
37 	 0.100100 
39 	 0.100100 
40 	 0.100100 
42 	 0.100100 
43 	 0.100100 
44 	 0.100100 
47 	 0.100100 
48 	 0.100100 
49 	 0.100100 
27 	 0.100200 
45 	 0.100200 
22 	 0.100900 
46 	 0.101000 
2 	 0.101100 
3 	 0.101100 
4 	 0.101100 
8 	 0.101100 
11 	 0.101100 
13 	 0.101100 
14 	 0.101100 
15 	 0.101100 
17 	 0.101100 
25 	 0.101100 
28 	 0.101100 
30 	 0.101100 
38 	 0.101100 
26 	 0.101200 
33 	 0.101200 
0 	 0.102100 
5 	 0.102100 
6 	 0.102100 
10 	 0.102100 
12 	 0.102100 
18 	 0.102100 
19 	 0.102100 
20 	 0.102100 
22 	 0.102100 
23 	 0.102100 
24 	 0.102100 
27 	 0.102100 
29 	 0.102100 
34 	 0.102100 
35 	 0.102100 
36 	 0.102100 
37 	 0.102100 
39 	 0.102100 
41 	 0.102100 
42 	 0.102100 
43 	 0.102100 
45 	 0.102100 
47 	 0.102100 
48 	 0.102100 
21 	 0.102200 
44 	 0.102600 
13 	 0.102800 
1 	 0.103100 
2 	 0.103100 
3 	 0.103100 
4 	 0.103100 
7 	 0.103100 
8 	 0.103100 
11 	 0.103100 
14 	 0.103100 
17 	 0.103100 
25 	 0.103100 
28 	 0.103100 
30 	 0.103100 
33 	 0.103100 
38 	 0.103100 
40 	 0.103100 
49 	 0.103100 
15 	 0.103900 
35 	 0.104000 
6 	 0.104100 
10 	 0.104100 
12 	 0.104100 
13 	 0.104100 
18 	 0.104100 
20 	 0.104100 
22 	 0.104100 
24 	 0.104100 
26 	 0.104100 
31 	 0.104100 
32 	 0.104100 
37 	 0.104100 
39 	 0.104100 
41 	 0.104100 
42 	 0.104100 
44 	 0.104100 
45 	 0.104100 
48 	 0.104100 
21 	 0.104600 
27 	 0.104800 
4 	 0.104900 
40 	 0.105700 
7 	 0.105800 
44 	 0.106100 
21 	 0.106500 
45 	 0.106600 
15 	 0.106700 
46 	 0.106700 
27 	 0.106800 
42 	 0.107500 
24 	 0.107600 
39 	 0.107600 
3 	 0.107800 
5 	 0.108100 
6 	 0.108100 
7 	 0.108100 
8 	 0.108100 
9 	 0.108100 
10 	 0.108100 
11 	 0.108100 
12 	 0.108100 
13 	 0.108100 
14 	 0.108100 
15 	 0.108100 
18 	 0.108100 
19 	 0.108100 
22 	 0.108100 
23 	 0.108100 
25 	 0.108100 
26 	 0.108100 
28 	 0.108100 
30 	 0.108100 
33 	 0.108100 
34 	 0.108100 
36 	 0.108100 
38 	 0.108100 
40 	 0.108100 
46 	 0.108100 
48 	 0.108400 
44 	 0.108700 
0 	 0.109100 
1 	 0.109100 
4 	 0.109100 
17 	 0.109100 
24 	 0.109100 
29 	 0.109100 
32 	 0.109100 
35 	 0.109100 
37 	 0.109100 
39 	 0.109100 
41 	 0.109100 
45 	 0.109100 
47 	 0.109100 
27 	 0.109500 
8 	 0.109900 
13 	 0.109900 
2 	 0.110100 
3 	 0.110100 
7 	 0.110100 
9 	 0.110100 
10 	 0.110100 
11 	 0.110100 
12 	 0.110100 
15 	 0.110100 
18 	 0.110100 
19 	 0.110100 
23 	 0.110100 
25 	 0.110100 
28 	 0.110100 
30 	 0.110100 
34 	 0.110100 
36 	 0.110100 
38 	 0.110100 
40 	 0.110100 
42 	 0.110100 
48 	 0.110100 
21 	 0.110400 
46 	 0.111000 
0 	 0.111100 
1 	 0.111100 
5 	 0.111100 
6 	 0.111100 
8 	 0.111100 
16 	 0.111100 
17 	 0.111100 
20 	 0.111100 
24 	 0.111100 
26 	 0.111100 
29 	 0.111100 
31 	 0.111100 
33 	 0.111100 
35 	 0.111100 
39 	 0.111100 
41 	 0.111100 
43 	 0.111100 
49 	 0.111100 
44 	 0.111300 
4 	 0.111500 
2 	 0.112100 
3 	 0.112100 
10 	 0.112100 
11 	 0.112100 
12 	 0.112100 
14 	 0.112100 
15 	 0.112100 
18 	 0.112100 
19 	 0.112100 
22 	 0.112100 
23 	 0.112100 
25 	 0.112100 
30 	 0.112100 
32 	 0.112100 
34 	 0.112100 
38 	 0.112100 
42 	 0.112100 
48 	 0.112100 
27 	 0.112200 
0 	 0.112900 
1 	 0.113100 
5 	 0.113100 
7 	 0.113100 
8 	 0.113100 
17 	 0.113100 
20 	 0.113100 
21 	 0.113100 
24 	 0.113100 
28 	 0.113100 
29 	 0.113100 
33 	 0.113100 
35 	 0.113100 
37 	 0.113100 
39 	 0.113100 
44 	 0.113100 
46 	 0.113100 
47 	 0.113100 
4 	 0.113600 
3 	 0.113800 
0 	 0.114100 
9 	 0.114100 
10 	 0.114100 
11 	 0.114100 
13 	 0.114100 
15 	 0.114100 
18 	 0.114100 
19 	 0.114100 
22 	 0.114100 
25 	 0.114100 
27 	 0.114100 
30 	 0.114100 
32 	 0.114100 
38 	 0.114100 
40 	 0.114100 
43 	 0.114100 
45 	 0.114100 
48 	 0.114100 
1 	 0.114900 
2 	 0.115100 
3 	 0.115100 
4 	 0.115100 
5 	 0.115100 
7 	 0.115100 
8 	 0.115100 
12 	 0.115100 
14 	 0.115100 
17 	 0.115100 
20 	 0.115100 
21 	 0.115100 
23 	 0.115100 
24 	 0.115100 
26 	 0.115100 
28 	 0.115100 
33 	 0.115100 
36 	 0.115100 
37 	 0.115100 
41 	 0.115100 
42 	 0.115100 
44 	 0.115100 
46 	 0.115100 
49 	 0.115100 
35 	 0.115400 
1 	 0.116100 
10 	 0.116100 
11 	 0.116100 
15 	 0.116100 
22 	 0.116100 
25 	 0.116100 
32 	 0.116100 
38 	 0.116100 
39 	 0.116100 
45 	 0.116100 
48 	 0.116100 
27 	 0.116700 
24 	 0.116800 
35 	 0.117000 
0 	 0.117100 
3 	 0.117100 
4 	 0.117100 
6 	 0.117100 
7 	 0.117100 
8 	 0.117100 
12 	 0.117100 
13 	 0.117100 
16 	 0.117100 
17 	 0.117100 
19 	 0.117100 
20 	 0.117100 
23 	 0.117100 
28 	 0.117100 
29 	 0.117100 
30 	 0.117100 
33 	 0.117100 
36 	 0.117100 
37 	 0.117100 
40 	 0.117100 
41 	 0.117100 
42 	 0.117100 
43 	 0.117100 
44 	 0.117100 
21 	 0.117400 
48 	 0.118000 
1 	 0.118100 
11 	 0.118100 
15 	 0.118100 
22 	 0.118100 
24 	 0.118100 
25 	 0.118100 
27 	 0.118100 
32 	 0.118100 
34 	 0.118100 
38 	 0.118100 
47 	 0.118100 
49 	 0.118100 
39 	 0.118300 
45 	 0.118800 
42 	 0.118900 
46 	 0.118900 
40 	 0.119000 
0 	 0.119100 
4 	 0.119100 
5 	 0.119100 
6 	 0.119100 
8 	 0.119100 
10 	 0.119100 
12 	 0.119100 
13 	 0.119100 
14 	 0.119100 
16 	 0.119100 
17 	 0.119100 
18 	 0.119100 
19 	 0.119100 
21 	 0.119100 
23 	 0.119100 
28 	 0.119100 
29 	 0.119100 
33 	 0.119100 
35 	 0.119100 
36 	 0.119100 
37 	 0.119100 
41 	 0.119100 
43 	 0.119100 
26 	 0.119600 
27 	 0.119800 
22 	 0.119900 
7 	 0.120100 
44 	 0.120200 
15 	 0.120300 
11 	 0.120500 
42 	 0.120500 
24 	 0.120800 
39 	 0.120900 
45 	 0.121000 
17 	 0.121200 
36 	 0.121200 
21 	 0.121400 
22 	 0.121800 
4 	 0.122200 
44 	 0.122200 
27 	 0.122400 
18 	 0.122500 
48 	 0.122500 
15 	 0.122700 
46 	 0.122700 
11 	 0.122800 
24 	 0.123100 
30 	 0.123200 
39 	 0.123300 
20 	 0.123600 
42 	 0.123700 
1 	 0.124100 
2 	 0.124100 
3 	 0.124100 
6 	 0.124100 
11 	 0.124100 
12 	 0.124100 
13 	 0.124100 
14 	 0.124100 
17 	 0.124100 
19 	 0.124100 
21 	 0.124100 
22 	 0.124100 
25 	 0.124100 
28 	 0.124100 
29 	 0.124100 
33 	 0.124100 
35 	 0.124100 
36 	 0.124100 
37 	 0.124100 
38 	 0.124100 
40 	 0.124100 
41 	 0.124100 
46 	 0.124100 
48 	 0.124100 
27 	 0.124700 
45 	 0.124700 
44 	 0.124800 
0 	 0.125100 
5 	 0.125100 
10 	 0.125100 
15 	 0.125100 
18 	 0.125100 
20 	 0.125100 
24 	 0.125100 
30 	 0.125100 
39 	 0.125100 
47 	 0.125100 
49 	 0.125100 
4 	 0.125700 
3 	 0.126100 
6 	 0.126100 
8 	 0.126100 
11 	 0.126100 
12 	 0.126100 
13 	 0.126100 
16 	 0.126100 
17 	 0.126100 
22 	 0.126100 
23 	 0.126100 
25 	 0.126100 
27 	 0.126100 
28 	 0.126100 
29 	 0.126100 
31 	 0.126100 
33 	 0.126100 
35 	 0.126100 
37 	 0.126100 
38 	 0.126100 
41 	 0.126100 
44 	 0.126100 
46 	 0.126100 
48 	 0.126100 
4 	 0.127100 
5 	 0.127100 
7 	 0.127100 
10 	 0.127100 
18 	 0.127100 
19 	 0.127100 
20 	 0.127100 
24 	 0.127100 
30 	 0.127100 
39 	 0.127100 
40 	 0.127100 
42 	 0.127100 
43 	 0.127100 
0 	 0.127400 
15 	 0.127700 
35 	 0.128000 
1 	 0.128100 
3 	 0.128100 
6 	 0.128100 
8 	 0.128100 
11 	 0.128100 
12 	 0.128100 
13 	 0.128100 
14 	 0.128100 
16 	 0.128100 
17 	 0.128100 
22 	 0.128100 
23 	 0.128100 
25 	 0.128100 
26 	 0.128100 
28 	 0.128100 
33 	 0.128100 
36 	 0.128100 
37 	 0.128100 
38 	 0.128100 
47 	 0.128100 
48 	 0.128100 
20 	 0.128900 
46 	 0.129000 
2 	 0.129100 
5 	 0.129100 
7 	 0.129100 
10 	 0.129100 
15 	 0.129100 
18 	 0.129100 
19 	 0.129100 
24 	 0.129100 
27 	 0.129100 
29 	 0.129100 
30 	 0.129100 
32 	 0.129100 
41 	 0.129100 
44 	 0.129100 
49 	 0.129100 
39 	 0.129200 
42 	 0.129400 
3 	 0.130100 
4 	 0.130100 
6 	 0.130100 
8 	 0.130100 
9 	 0.130100 
11 	 0.130100 
12 	 0.130100 
13 	 0.130100 
22 	 0.130100 
25 	 0.130100 
28 	 0.130100 
31 	 0.130100 
33 	 0.130100 
35 	 0.130100 
37 	 0.130100 
38 	 0.130100 
40 	 0.130100 
48 	 0.130100 
14 	 0.130800 
21 	 0.130800 
2 	 0.131100 
5 	 0.131100 
10 	 0.131100 
15 	 0.131100 
16 	 0.131100 
18 	 0.131100 
20 	 0.131100 
23 	 0.131100 
24 	 0.131100 
30 	 0.131100 
41 	 0.131100 
46 	 0.131100 
49 	 0.131100 
45 	 0.131200 
44 	 0.131600 
42 	 0.131800 
3 	 0.132100 
4 	 0.132100 
6 	 0.132100 
7 	 0.132100 
9 	 0.132100 
12 	 0.132100 
13 	 0.132100 
14 	 0.132100 
17 	 0.132100 
25 	 0.132100 
26 	 0.132100 
28 	 0.132100 
29 	 0.132100 
31 	 0.132100 
33 	 0.132100 
34 	 0.132100 
36 	 0.132100 
37 	 0.132100 
38 	 0.132100 
39 	 0.132100 
47 	 0.132100 
48 	 0.132100 
27 	 0.132800 
0 	 0.133100 
1 	 0.133100 
5 	 0.133100 
8 	 0.133100 
10 	 0.133100 
11 	 0.133100 
18 	 0.133100 
19 	 0.133100 
22 	 0.133100 
23 	 0.133100 
24 	 0.133100 
30 	 0.133100 
35 	 0.133100 
41 	 0.133100 
42 	 0.133100 
43 	 0.133100 
44 	 0.133100 
46 	 0.133100 
15 	 0.133300 
21 	 0.133500 
17 	 0.133700 
34 	 0.133900 
2 	 0.134100 
3 	 0.134100 
6 	 0.134100 
12 	 0.134100 
13 	 0.134100 
28 	 0.134100 
29 	 0.134100 
32 	 0.134100 
33 	 0.134100 
37 	 0.134100 
38 	 0.134100 
39 	 0.134100 
40 	 0.134100 
47 	 0.134100 
48 	 0.134100 
49 	 0.134100 
31 	 0.134300 
8 	 0.134900 
45 	 0.134900 
27 	 0.135000 
35 	 0.135000 
4 	 0.135100 
5 	 0.135100 
10 	 0.135100 
11 	 0.135100 
14 	 0.135100 
17 	 0.135100 
18 	 0.135100 
19 	 0.135100 
23 	 0.135100 
24 	 0.135100 
25 	 0.135100 
26 	 0.135100 
30 	 0.135100 
36 	 0.135100 
41 	 0.135100 
43 	 0.135100 
15 	 0.135600 
20 	 0.135700 
22 	 0.135700 
44 	 0.135900 
2 	 0.136100 
7 	 0.136100 
13 	 0.136100 
16 	 0.136100 
21 	 0.136100 
28 	 0.136100 
29 	 0.136100 
31 	 0.136100 
33 	 0.136100 
34 	 0.136100 
37 	 0.136100 
38 	 0.136100 
40 	 0.136100 
42 	 0.136100 
46 	 0.136100 
48 	 0.136100 
39 	 0.136200 
32 	 0.136900 
0 	 0.137100 
1 	 0.137100 
3 	 0.137100 
4 	 0.137100 
5 	 0.137100 
6 	 0.137100 
8 	 0.137100 
10 	 0.137100 
11 	 0.137100 
12 	 0.137100 
14 	 0.137100 
17 	 0.137100 
18 	 0.137100 
19 	 0.137100 
23 	 0.137100 
24 	 0.137100 
25 	 0.137100 
27 	 0.137100 
30 	 0.137100 
35 	 0.137100 
36 	 0.137100 
41 	 0.137100 
49 	 0.137100 
31 	 0.137700 
15 	 0.137800 
22 	 0.137800 
2 	 0.138100 
9 	 0.138100 
13 	 0.138100 
20 	 0.138100 
26 	 0.138100 
28 	 0.138100 
29 	 0.138100 
33 	 0.138100 
34 	 0.138100 
37 	 0.138100 
38 	 0.138100 
40 	 0.138100 
42 	 0.138100 
45 	 0.138100 
48 	 0.138100 
44 	 0.138200 
16 	 0.138500 
35 	 0.139000 
0 	 0.139100 
3 	 0.139100 
4 	 0.139100 
5 	 0.139100 
6 	 0.139100 
8 	 0.139100 
10 	 0.139100 
11 	 0.139100 
12 	 0.139100 
15 	 0.139100 
17 	 0.139100 
18 	 0.139100 
19 	 0.139100 
24 	 0.139100 
27 	 0.139100 
30 	 0.139100 
36 	 0.139100 
39 	 0.139100 
41 	 0.139100 
46 	 0.139100 
31 	 0.139300 
1 	 0.140100 
16 	 0.140100 
21 	 0.140100 
23 	 0.140100 
28 	 0.140100 
34 	 0.140100 
38 	 0.140100 
42 	 0.140100 
43 	 0.140100 
44 	 0.140100 
49 	 0.140100 
13 	 0.140800 
24 	 0.140900 
2 	 0.141100 
3 	 0.141100 
4 	 0.141100 
5 	 0.141100 
6 	 0.141100 
10 	 0.141100 
11 	 0.141100 
12 	 0.141100 
15 	 0.141100 
18 	 0.141100 
19 	 0.141100 
25 	 0.141100 
27 	 0.141100 
30 	 0.141100 
31 	 0.141100 
33 	 0.141100 
36 	 0.141100 
39 	 0.141100 
41 	 0.141100 
45 	 0.141100 
47 	 0.141100 
48 	 0.141100 
22 	 0.141300 
44 	 0.141900 
0 	 0.142100 
1 	 0.142100 
7 	 0.142100 
9 	 0.142100 
14 	 0.142100 
16 	 0.142100 
17 	 0.142100 
20 	 0.142100 
21 	 0.142100 
23 	 0.142100 
24 	 0.142100 
26 	 0.142100 
28 	 0.142100 
32 	 0.142100 
35 	 0.142100 
38 	 0.142100 
40 	 0.142100 
42 	 0.142100 
49 	 0.142100 
46 	 0.142200 
8 	 0.142500 
3 	 0.143100 
4 	 0.143100 
5 	 0.143100 
10 	 0.143100 
11 	 0.143100 
13 	 0.143100 
18 	 0.143100 
19 	 0.143100 
25 	 0.143100 
27 	 0.143100 
30 	 0.143100 
33 	 0.143100 
37 	 0.143100 
41 	 0.143100 
45 	 0.143100 
48 	 0.143100 
39 	 0.143200 
15 	 0.143500 
14 	 0.144000 
44 	 0.144000 
0 	 0.144100 
2 	 0.144100 
6 	 0.144100 
12 	 0.144100 
16 	 0.144100 
20 	 0.144100 
22 	 0.144100 
23 	 0.144100 
24 	 0.144100 
32 	 0.144100 
35 	 0.144100 
38 	 0.144100 
43 	 0.144100 
49 	 0.144100 
21 	 0.144200 
39 	 0.145700 
4 	 0.145900 
8 	 0.145900 
18 	 0.145900 
46 	 0.146100 
14 	 0.146200 
21 	 0.146200 
41 	 0.146200 
33 	 0.146400 
44 	 0.146500 
0 	 0.146600 
24 	 0.146600 
3 	 0.146700 
15 	 0.146700 
30 	 0.147100 
27 	 0.147200 
42 	 0.147200 
45 	 0.147500 
4 	 0.148000 
11 	 0.148000 
8 	 0.148400 
48 	 0.148700 
12 	 0.149000 
21 	 0.149000 
22 	 0.149000 
3 	 0.149100 
5 	 0.149100 
10 	 0.149100 
13 	 0.149100 
14 	 0.149100 
15 	 0.149100 
16 	 0.149100 
17 	 0.149100 
19 	 0.149100 
23 	 0.149100 
24 	 0.149100 
28 	 0.149100 
30 	 0.149100 
33 	 0.149100 
34 	 0.149100 
35 	 0.149100 
36 	 0.149100 
37 	 0.149100 
38 	 0.149100 
41 	 0.149100 
42 	 0.149100 
44 	 0.149100 
45 	 0.149100 
46 	 0.149100 
47 	 0.149100 
49 	 0.149100 
27 	 0.149600 
4 	 0.149900 
39 	 0.149900 
0 	 0.150100 
6 	 0.150100 
9 	 0.150100 
11 	 0.150100 
18 	 0.150100 
25 	 0.150100 
26 	 0.150100 
29 	 0.150100 
48 	 0.150100 
8 	 0.150700 
1 	 0.151100 
2 	 0.151100 
3 	 0.151100 
4 	 0.151100 
10 	 0.151100 
12 	 0.151100 
14 	 0.151100 
15 	 0.151100 
16 	 0.151100 
17 	 0.151100 
19 	 0.151100 
20 	 0.151100 
21 	 0.151100 
22 	 0.151100 
24 	 0.151100 
27 	 0.151100 
32 	 0.151100 
36 	 0.151100 
37 	 0.151100 
38 	 0.151100 
39 	 0.151100 
40 	 0.151100 
41 	 0.151100 
43 	 0.151100 
46 	 0.151100 
47 	 0.151100 
44 	 0.151900 
8 	 0.152100 
9 	 0.152100 
23 	 0.152100 
25 	 0.152100 
26 	 0.152100 
28 	 0.152100 
29 	 0.152100 
33 	 0.152100 
34 	 0.152100 
35 	 0.152100 
45 	 0.152100 
48 	 0.152100 
49 	 0.152100 
42 	 0.152300 
4 	 0.152900 
0 	 0.153100 
2 	 0.153100 
3 	 0.153100 
5 	 0.153100 
6 	 0.153100 
10 	 0.153100 
11 	 0.153100 
12 	 0.153100 
13 	 0.153100 
14 	 0.153100 
15 	 0.153100 
18 	 0.153100 
20 	 0.153100 
24 	 0.153100 
27 	 0.153100 
30 	 0.153100 
31 	 0.153100 
37 	 0.153100 
38 	 0.153100 
39 	 0.153100 
40 	 0.153100 
41 	 0.153100 
43 	 0.153100 
44 	 0.153100 
46 	 0.153100 
17 	 0.153700 
4 	 0.154100 
8 	 0.154100 
9 	 0.154100 
22 	 0.154100 
23 	 0.154100 
25 	 0.154100 
26 	 0.154100 
28 	 0.154100 
29 	 0.154100 
32 	 0.154100 
33 	 0.154100 
34 	 0.154100 
35 	 0.154100 
36 	 0.154100 
45 	 0.154100 
48 	 0.154100 
44 	 0.154800 
1 	 0.155100 
3 	 0.155100 
5 	 0.155100 
6 	 0.155100 
10 	 0.155100 
11 	 0.155100 
12 	 0.155100 
15 	 0.155100 
18 	 0.155100 
20 	 0.155100 
21 	 0.155100 
24 	 0.155100 
30 	 0.155100 
37 	 0.155100 
38 	 0.155100 
39 	 0.155100 
40 	 0.155100 
41 	 0.155100 
43 	 0.155100 
46 	 0.155100 
42 	 0.155300 
4 	 0.156100 
8 	 0.156100 
9 	 0.156100 
13 	 0.156100 
16 	 0.156100 
17 	 0.156100 
23 	 0.156100 
27 	 0.156100 
28 	 0.156100 
29 	 0.156100 
32 	 0.156100 
33 	 0.156100 
36 	 0.156100 
49 	 0.156100 
24 	 0.156500 
44 	 0.156500 
45 	 0.156700 
1 	 0.156900 
0 	 0.157100 
2 	 0.157100 
3 	 0.157100 
5 	 0.157100 
6 	 0.157100 
10 	 0.157100 
11 	 0.157100 
12 	 0.157100 
14 	 0.157100 
19 	 0.157100 
20 	 0.157100 
22 	 0.157100 
25 	 0.157100 
26 	 0.157100 
30 	 0.157100 
35 	 0.157100 
37 	 0.157100 
39 	 0.157100 
41 	 0.157100 
43 	 0.157100 
46 	 0.157100 
48 	 0.157100 
15 	 0.157600 
4 	 0.158100 
7 	 0.158100 
8 	 0.158100 
18 	 0.158100 
21 	 0.158100 
23 	 0.158100 
24 	 0.158100 
27 	 0.158100 
28 	 0.158100 
31 	 0.158100 
32 	 0.158100 
33 	 0.158100 
36 	 0.158100 
38 	 0.158100 
44 	 0.158100 
45 	 0.158100 
47 	 0.158100 
1 	 0.158800 
25 	 0.158800 
0 	 0.159000 
5 	 0.159100 
9 	 0.159100 
10 	 0.159100 
11 	 0.159100 
12 	 0.159100 
14 	 0.159100 
15 	 0.159100 
17 	 0.159100 
19 	 0.159100 
20 	 0.159100 
26 	 0.159100 
37 	 0.159100 
39 	 0.159100 
40 	 0.159100 
41 	 0.159100 
42 	 0.159100 
43 	 0.159100 
46 	 0.159100 
48 	 0.159100 
24 	 0.159800 
30 	 0.159800 
2 	 0.160100 
3 	 0.160100 
4 	 0.160100 
7 	 0.160100 
13 	 0.160100 
18 	 0.160100 
21 	 0.160100 
23 	 0.160100 
25 	 0.160100 
28 	 0.160100 
33 	 0.160100 
38 	 0.160100 
44 	 0.160100 
47 	 0.160100 
49 	 0.160100 
32 	 0.160300 
27 	 0.160500 
0 	 0.160900 
37 	 0.160900 
45 	 0.160900 
5 	 0.161100 
6 	 0.161100 
8 	 0.161100 
11 	 0.161100 
12 	 0.161100 
14 	 0.161100 
19 	 0.161100 
24 	 0.161100 
29 	 0.161100 
30 	 0.161100 
31 	 0.161100 
35 	 0.161100 
36 	 0.161100 
39 	 0.161100 
40 	 0.161100 
41 	 0.161100 
46 	 0.161100 
48 	 0.161100 
15 	 0.161500 
0 	 0.162100 
3 	 0.162100 
4 	 0.162100 
7 	 0.162100 
9 	 0.162100 
10 	 0.162100 
13 	 0.162100 
16 	 0.162100 
18 	 0.162100 
23 	 0.162100 
27 	 0.162100 
28 	 0.162100 
32 	 0.162100 
33 	 0.162100 
34 	 0.162100 
37 	 0.162100 
42 	 0.162100 
44 	 0.162100 
47 	 0.162100 
30 	 0.162700 
1 	 0.163100 
2 	 0.163100 
5 	 0.163100 
6 	 0.163100 
11 	 0.163100 
12 	 0.163100 
14 	 0.163100 
15 	 0.163100 
17 	 0.163100 
19 	 0.163100 
20 	 0.163100 
22 	 0.163100 
24 	 0.163100 
26 	 0.163100 
35 	 0.163100 
38 	 0.163100 
39 	 0.163100 
41 	 0.163100 
48 	 0.163100 
49 	 0.163100 
21 	 0.163200 
46 	 0.163400 
13 	 0.163800 
7 	 0.163900 
0 	 0.164100 
3 	 0.164100 
4 	 0.164100 
8 	 0.164100 
10 	 0.164100 
16 	 0.164100 
18 	 0.164100 
23 	 0.164100 
25 	 0.164100 
28 	 0.164100 
29 	 0.164100 
30 	 0.164100 
32 	 0.164100 
33 	 0.164100 
37 	 0.164100 
44 	 0.164100 
45 	 0.164200 
42 	 0.164300 
24 	 0.164600 
27 	 0.164600 
2 	 0.165100 
6 	 0.165100 
7 	 0.165100 
11 	 0.165100 
12 	 0.165100 
13 	 0.165100 
14 	 0.165100 
15 	 0.165100 
17 	 0.165100 
19 	 0.165100 
20 	 0.165100 
26 	 0.165100 
31 	 0.165100 
34 	 0.165100 
35 	 0.165100 
38 	 0.165100 
39 	 0.165100 
41 	 0.165100 
43 	 0.165100 
47 	 0.165100 
48 	 0.165100 
21 	 0.165200 
46 	 0.165400 
44 	 0.165600 
8 	 0.165900 
0 	 0.166100 
3 	 0.166100 
4 	 0.166100 
5 	 0.166100 
9 	 0.166100 
10 	 0.166100 
18 	 0.166100 
22 	 0.166100 
23 	 0.166100 
24 	 0.166100 
28 	 0.166100 
29 	 0.166100 
30 	 0.166100 
33 	 0.166100 
36 	 0.166100 
37 	 0.166100 
40 	 0.166100 
42 	 0.166100 
45 	 0.166600 
1 	 0.167100 
6 	 0.167100 
8 	 0.167100 
12 	 0.167100 
13 	 0.167100 
19 	 0.167100 
20 	 0.167100 
21 	 0.167100 
25 	 0.167100 
31 	 0.167100 
32 	 0.167100 
38 	 0.167100 
41 	 0.167100 
43 	 0.167100 
44 	 0.167100 
47 	 0.167100 
48 	 0.167100 
49 	 0.167100 
27 	 0.167400 
15 	 0.167700 
35 	 0.167700 
46 	 0.167700 
39 	 0.167800 
22 	 0.167900 
23 	 0.167900 
42 	 0.167900 
5 	 0.168100 
10 	 0.168100 
11 	 0.168100 
14 	 0.168100 
18 	 0.168100 
24 	 0.168100 
28 	 0.168100 
30 	 0.168100 
33 	 0.168100 
34 	 0.168100 
45 	 0.168100 
40 	 0.168600 
0 	 0.169100 
1 	 0.169100 
3 	 0.169100 
6 	 0.169100 
8 	 0.169100 
9 	 0.169100 
12 	 0.169100 
13 	 0.169100 
15 	 0.169100 
17 	 0.169100 
23 	 0.169100 
25 	 0.169100 
32 	 0.169100 
35 	 0.169100 
37 	 0.169100 
38 	 0.169100 
39 	 0.169100 
41 	 0.169100 
44 	 0.169100 
48 	 0.169100 
21 	 0.169200 
22 	 0.169700 
46 	 0.169700 
42 	 0.169900 
11 	 0.170000 
4 	 0.170100 
5 	 0.170100 
7 	 0.170100 
10 	 0.170100 
16 	 0.170100 
18 	 0.170100 
19 	 0.170100 
20 	 0.170100 
24 	 0.170100 
30 	 0.170100 
31 	 0.170100 
36 	 0.170100 
45 	 0.170100 
47 	 0.170100 
49 	 0.170100 
27 	 0.170300 
37 	 0.170800 
1 	 0.170900 
13 	 0.170900 
6 	 0.171100 
8 	 0.171100 
12 	 0.171100 
14 	 0.171100 
15 	 0.171100 
17 	 0.171100 
23 	 0.171100 
25 	 0.171100 
28 	 0.171100 
32 	 0.171100 
33 	 0.171100 
34 	 0.171100 
38 	 0.171100 
39 	 0.171100 
40 	 0.171100 
41 	 0.171100 
42 	 0.171100 
46 	 0.171100 
48 	 0.171100 
44 	 0.171200 
11 	 0.171600 
4 	 0.171800 
24 	 0.171900 
0 	 0.172100 
3 	 0.172100 
5 	 0.172100 
10 	 0.172100 
18 	 0.172100 
19 	 0.172100 
22 	 0.172100 
26 	 0.172100 
31 	 0.172100 
35 	 0.172100 
45 	 0.172100 
16 	 0.172200 
21 	 0.172300 
1 	 0.173100 
2 	 0.173100 
6 	 0.173100 
7 	 0.173100 
11 	 0.173100 
13 	 0.173100 
14 	 0.173100 
17 	 0.173100 
23 	 0.173100 
24 	 0.173100 
25 	 0.173100 
28 	 0.173100 
30 	 0.173100 
32 	 0.173100 
33 	 0.173100 
34 	 0.173100 
37 	 0.173100 
38 	 0.173100 
40 	 0.173100 
41 	 0.173100 
44 	 0.173100 
47 	 0.173100 
48 	 0.173100 
8 	 0.173200 
27 	 0.173500 
15 	 0.173700 
42 	 0.173700 
39 	 0.173800 
0 	 0.174100 
3 	 0.174100 
4 	 0.174100 
5 	 0.174100 
12 	 0.174100 
18 	 0.174100 
20 	 0.174100 
21 	 0.174100 
43 	 0.174100 
49 	 0.174100 
16 	 0.174200 
30 	 0.174700 
22 	 0.174800 
34 	 0.175000 
6 	 0.175100 
8 	 0.175100 
10 	 0.175100 
11 	 0.175100 
13 	 0.175100 
15 	 0.175100 
19 	 0.175100 
23 	 0.175100 
24 	 0.175100 
25 	 0.175100 
26 	 0.175100 
27 	 0.175100 
28 	 0.175100 
29 	 0.175100 
31 	 0.175100 
33 	 0.175100 
35 	 0.175100 
37 	 0.175100 
38 	 0.175100 
42 	 0.175100 
44 	 0.175100 
45 	 0.175100 
47 	 0.175100 
48 	 0.175100 
32 	 0.175300 
39 	 0.175400 
21 	 0.176200 
30 	 0.176500 
23 	 0.176700 
12 	 0.176800 
14 	 0.177000 
35 	 0.177000 
44 	 0.177100 
48 	 0.177100 
24 	 0.177300 
8 	 0.177400 
46 	 0.177400 
39 	 0.177500 
45 	 0.177700 
11 	 0.177800 
15 	 0.177900 
42 	 0.177900 
4 	 0.178500 
27 	 0.178700 
14 	 0.178800 
21 	 0.178900 
22 	 0.178900 
35 	 0.179100 
37 	 0.179100 
10 	 0.179200 
44 	 0.179400 
24 	 0.179500 
11 	 0.179800 
42 	 0.179800 
16 	 0.180100 
1 	 0.180700 
48 	 0.180700 
45 	 0.180800 
8 	 0.181100 
30 	 0.181100 
12 	 0.181200 
24 	 0.181700 
11 	 0.181800 
15 	 0.181900 
3 	 0.182100 
6 	 0.182100 
7 	 0.182100 
10 	 0.182100 
13 	 0.182100 
14 	 0.182100 
16 	 0.182100 
18 	 0.182100 
19 	 0.182100 
20 	 0.182100 
21 	 0.182100 
23 	 0.182100 
25 	 0.182100 
27 	 0.182100 
28 	 0.182100 
29 	 0.182100 
31 	 0.182100 
32 	 0.182100 
33 	 0.182100 
34 	 0.182100 
35 	 0.182100 
37 	 0.182100 
39 	 0.182100 
40 	 0.182100 
41 	 0.182100 
44 	 0.182100 
45 	 0.182100 
48 	 0.182100 
22 	 0.182200 
42 	 0.182400 
4 	 0.182800 
0 	 0.183100 
5 	 0.183100 
9 	 0.183100 
11 	 0.183100 
12 	 0.183100 
15 	 0.183100 
24 	 0.183100 
30 	 0.183100 
38 	 0.183100 
47 	 0.183100 
8 	 0.183700 
34 	 0.183700 
46 	 0.183700 
3 	 0.184100 
4 	 0.184100 
13 	 0.184100 
14 	 0.184100 
17 	 0.184100 
18 	 0.184100 
19 	 0.184100 
20 	 0.184100 
23 	 0.184100 
25 	 0.184100 
28 	 0.184100 
31 	 0.184100 
33 	 0.184100 
35 	 0.184100 
37 	 0.184100 
40 	 0.184100 
41 	 0.184100 
45 	 0.184100 
0 	 0.184500 
27 	 0.184500 
39 	 0.184800 
44 	 0.185000 
5 	 0.185100 
6 	 0.185100 
9 	 0.185100 
10 	 0.185100 
11 	 0.185100 
12 	 0.185100 
15 	 0.185100 
16 	 0.185100 
21 	 0.185100 
24 	 0.185100 
26 	 0.185100 
29 	 0.185100 
30 	 0.185100 
32 	 0.185100 
34 	 0.185100 
36 	 0.185100 
38 	 0.185100 
42 	 0.185100 
46 	 0.185100 
47 	 0.185100 
48 	 0.185100 
49 	 0.185100 
4 	 0.185900 
8 	 0.185900 
3 	 0.186100 
13 	 0.186100 
14 	 0.186100 
20 	 0.186100 
22 	 0.186100 
23 	 0.186100 
25 	 0.186100 
27 	 0.186100 
28 	 0.186100 
33 	 0.186100 
35 	 0.186100 
37 	 0.186100 
39 	 0.186100 
40 	 0.186100 
21 	 0.186800 
0 	 0.187100 
2 	 0.187100 
4 	 0.187100 
5 	 0.187100 
6 	 0.187100 
8 	 0.187100 
9 	 0.187100 
10 	 0.187100 
11 	 0.187100 
12 	 0.187100 
17 	 0.187100 
18 	 0.187100 
19 	 0.187100 
24 	 0.187100 
26 	 0.187100 
29 	 0.187100 
30 	 0.187100 
31 	 0.187100 
32 	 0.187100 
36 	 0.187100 
38 	 0.187100 
41 	 0.187100 
42 	 0.187100 
43 	 0.187100 
46 	 0.187100 
47 	 0.187100 
48 	 0.187100 
45 	 0.187200 
44 	 0.187500 
15 	 0.187900 
7 	 0.188100 
13 	 0.188100 
16 	 0.188100 
21 	 0.188100 
28 	 0.188100 
34 	 0.188100 
37 	 0.188100 
40 	 0.188100 
26 	 0.188700 
0 	 0.189100 
3 	 0.189100 
5 	 0.189100 
6 	 0.189100 
8 	 0.189100 
9 	 0.189100 
10 	 0.189100 
11 	 0.189100 
12 	 0.189100 
15 	 0.189100 
17 	 0.189100 
19 	 0.189100 
22 	 0.189100 
23 	 0.189100 
24 	 0.189100 
25 	 0.189100 
27 	 0.189100 
29 	 0.189100 
30 	 0.189100 
33 	 0.189100 
38 	 0.189100 
39 	 0.189100 
41 	 0.189100 
46 	 0.189100 
47 	 0.189100 
48 	 0.189100 
49 	 0.189100 
42 	 0.189200 
31 	 0.189300 
44 	 0.189500 
1 	 0.190100 
2 	 0.190100 
18 	 0.190100 
28 	 0.190100 
35 	 0.190100 
36 	 0.190100 
37 	 0.190100 
40 	 0.190100 
45 	 0.190100 
16 	 0.190200 
32 	 0.190600 
33 	 0.190600 
15 	 0.190800 
4 	 0.191100 
9 	 0.191100 
10 	 0.191100 
11 	 0.191100 
13 	 0.191100 
17 	 0.191100 
20 	 0.191100 
22 	 0.191100 
23 	 0.191100 
24 	 0.191100 
25 	 0.191100 
29 	 0.191100 
30 	 0.191100 
31 	 0.191100 
38 	 0.191100 
39 	 0.191100 
47 	 0.191100 
48 	 0.191100 
44 	 0.191300 
1 	 0.191700 
12 	 0.192000 
46 	 0.192000 
2 	 0.192100 
3 	 0.192100 
5 	 0.192100 
6 	 0.192100 
7 	 0.192100 
8 	 0.192100 
15 	 0.192100 
18 	 0.192100 
26 	 0.192100 
28 	 0.192100 
33 	 0.192100 
35 	 0.192100 
37 	 0.192100 
40 	 0.192100 
41 	 0.192100 
42 	 0.192100 
43 	 0.192100 
49 	 0.192100 
16 	 0.192200 
27 	 0.192300 
45 	 0.192700 
24 	 0.192800 
10 	 0.193100 
11 	 0.193100 
13 	 0.193100 
17 	 0.193100 
19 	 0.193100 
20 	 0.193100 
22 	 0.193100 
23 	 0.193100 
25 	 0.193100 
30 	 0.193100 
31 	 0.193100 
32 	 0.193100 
34 	 0.193100 
38 	 0.193100 
39 	 0.193100 
47 	 0.193100 
48 	 0.193100 
44 	 0.193300 
14 	 0.193600 
21 	 0.194000 
0 	 0.194100 
2 	 0.194100 
3 	 0.194100 
4 	 0.194100 
5 	 0.194100 
6 	 0.194100 
7 	 0.194100 
8 	 0.194100 
9 	 0.194100 
12 	 0.194100 
15 	 0.194100 
18 	 0.194100 
24 	 0.194100 
27 	 0.194100 
28 	 0.194100 
33 	 0.194100 
35 	 0.194100 
37 	 0.194100 
40 	 0.194100 
42 	 0.194100 
46 	 0.194100 
16 	 0.194300 
45 	 0.194600 
1 	 0.195100 
10 	 0.195100 
11 	 0.195100 
13 	 0.195100 
17 	 0.195100 
22 	 0.195100 
23 	 0.195100 
29 	 0.195100 
32 	 0.195100 
34 	 0.195100 
36 	 0.195100 
38 	 0.195100 
39 	 0.195100 
41 	 0.195100 
43 	 0.195100 
44 	 0.195100 
47 	 0.195100 
48 	 0.195100 
21 	 0.195900 
42 	 0.195900 
35 	 0.196000 
3 	 0.196100 
4 	 0.196100 
5 	 0.196100 
6 	 0.196100 
15 	 0.196100 
16 	 0.196100 
18 	 0.196100 
19 	 0.196100 
25 	 0.196100 
26 	 0.196100 
30 	 0.196100 
33 	 0.196100 
37 	 0.196100 
40 	 0.196100 
46 	 0.196100 
27 	 0.196800 
13 	 0.196900 
44 	 0.197000 
0 	 0.197100 
7 	 0.197100 
8 	 0.197100 
9 	 0.197100 
10 	 0.197100 
12 	 0.197100 
14 	 0.197100 
23 	 0.197100 
24 	 0.197100 
29 	 0.197100 
32 	 0.197100 
36 	 0.197100 
38 	 0.197100 
41 	 0.197100 
45 	 0.197100 
47 	 0.197100 
48 	 0.197500 
4 	 0.197900 
1 	 0.198100 
2 	 0.198100 
3 	 0.198100 
11 	 0.198100 
13 	 0.198100 
15 	 0.198100 
18 	 0.198100 
20 	 0.198100 
25 	 0.198100 
26 	 0.198100 
27 	 0.198100 
28 	 0.198100 
30 	 0.198100 
31 	 0.198100 
33 	 0.198100 
34 	 0.198100 
37 	 0.198100 
40 	 0.198100 
42 	 0.198100 
43 	 0.198100 
46 	 0.198100 
39 	 0.198200 
47 	 0.198900 
21 	 0.199000 
4 	 0.199100 
5 	 0.199100 
9 	 0.199100 
10 	 0.199100 
19 	 0.199100 
22 	 0.199100 
23 	 0.199100 
24 	 0.199100 
32 	 0.199100 
35 	 0.199100 
41 	 0.199100 
44 	 0.199100 
48 	 0.199100 
49 	 0.199100 
45 	 0.199900 
3 	 0.200100 
7 	 0.200100 
8 	 0.200100 
11 	 0.200100 
12 	 0.200100 
13 	 0.200100 
14 	 0.200100 
15 	 0.200100 
16 	 0.200100 
20 	 0.200100 
25 	 0.200100 
26 	 0.200100 
28 	 0.200100 
29 	 0.200100 
30 	 0.200100 
31 	 0.200100 
33 	 0.200100 
36 	 0.200100 
38 	 0.200100 
39 	 0.200100 
40 	 0.200100 
42 	 0.200100 
47 	 0.200100 
27 	 0.200400 
24 	 0.200900 
44 	 0.200900 
37 	 0.201000 
0 	 0.201100 
1 	 0.201100 
2 	 0.201100 
4 	 0.201100 
6 	 0.201100 
9 	 0.201100 
10 	 0.201100 
18 	 0.201100 
19 	 0.201100 
22 	 0.201100 
32 	 0.201100 
35 	 0.201100 
41 	 0.201100 
43 	 0.201100 
48 	 0.201100 
49 	 0.201100 
42 	 0.201900 
3 	 0.202100 
5 	 0.202100 
11 	 0.202100 
12 	 0.202100 
13 	 0.202100 
14 	 0.202100 
15 	 0.202100 
16 	 0.202100 
20 	 0.202100 
23 	 0.202100 
24 	 0.202100 
26 	 0.202100 
33 	 0.202100 
34 	 0.202100 
36 	 0.202100 
38 	 0.202100 
40 	 0.202100 
45 	 0.202100 
46 	 0.202100 
47 	 0.202300 
39 	 0.202400 
30 	 0.202500 
21 	 0.202600 
27 	 0.202800 
32 	 0.202900 
37 	 0.203000 
1 	 0.203100 
9 	 0.203100 
10 	 0.203100 
17 	 0.203100 
18 	 0.203100 
19 	 0.203100 
22 	 0.203100 
25 	 0.203100 
28 	 0.203100 
31 	 0.203100 
35 	 0.203100 
41 	 0.203100 
42 	 0.203100 
48 	 0.203100 
44 	 0.203500 
8 	 0.203900 
0 	 0.204100 
3 	 0.204100 
4 	 0.204100 
7 	 0.204100 
11 	 0.204100 
12 	 0.204100 
13 	 0.204100 
16 	 0.204100 
23 	 0.204100 
30 	 0.204100 
33 	 0.204100 
36 	 0.204100 
38 	 0.204100 
40 	 0.204100 
43 	 0.204100 
49 	 0.204100 
15 	 0.204300 
24 	 0.204600 
9 	 0.205100 
10 	 0.205100 
14 	 0.205100 
17 	 0.205100 
18 	 0.205100 
19 	 0.205100 
21 	 0.205100 
25 	 0.205100 
26 	 0.205100 
27 	 0.205100 
28 	 0.205100 
34 	 0.205100 
35 	 0.205100 
39 	 0.205100 
41 	 0.205100 
44 	 0.205100 
46 	 0.205100 
48 	 0.205100 
42 	 0.205200 
45 	 0.205200 
32 	 0.205600 
1 	 0.206100 
3 	 0.206100 
4 	 0.206100 
5 	 0.206100 
11 	 0.206100 
12 	 0.206100 
13 	 0.206100 
15 	 0.206100 
20 	 0.206100 
23 	 0.206100 
24 	 0.206100 
30 	 0.206100 
33 	 0.206100 
38 	 0.206100 
40 	 0.206100 
43 	 0.206100 
47 	 0.206100 
49 	 0.206100 
16 	 0.206200 
0 	 0.207100 
2 	 0.207100 
6 	 0.207100 
10 	 0.207100 
14 	 0.207100 
17 	 0.207100 
18 	 0.207100 
22 	 0.207100 
29 	 0.207100 
31 	 0.207100 
37 	 0.207100 
39 	 0.207100 
41 	 0.207100 
48 	 0.207100 
44 	 0.207300 
27 	 0.207700 
45 	 0.207700 
46 	 0.207900 
3 	 0.208100 
5 	 0.208100 
9 	 0.208100 
15 	 0.208100 
19 	 0.208100 
25 	 0.208100 
26 	 0.208100 
30 	 0.208100 
33 	 0.208100 
35 	 0.208100 
36 	 0.208100 
38 	 0.208100 
47 	 0.208100 
40 	 0.208900 
24 	 0.209100 
44 	 0.209400 
42 	 0.209500 
31 	 0.209700 
14 	 0.209800 
21 	 0.209800 
39 	 0.209900 
11 	 0.210400 
22 	 0.210700 
27 	 0.210800 
24 	 0.211200 
15 	 0.211700 
40 	 0.211800 
12 	 0.212000 
16 	 0.212600 
44 	 0.212800 
45 	 0.212800 
21 	 0.213000 
22 	 0.213600 
42 	 0.213800 
27 	 0.213900 
46 	 0.214100 
10 	 0.214900 
0 	 0.215100 
1 	 0.215100 
2 	 0.215100 
4 	 0.215100 
6 	 0.215100 
8 	 0.215100 
11 	 0.215100 
12 	 0.215100 
13 	 0.215100 
14 	 0.215100 
16 	 0.215100 
17 	 0.215100 
18 	 0.215100 
20 	 0.215100 
21 	 0.215100 
23 	 0.215100 
24 	 0.215100 
25 	 0.215100 
26 	 0.215100 
29 	 0.215100 
30 	 0.215100 
31 	 0.215100 
32 	 0.215100 
35 	 0.215100 
38 	 0.215100 
39 	 0.215100 
40 	 0.215100 
41 	 0.215100 
44 	 0.215100 
47 	 0.215100 
48 	 0.215100 
5 	 0.216100 
7 	 0.216100 
9 	 0.216100 
10 	 0.216100 
28 	 0.216100 
33 	 0.216100 
42 	 0.216100 
45 	 0.216100 
49 	 0.216100 
15 	 0.216200 
35 	 0.217000 
0 	 0.217100 
1 	 0.217100 
3 	 0.217100 
8 	 0.217100 
11 	 0.217100 
12 	 0.217100 
13 	 0.217100 
14 	 0.217100 
17 	 0.217100 
18 	 0.217100 
19 	 0.217100 
22 	 0.217100 
23 	 0.217100 
24 	 0.217100 
27 	 0.217100 
30 	 0.217100 
31 	 0.217100 
32 	 0.217100 
34 	 0.217100 
37 	 0.217100 
39 	 0.217100 
40 	 0.217100 
43 	 0.217100 
46 	 0.217100 
47 	 0.217100 
48 	 0.217100 
6 	 0.218100 
9 	 0.218100 
10 	 0.218100 
16 	 0.218100 
21 	 0.218100 
26 	 0.218100 
28 	 0.218100 
33 	 0.218100 
36 	 0.218100 
38 	 0.218100 
41 	 0.218100 
44 	 0.218500 
4 	 0.218900 
0 	 0.219100 
2 	 0.219100 
3 	 0.219100 
5 	 0.219100 
12 	 0.219100 
13 	 0.219100 
14 	 0.219100 
17 	 0.219100 
18 	 0.219100 
23 	 0.219100 
24 	 0.219100 
25 	 0.219100 
27 	 0.219100 
30 	 0.219100 
31 	 0.219100 
32 	 0.219100 
37 	 0.219100 
39 	 0.219100 
42 	 0.219100 
43 	 0.219100 
48 	 0.219100 
1 	 0.220100 
6 	 0.220100 
10 	 0.220100 
11 	 0.220100 
15 	 0.220100 
16 	 0.220100 
19 	 0.220100 
26 	 0.220100 
28 	 0.220100 
29 	 0.220100 
33 	 0.220100 
34 	 0.220100 
35 	 0.220100 
38 	 0.220100 
40 	 0.220100 
41 	 0.220100 
47 	 0.220100 
21 	 0.220200 
8 	 0.220900 
45 	 0.220900 
3 	 0.221000 
0 	 0.221100 
2 	 0.221100 
5 	 0.221100 
12 	 0.221100 
13 	 0.221100 
17 	 0.221100 
18 	 0.221100 
22 	 0.221100 
25 	 0.221100 
30 	 0.221100 
31 	 0.221100 
32 	 0.221100 
36 	 0.221100 
37 	 0.221100 
44 	 0.221100 
46 	 0.221100 
48 	 0.221100 
24 	 0.221300 
27 	 0.221800 
4 	 0.221900 
6 	 0.222100 
7 	 0.222100 
8 	 0.222100 
9 	 0.222100 
10 	 0.222100 
11 	 0.222100 
14 	 0.222100 
15 	 0.222100 
19 	 0.222100 
20 	 0.222100 
21 	 0.222100 
23 	 0.222100 
28 	 0.222100 
33 	 0.222100 
35 	 0.222100 
38 	 0.222100 
41 	 0.222100 
42 	 0.222100 
49 	 0.222100 
39 	 0.222400 
40 	 0.222700 
1 	 0.223100 
3 	 0.223100 
4 	 0.223100 
5 	 0.223100 
12 	 0.223100 
13 	 0.223100 
17 	 0.223100 
22 	 0.223100 
24 	 0.223100 
25 	 0.223100 
30 	 0.223100 
34 	 0.223100 
36 	 0.223100 
37 	 0.223100 
45 	 0.223100 
46 	 0.223100 
48 	 0.223100 
44 	 0.223300 
31 	 0.223400 
0 	 0.224100 
6 	 0.224100 
8 	 0.224100 
9 	 0.224100 
10 	 0.224100 
14 	 0.224100 
16 	 0.224100 
18 	 0.224100 
19 	 0.224100 
23 	 0.224100 
27 	 0.224100 
28 	 0.224100 
29 	 0.224100 
32 	 0.224100 
33 	 0.224100 
38 	 0.224100 
39 	 0.224100 
41 	 0.224100 
47 	 0.224100 
15 	 0.224300 
20 	 0.224300 
11 	 0.224400 
44 	 0.224900 
21 	 0.225000 
2 	 0.225100 
3 	 0.225100 
5 	 0.225100 
12 	 0.225100 
13 	 0.225100 
22 	 0.225100 
25 	 0.225100 
34 	 0.225100 
35 	 0.225100 
36 	 0.225100 
37 	 0.225100 
40 	 0.225100 
42 	 0.225100 
45 	 0.225100 
46 	 0.225100 
48 	 0.225100 
49 	 0.225100 
17 	 0.225300 
24 	 0.225500 
0 	 0.226100 
15 	 0.226100 
16 	 0.226100 
18 	 0.226100 
19 	 0.226100 
23 	 0.226100 
26 	 0.226100 
28 	 0.226100 
29 	 0.226100 
30 	 0.226100 
32 	 0.226100 
33 	 0.226100 
39 	 0.226100 
41 	 0.226100 
44 	 0.226100 
47 	 0.226100 
8 	 0.226300 
27 	 0.226400 
21 	 0.226800 
4 	 0.227000 
1 	 0.227100 
2 	 0.227100 
3 	 0.227100 
5 	 0.227100 
6 	 0.227100 
9 	 0.227100 
10 	 0.227100 
11 	 0.227100 
13 	 0.227100 
14 	 0.227100 
17 	 0.227100 
22 	 0.227100 
24 	 0.227100 
25 	 0.227100 
34 	 0.227100 
35 	 0.227100 
37 	 0.227100 
38 	 0.227100 
40 	 0.227100 
43 	 0.227100 
46 	 0.227100 
48 	 0.227100 
15 	 0.227700 
8 	 0.228100 
12 	 0.228100 
18 	 0.228100 
19 	 0.228100 
21 	 0.228100 
23 	 0.228100 
31 	 0.228100 
33 	 0.228100 
36 	 0.228100 
41 	 0.228100 
47 	 0.228100 
39 	 0.228200 
44 	 0.228300 
42 	 0.228500 
45 	 0.228500 
27 	 0.228700 
0 	 0.229000 
4 	 0.229000 
3 	 0.229100 
5 	 0.229100 
6 	 0.229100 
10 	 0.229100 
13 	 0.229100 
15 	 0.229100 
17 	 0.229100 
24 	 0.229100 
28 	 0.229100 
29 	 0.229100 
30 	 0.229100 
32 	 0.229100 
37 	 0.229100 
38 	 0.229100 
40 	 0.229100 
48 	 0.229100 
11 	 0.229200 
14 	 0.229900 
22 	 0.229900 
35 	 0.230000 
1 	 0.230100 
2 	 0.230100 
8 	 0.230100 
9 	 0.230100 
12 	 0.230100 
19 	 0.230100 
21 	 0.230100 
23 	 0.230100 
25 	 0.230100 
26 	 0.230100 
33 	 0.230100 
36 	 0.230100 
39 	 0.230100 
41 	 0.230100 
44 	 0.230100 
45 	 0.230100 
46 	 0.230100 
24 	 0.230500 
42 	 0.230500 
11 	 0.230800 
27 	 0.231000 
0 	 0.231100 
3 	 0.231100 
4 	 0.231100 
6 	 0.231100 
10 	 0.231100 
14 	 0.231100 
15 	 0.231100 
16 	 0.231100 
17 	 0.231100 
20 	 0.231100 
28 	 0.231100 
29 	 0.231100 
30 	 0.231100 
32 	 0.231100 
37 	 0.231100 
38 	 0.231100 
40 	 0.231100 
47 	 0.231100 
48 	 0.231100 
33 	 0.231800 
25 	 0.231900 
35 	 0.232000 
2 	 0.232100 
5 	 0.232100 
8 	 0.232100 
9 	 0.232100 
11 	 0.232100 
13 	 0.232100 
23 	 0.232100 
24 	 0.232100 
26 	 0.232100 
36 	 0.232100 
39 	 0.232100 
41 	 0.232100 
42 	 0.232100 
44 	 0.232100 
45 	 0.232500 
21 	 0.232600 
37 	 0.232800 
30 	 0.233000 
3 	 0.233100 
6 	 0.233100 
10 	 0.233100 
12 	 0.233100 
14 	 0.233100 
15 	 0.233100 
17 	 0.233100 
18 	 0.233100 
20 	 0.233100 
22 	 0.233100 
25 	 0.233100 
27 	 0.233100 
33 	 0.233100 
34 	 0.233100 
38 	 0.233100 
40 	 0.233100 
46 	 0.233100 
47 	 0.233100 
48 	 0.233100 
32 	 0.233900 
0 	 0.234100 
1 	 0.234100 
4 	 0.234100 
5 	 0.234100 
8 	 0.234100 
9 	 0.234100 
11 	 0.234100 
13 	 0.234100 
19 	 0.234100 
23 	 0.234100 
24 	 0.234100 
28 	 0.234100 
31 	 0.234100 
37 	 0.234100 
41 	 0.234100 
42 	 0.234100 
44 	 0.234100 
45 	 0.234100 
49 	 0.234100 
30 	 0.234800 
2 	 0.235100 
3 	 0.235100 
6 	 0.235100 
10 	 0.235100 
12 	 0.235100 
14 	 0.235100 
15 	 0.235100 
16 	 0.235100 
17 	 0.235100 
18 	 0.235100 
21 	 0.235100 
22 	 0.235100 
25 	 0.235100 
29 	 0.235100 
32 	 0.235100 
33 	 0.235100 
34 	 0.235100 
35 	 0.235100 
36 	 0.235100 
38 	 0.235100 
39 	 0.235100 
40 	 0.235100 
43 	 0.235100 
46 	 0.235100 
47 	 0.235100 
27 	 0.235700 
11 	 0.235800 
0 	 0.235900 
24 	 0.235900 
7 	 0.236100 
8 	 0.236100 
9 	 0.236100 
13 	 0.236100 
19 	 0.236100 
23 	 0.236100 
26 	 0.236100 
37 	 0.236100 
41 	 0.236100 
48 	 0.236100 
49 	 0.236100 
30 	 0.236500 
45 	 0.236500 
44 	 0.236900 
0 	 0.237100 
3 	 0.237100 
5 	 0.237100 
11 	 0.237100 
14 	 0.237100 
17 	 0.237100 
18 	 0.237100 
22 	 0.237100 
24 	 0.237100 
28 	 0.237100 
29 	 0.237100 
33 	 0.237100 
34 	 0.237100 
35 	 0.237100 
36 	 0.237100 
38 	 0.237100 
40 	 0.237100 
43 	 0.237100 
46 	 0.237100 
47 	 0.237100 
42 	 0.237200 
12 	 0.237600 
15 	 0.237700 
27 	 0.237800 
2 	 0.238100 
8 	 0.238100 
9 	 0.238100 
10 	 0.238100 
13 	 0.238100 
16 	 0.238100 
19 	 0.238100 
20 	 0.238100 
21 	 0.238100 
26 	 0.238100 
30 	 0.238100 
32 	 0.238100 
37 	 0.238100 
41 	 0.238100 
44 	 0.238100 
45 	 0.238100 
48 	 0.238100 
49 	 0.238100 
39 	 0.238200 
3 	 0.239100 
4 	 0.239100 
5 	 0.239100 
6 	 0.239100 
11 	 0.239100 
12 	 0.239100 
14 	 0.239100 
15 	 0.239100 
22 	 0.239100 
23 	 0.239100 
24 	 0.239100 
28 	 0.239100 
33 	 0.239100 
38 	 0.239100 
43 	 0.239100 
46 	 0.239100 
47 	 0.239100 
0 	 0.239200 
31 	 0.239600 
27 	 0.240100 
44 	 0.240100 
39 	 0.240300 
42 	 0.240300 
45 	 0.240500 
21 	 0.241000 
8 	 0.241100 
14 	 0.241300 
22 	 0.241700 
35 	 0.241700 
15 	 0.241800 
11 	 0.241900 
47 	 0.242000 
42 	 0.242200 
39 	 0.242300 
44 	 0.242500 
45 	 0.242500 
27 	 0.242700 
21 	 0.243000 
8 	 0.243200 
11 	 0.243800 
14 	 0.243800 
22 	 0.244000 
46 	 0.244100 
3 	 0.244300 
44 	 0.244500 
7 	 0.244600 
27 	 0.244800 
42 	 0.244800 
8 	 0.245200 
16 	 0.245400 
10 	 0.245500 
30 	 0.245900 
15 	 0.246000 
11 	 0.246500 
42 	 0.246800 
21 	 0.247400 
22 	 0.247400 
39 	 0.247500 
0 	 0.248100 
1 	 0.248100 
4 	 0.248100 
5 	 0.248100 
6 	 0.248100 
11 	 0.248100 
12 	 0.248100 
13 	 0.248100 
16 	 0.248100 
18 	 0.248100 
19 	 0.248100 
20 	 0.248100 
23 	 0.248100 
24 	 0.248100 
26 	 0.248100 
28 	 0.248100 
30 	 0.248100 
33 	 0.248100 
34 	 0.248100 
35 	 0.248100 
37 	 0.248100 
38 	 0.248100 
40 	 0.248100 
42 	 0.248100 
43 	 0.248100 
45 	 0.248100 
47 	 0.248100 
48 	 0.248100 
27 	 0.248700 
3 	 0.249100 
8 	 0.249100 
10 	 0.249100 
15 	 0.249100 
17 	 0.249100 
22 	 0.249100 
25 	 0.249100 
29 	 0.249100 
32 	 0.249100 
36 	 0.249100 
41 	 0.249100 
44 	 0.249100 
46 	 0.249100 
49 	 0.249100 
-2 	 -2 
