1 	 0.001100 
2 	 0.001100 
3 	 0.001100 
4 	 0.001100 
10 	 0.001100 
11 	 0.001100 
14 	 0.001100 
16 	 0.001100 
17 	 0.001100 
18 	 0.001100 
19 	 0.001100 
21 	 0.001100 
23 	 0.001100 
25 	 0.001100 
27 	 0.001100 
28 	 0.001100 
30 	 0.001100 
32 	 0.001100 
33 	 0.001100 
34 	 0.001100 
35 	 0.001100 
36 	 0.001100 
37 	 0.001100 
43 	 0.001100 
46 	 0.001100 
48 	 0.001100 
49 	 0.001100 
0 	 0.002100 
6 	 0.002100 
8 	 0.002100 
12 	 0.002100 
13 	 0.002100 
22 	 0.002100 
24 	 0.002100 
29 	 0.002100 
38 	 0.002100 
39 	 0.002100 
40 	 0.002100 
45 	 0.002100 
47 	 0.002100 
1 	 0.003100 
11 	 0.003100 
14 	 0.003100 
15 	 0.003100 
18 	 0.003100 
20 	 0.003100 
23 	 0.003100 
25 	 0.003100 
26 	 0.003100 
27 	 0.003100 
28 	 0.003100 
30 	 0.003100 
33 	 0.003100 
36 	 0.003100 
43 	 0.003100 
44 	 0.003100 
46 	 0.003100 
48 	 0.003100 
49 	 0.003100 
3 	 0.004100 
4 	 0.004100 
6 	 0.004100 
8 	 0.004100 
9 	 0.004100 
10 	 0.004100 
19 	 0.004100 
34 	 0.004100 
37 	 0.004100 
40 	 0.004100 
47 	 0.004100 
22 	 0.004200 
42 	 0.004800 
5 	 0.005100 
7 	 0.005100 
14 	 0.005100 
15 	 0.005100 
16 	 0.005100 
17 	 0.005100 
20 	 0.005100 
23 	 0.005100 
24 	 0.005100 
25 	 0.005100 
26 	 0.005100 
29 	 0.005100 
30 	 0.005100 
32 	 0.005100 
35 	 0.005100 
44 	 0.005100 
48 	 0.005100 
49 	 0.005100 
43 	 0.005700 
1 	 0.006100 
2 	 0.006100 
4 	 0.006100 
10 	 0.006100 
18 	 0.006100 
19 	 0.006100 
21 	 0.006100 
22 	 0.006100 
28 	 0.006100 
31 	 0.006100 
34 	 0.006100 
36 	 0.006100 
37 	 0.006100 
38 	 0.006100 
40 	 0.006100 
42 	 0.006100 
46 	 0.006100 
0 	 0.007100 
6 	 0.007100 
7 	 0.007100 
8 	 0.007100 
14 	 0.007100 
15 	 0.007100 
16 	 0.007100 
17 	 0.007100 
20 	 0.007100 
26 	 0.007100 
29 	 0.007100 
30 	 0.007100 
33 	 0.007100 
43 	 0.007100 
44 	 0.007100 
45 	 0.007100 
49 	 0.007100 
19 	 0.008100 
21 	 0.008100 
22 	 0.008100 
24 	 0.008100 
27 	 0.008100 
32 	 0.008100 
35 	 0.008100 
36 	 0.008100 
37 	 0.008100 
42 	 0.008100 
46 	 0.008100 
47 	 0.008100 
48 	 0.008100 
25 	 0.008300 
40 	 0.008300 
23 	 0.008900 
0 	 0.009100 
2 	 0.009100 
5 	 0.009100 
11 	 0.009100 
12 	 0.009100 
14 	 0.009100 
15 	 0.009100 
16 	 0.009100 
17 	 0.009100 
18 	 0.009100 
20 	 0.009100 
28 	 0.009100 
29 	 0.009100 
30 	 0.009100 
33 	 0.009100 
34 	 0.009100 
39 	 0.009100 
43 	 0.009100 
45 	 0.009100 
7 	 0.009500 
6 	 0.009600 
37 	 0.010000 
1 	 0.010100 
9 	 0.010100 
19 	 0.010100 
26 	 0.010100 
35 	 0.010100 
36 	 0.010100 
38 	 0.010100 
47 	 0.010100 
48 	 0.010100 
49 	 0.010100 
41 	 0.010500 
22 	 0.010700 
25 	 0.010800 
8 	 0.010900 
42 	 0.010900 
40 	 0.011000 
5 	 0.011100 
4 	 0.011300 
6 	 0.011700 
14 	 0.011700 
21 	 0.011700 
1 	 0.012100 
3 	 0.012100 
7 	 0.012100 
8 	 0.012100 
9 	 0.012100 
11 	 0.012100 
16 	 0.012100 
17 	 0.012100 
18 	 0.012100 
19 	 0.012100 
24 	 0.012100 
28 	 0.012100 
29 	 0.012100 
30 	 0.012100 
31 	 0.012100 
33 	 0.012100 
36 	 0.012100 
37 	 0.012100 
38 	 0.012100 
39 	 0.012100 
42 	 0.012100 
43 	 0.012100 
44 	 0.012100 
47 	 0.012100 
48 	 0.012100 
49 	 0.012100 
46 	 0.012400 
45 	 0.012500 
40 	 0.012900 
23 	 0.013000 
5 	 0.013100 
12 	 0.013100 
20 	 0.013100 
21 	 0.013100 
22 	 0.013100 
26 	 0.013100 
27 	 0.013100 
32 	 0.013100 
34 	 0.013100 
14 	 0.013700 
6 	 0.013800 
37 	 0.014000 
2 	 0.014100 
4 	 0.014100 
9 	 0.014100 
10 	 0.014100 
18 	 0.014100 
19 	 0.014100 
24 	 0.014100 
25 	 0.014100 
30 	 0.014100 
33 	 0.014100 
36 	 0.014100 
39 	 0.014100 
41 	 0.014100 
43 	 0.014100 
44 	 0.014100 
45 	 0.014100 
46 	 0.014100 
48 	 0.014100 
49 	 0.014100 
7 	 0.014300 
22 	 0.015000 
23 	 0.015000 
40 	 0.015000 
42 	 0.015400 
1 	 0.016100 
5 	 0.016100 
7 	 0.016100 
8 	 0.016100 
9 	 0.016100 
11 	 0.016100 
13 	 0.016100 
14 	 0.016100 
18 	 0.016100 
19 	 0.016100 
24 	 0.016100 
25 	 0.016100 
27 	 0.016100 
29 	 0.016100 
30 	 0.016100 
31 	 0.016100 
32 	 0.016100 
33 	 0.016100 
34 	 0.016100 
35 	 0.016100 
37 	 0.016100 
39 	 0.016100 
44 	 0.016100 
45 	 0.016100 
46 	 0.016100 
48 	 0.016100 
4 	 0.016200 
21 	 0.016300 
0 	 0.017100 
6 	 0.017100 
10 	 0.017100 
15 	 0.017100 
16 	 0.017100 
17 	 0.017100 
23 	 0.017100 
26 	 0.017100 
28 	 0.017100 
40 	 0.017100 
49 	 0.017100 
22 	 0.017400 
41 	 0.017600 
34 	 0.017800 
42 	 0.017900 
44 	 0.018000 
1 	 0.018100 
3 	 0.018100 
4 	 0.018100 
5 	 0.018100 
8 	 0.018100 
9 	 0.018100 
12 	 0.018100 
14 	 0.018100 
18 	 0.018100 
19 	 0.018100 
25 	 0.018100 
27 	 0.018100 
29 	 0.018100 
30 	 0.018100 
31 	 0.018100 
32 	 0.018100 
33 	 0.018100 
36 	 0.018100 
37 	 0.018100 
38 	 0.018100 
43 	 0.018100 
45 	 0.018100 
46 	 0.018100 
47 	 0.018100 
48 	 0.018100 
21 	 0.018300 
0 	 0.019100 
7 	 0.019100 
10 	 0.019100 
15 	 0.019100 
16 	 0.019100 
17 	 0.019100 
20 	 0.019100 
24 	 0.019100 
28 	 0.019100 
39 	 0.019100 
22 	 0.019300 
40 	 0.019300 
4 	 0.019900 
42 	 0.019900 
1 	 0.020000 
12 	 0.020000 
23 	 0.020000 
5 	 0.020100 
9 	 0.020100 
14 	 0.020100 
18 	 0.020100 
21 	 0.020100 
25 	 0.020100 
26 	 0.020100 
27 	 0.020100 
29 	 0.020100 
30 	 0.020100 
41 	 0.020100 
46 	 0.020100 
48 	 0.020100 
49 	 0.020100 
36 	 0.020400 
37 	 0.020700 
3 	 0.020900 
6 	 0.020900 
7 	 0.021100 
10 	 0.021100 
11 	 0.021100 
16 	 0.021100 
24 	 0.021100 
28 	 0.021100 
33 	 0.021100 
34 	 0.021100 
38 	 0.021100 
39 	 0.021100 
42 	 0.021100 
43 	 0.021100 
45 	 0.021100 
17 	 0.021300 
22 	 0.021300 
40 	 0.021500 
14 	 0.021900 
4 	 0.022100 
48 	 0.022100 
37 	 0.022600 
46 	 0.022600 
5 	 0.023100 
7 	 0.023100 
8 	 0.023100 
11 	 0.023100 
12 	 0.023100 
15 	 0.023100 
16 	 0.023100 
20 	 0.023100 
23 	 0.023100 
25 	 0.023100 
26 	 0.023100 
28 	 0.023100 
29 	 0.023100 
30 	 0.023100 
32 	 0.023100 
38 	 0.023100 
40 	 0.023100 
42 	 0.023100 
43 	 0.023100 
45 	 0.023100 
49 	 0.023100 
22 	 0.023300 
33 	 0.023400 
3 	 0.023600 
14 	 0.023700 
6 	 0.023900 
2 	 0.024100 
4 	 0.024100 
9 	 0.024100 
27 	 0.024100 
34 	 0.024100 
37 	 0.024100 
44 	 0.024100 
46 	 0.024100 
48 	 0.024100 
41 	 0.024800 
42 	 0.024900 
49 	 0.025000 
0 	 0.025100 
5 	 0.025100 
6 	 0.025100 
11 	 0.025100 
14 	 0.025100 
15 	 0.025100 
17 	 0.025100 
19 	 0.025100 
21 	 0.025100 
22 	 0.025100 
24 	 0.025100 
25 	 0.025100 
26 	 0.025100 
28 	 0.025100 
29 	 0.025100 
33 	 0.025100 
35 	 0.025100 
36 	 0.025100 
38 	 0.025100 
39 	 0.025100 
47 	 0.025100 
40 	 0.025200 
23 	 0.025400 
45 	 0.025800 
34 	 0.025900 
4 	 0.026000 
8 	 0.026100 
9 	 0.026100 
20 	 0.026100 
30 	 0.026100 
31 	 0.026100 
37 	 0.026100 
42 	 0.026100 
44 	 0.026100 
46 	 0.026100 
48 	 0.026100 
7 	 0.026500 
1 	 0.027100 
5 	 0.027100 
11 	 0.027100 
14 	 0.027100 
16 	 0.027100 
17 	 0.027100 
19 	 0.027100 
21 	 0.027100 
22 	 0.027100 
23 	 0.027100 
27 	 0.027100 
28 	 0.027100 
32 	 0.027100 
33 	 0.027100 
34 	 0.027100 
39 	 0.027100 
40 	 0.027100 
45 	 0.027100 
49 	 0.027100 
43 	 0.027700 
25 	 0.027800 
2 	 0.028100 
4 	 0.028100 
12 	 0.028100 
20 	 0.028100 
29 	 0.028100 
30 	 0.028100 
37 	 0.028100 
42 	 0.028100 
44 	 0.028100 
46 	 0.028100 
48 	 0.028100 
41 	 0.028600 
24 	 0.028700 
6 	 0.028800 
17 	 0.028900 
1 	 0.029100 
7 	 0.029100 
11 	 0.029100 
14 	 0.029100 
16 	 0.029100 
19 	 0.029100 
21 	 0.029100 
22 	 0.029100 
25 	 0.029100 
26 	 0.029100 
27 	 0.029100 
28 	 0.029100 
31 	 0.029100 
33 	 0.029100 
43 	 0.029100 
45 	 0.029100 
49 	 0.029100 
40 	 0.029500 
42 	 0.029900 
4 	 0.030600 
37 	 0.030600 
3 	 0.030800 
23 	 0.030900 
1 	 0.031100 
5 	 0.031100 
7 	 0.031100 
9 	 0.031100 
12 	 0.031100 
14 	 0.031100 
18 	 0.031100 
19 	 0.031100 
20 	 0.031100 
21 	 0.031100 
25 	 0.031100 
26 	 0.031100 
28 	 0.031100 
29 	 0.031100 
30 	 0.031100 
32 	 0.031100 
35 	 0.031100 
40 	 0.031100 
41 	 0.031100 
43 	 0.031100 
45 	 0.031100 
49 	 0.031100 
42 	 0.031900 
2 	 0.032100 
3 	 0.032100 
4 	 0.032100 
6 	 0.032100 
16 	 0.032100 
22 	 0.032100 
23 	 0.032100 
24 	 0.032100 
27 	 0.032100 
34 	 0.032100 
37 	 0.032100 
39 	 0.032100 
47 	 0.032100 
17 	 0.032400 
40 	 0.033000 
8 	 0.033100 
9 	 0.033100 
11 	 0.033100 
18 	 0.033100 
19 	 0.033100 
21 	 0.033100 
28 	 0.033100 
29 	 0.033100 
32 	 0.033100 
38 	 0.033100 
41 	 0.033100 
42 	 0.033100 
43 	 0.033100 
44 	 0.033100 
45 	 0.033100 
46 	 0.033100 
48 	 0.033100 
49 	 0.033100 
7 	 0.033200 
14 	 0.033400 
6 	 0.033700 
4 	 0.034100 
10 	 0.034100 
16 	 0.034100 
20 	 0.034100 
25 	 0.034100 
27 	 0.034100 
33 	 0.034100 
34 	 0.034100 
37 	 0.034100 
39 	 0.034100 
47 	 0.034100 
23 	 0.034300 
17 	 0.034400 
3 	 0.034900 
22 	 0.034900 
40 	 0.035000 
1 	 0.035100 
5 	 0.035100 
13 	 0.035100 
14 	 0.035100 
15 	 0.035100 
18 	 0.035100 
19 	 0.035100 
21 	 0.035100 
24 	 0.035100 
26 	 0.035100 
30 	 0.035100 
32 	 0.035100 
35 	 0.035100 
36 	 0.035100 
38 	 0.035100 
41 	 0.035100 
45 	 0.035100 
48 	 0.035100 
9 	 0.035200 
12 	 0.035200 
37 	 0.036000 
10 	 0.036100 
11 	 0.036100 
16 	 0.036100 
20 	 0.036100 
22 	 0.036100 
23 	 0.036100 
25 	 0.036100 
27 	 0.036100 
33 	 0.036100 
34 	 0.036100 
39 	 0.036100 
42 	 0.036100 
29 	 0.036600 
40 	 0.036900 
21 	 0.037100 
17 	 0.037300 
7 	 0.037400 
35 	 0.037500 
14 	 0.037900 
10 	 0.038000 
1 	 0.038100 
3 	 0.038100 
4 	 0.038100 
5 	 0.038100 
8 	 0.038100 
9 	 0.038100 
12 	 0.038100 
15 	 0.038100 
16 	 0.038100 
20 	 0.038100 
23 	 0.038100 
24 	 0.038100 
25 	 0.038100 
28 	 0.038100 
31 	 0.038100 
32 	 0.038100 
33 	 0.038100 
37 	 0.038100 
38 	 0.038100 
39 	 0.038100 
43 	 0.038100 
45 	 0.038100 
46 	 0.038100 
48 	 0.038100 
49 	 0.038100 
22 	 0.038900 
40 	 0.038900 
2 	 0.039100 
17 	 0.039100 
18 	 0.039100 
19 	 0.039100 
21 	 0.039100 
27 	 0.039100 
29 	 0.039100 
30 	 0.039100 
34 	 0.039100 
44 	 0.039100 
47 	 0.039100 
7 	 0.039200 
42 	 0.039400 
12 	 0.039900 
14 	 0.040000 
1 	 0.040100 
4 	 0.040100 
5 	 0.040100 
8 	 0.040100 
9 	 0.040100 
11 	 0.040100 
13 	 0.040100 
22 	 0.040100 
24 	 0.040100 
25 	 0.040100 
26 	 0.040100 
28 	 0.040100 
31 	 0.040100 
33 	 0.040100 
37 	 0.040100 
38 	 0.040100 
40 	 0.040100 
43 	 0.040100 
45 	 0.040100 
46 	 0.040100 
48 	 0.040100 
49 	 0.040100 
20 	 0.040200 
23 	 0.040600 
0 	 0.041100 
7 	 0.041100 
15 	 0.041100 
27 	 0.041100 
29 	 0.041100 
30 	 0.041100 
32 	 0.041100 
36 	 0.041100 
39 	 0.041100 
42 	 0.041100 
34 	 0.041400 
12 	 0.041800 
3 	 0.041900 
20 	 0.041900 
21 	 0.041900 
14 	 0.042000 
1 	 0.042100 
4 	 0.042100 
8 	 0.042100 
10 	 0.042100 
11 	 0.042100 
16 	 0.042100 
17 	 0.042100 
18 	 0.042100 
24 	 0.042100 
25 	 0.042100 
45 	 0.042100 
48 	 0.042100 
49 	 0.042100 
40 	 0.042300 
13 	 0.042500 
37 	 0.042600 
15 	 0.042700 
43 	 0.042700 
23 	 0.043000 
6 	 0.043100 
7 	 0.043100 
12 	 0.043100 
19 	 0.043100 
20 	 0.043100 
21 	 0.043100 
22 	 0.043100 
26 	 0.043100 
27 	 0.043100 
28 	 0.043100 
30 	 0.043100 
31 	 0.043100 
33 	 0.043100 
34 	 0.043100 
46 	 0.043100 
47 	 0.043100 
42 	 0.043400 
41 	 0.043500 
40 	 0.044300 
13 	 0.044400 
14 	 0.044500 
37 	 0.044600 
3 	 0.044700 
23 	 0.044700 
43 	 0.044800 
6 	 0.045200 
24 	 0.045200 
15 	 0.045800 
21 	 0.045900 
42 	 0.046000 
1 	 0.046100 
4 	 0.046100 
11 	 0.046100 
12 	 0.046100 
13 	 0.046100 
14 	 0.046100 
16 	 0.046100 
17 	 0.046100 
20 	 0.046100 
28 	 0.046100 
30 	 0.046100 
32 	 0.046100 
35 	 0.046100 
38 	 0.046100 
40 	 0.046100 
46 	 0.046100 
49 	 0.046100 
22 	 0.046200 
7 	 0.046500 
45 	 0.046800 
37 	 0.047000 
2 	 0.047100 
5 	 0.047100 
6 	 0.047100 
18 	 0.047100 
19 	 0.047100 
21 	 0.047100 
23 	 0.047100 
24 	 0.047100 
25 	 0.047100 
27 	 0.047100 
29 	 0.047100 
33 	 0.047100 
34 	 0.047100 
47 	 0.047100 
48 	 0.047100 
3 	 0.047500 
43 	 0.047700 
41 	 0.047900 
1 	 0.048100 
7 	 0.048100 
8 	 0.048100 
16 	 0.048100 
20 	 0.048100 
26 	 0.048100 
28 	 0.048100 
32 	 0.048100 
38 	 0.048100 
40 	 0.048100 
46 	 0.048100 
15 	 0.048300 
22 	 0.048300 
14 	 0.048600 
0 	 0.049100 
2 	 0.049100 
5 	 0.049100 
9 	 0.049100 
11 	 0.049100 
13 	 0.049100 
19 	 0.049100 
21 	 0.049100 
23 	 0.049100 
24 	 0.049100 
25 	 0.049100 
27 	 0.049100 
29 	 0.049100 
30 	 0.049100 
33 	 0.049100 
34 	 0.049100 
37 	 0.049100 
44 	 0.049100 
45 	 0.049100 
48 	 0.049100 
49 	 0.049100 
43 	 0.049500 
4 	 0.049800 
6 	 0.049900 
1 	 0.050100 
3 	 0.050100 
7 	 0.050100 
14 	 0.050100 
15 	 0.050100 
16 	 0.050100 
20 	 0.050100 
32 	 0.050100 
35 	 0.050100 
38 	 0.050100 
40 	 0.050100 
42 	 0.050100 
22 	 0.050400 
8 	 0.050700 
23 	 0.050900 
21 	 0.051000 
0 	 0.051100 
2 	 0.051100 
4 	 0.051100 
9 	 0.051100 
11 	 0.051100 
25 	 0.051100 
26 	 0.051100 
27 	 0.051100 
29 	 0.051100 
30 	 0.051100 
31 	 0.051100 
33 	 0.051100 
39 	 0.051100 
43 	 0.051100 
44 	 0.051100 
45 	 0.051100 
46 	 0.051100 
47 	 0.051100 
49 	 0.051100 
37 	 0.052000 
1 	 0.052100 
5 	 0.052100 
6 	 0.052100 
7 	 0.052100 
12 	 0.052100 
14 	 0.052100 
16 	 0.052100 
17 	 0.052100 
19 	 0.052100 
20 	 0.052100 
23 	 0.052100 
24 	 0.052100 
28 	 0.052100 
36 	 0.052100 
40 	 0.052100 
41 	 0.052100 
48 	 0.052100 
13 	 0.052500 
22 	 0.052500 
21 	 0.053300 
35 	 0.053300 
42 	 0.053600 
44 	 0.053600 
40 	 0.053900 
12 	 0.054000 
2 	 0.054100 
5 	 0.054100 
7 	 0.054100 
11 	 0.054100 
15 	 0.054100 
17 	 0.054100 
20 	 0.054100 
23 	 0.054100 
28 	 0.054100 
33 	 0.054100 
34 	 0.054100 
36 	 0.054100 
37 	 0.054100 
38 	 0.054100 
43 	 0.054100 
46 	 0.054100 
47 	 0.054100 
48 	 0.054100 
49 	 0.054100 
4 	 0.054400 
14 	 0.054500 
29 	 0.054600 
0 	 0.055100 
3 	 0.055100 
6 	 0.055100 
10 	 0.055100 
16 	 0.055100 
19 	 0.055100 
21 	 0.055100 
22 	 0.055100 
25 	 0.055100 
30 	 0.055100 
32 	 0.055100 
39 	 0.055100 
40 	 0.055100 
44 	 0.055100 
45 	 0.055100 
37 	 0.056000 
49 	 0.056000 
1 	 0.056100 
4 	 0.056100 
5 	 0.056100 
7 	 0.056100 
9 	 0.056100 
11 	 0.056100 
12 	 0.056100 
14 	 0.056100 
15 	 0.056100 
18 	 0.056100 
20 	 0.056100 
23 	 0.056100 
26 	 0.056100 
28 	 0.056100 
34 	 0.056100 
46 	 0.056100 
42 	 0.056400 
41 	 0.056800 
6 	 0.057100 
8 	 0.057100 
10 	 0.057100 
13 	 0.057100 
16 	 0.057100 
21 	 0.057100 
25 	 0.057100 
29 	 0.057100 
30 	 0.057100 
38 	 0.057100 
39 	 0.057100 
43 	 0.057100 
47 	 0.057100 
48 	 0.057100 
40 	 0.057900 
12 	 0.058000 
0 	 0.058100 
1 	 0.058100 
3 	 0.058100 
4 	 0.058100 
7 	 0.058100 
9 	 0.058100 
11 	 0.058100 
14 	 0.058100 
15 	 0.058100 
17 	 0.058100 
19 	 0.058100 
20 	 0.058100 
24 	 0.058100 
28 	 0.058100 
32 	 0.058100 
35 	 0.058100 
45 	 0.058100 
22 	 0.058400 
37 	 0.058600 
46 	 0.058600 
10 	 0.059000 
29 	 0.059000 
6 	 0.059100 
8 	 0.059100 
16 	 0.059100 
18 	 0.059100 
21 	 0.059100 
25 	 0.059100 
27 	 0.059100 
34 	 0.059100 
36 	 0.059100 
41 	 0.059100 
48 	 0.059100 
49 	 0.059100 
23 	 0.059400 
12 	 0.060100 
47 	 0.060400 
40 	 0.060900 
21 	 0.061100 
37 	 0.061100 
25 	 0.061300 
49 	 0.061400 
42 	 0.061600 
14 	 0.061700 
15 	 0.061900 
23 	 0.061900 
39 	 0.061900 
41 	 0.061900 
22 	 0.062000 
0 	 0.062100 
1 	 0.062100 
2 	 0.062100 
5 	 0.062100 
6 	 0.062100 
9 	 0.062100 
11 	 0.062100 
16 	 0.062100 
17 	 0.062100 
18 	 0.062100 
19 	 0.062100 
24 	 0.062100 
27 	 0.062100 
28 	 0.062100 
29 	 0.062100 
32 	 0.062100 
33 	 0.062100 
34 	 0.062100 
38 	 0.062100 
44 	 0.062100 
45 	 0.062100 
48 	 0.062100 
13 	 0.062500 
8 	 0.062700 
21 	 0.062800 
3 	 0.063100 
7 	 0.063100 
10 	 0.063100 
14 	 0.063100 
20 	 0.063100 
25 	 0.063100 
26 	 0.063100 
37 	 0.063100 
41 	 0.063100 
42 	 0.063100 
43 	 0.063100 
46 	 0.063100 
47 	 0.063100 
49 	 0.063100 
22 	 0.064000 
40 	 0.064000 
1 	 0.064100 
2 	 0.064100 
5 	 0.064100 
11 	 0.064100 
13 	 0.064100 
16 	 0.064100 
17 	 0.064100 
21 	 0.064100 
27 	 0.064100 
28 	 0.064100 
30 	 0.064100 
39 	 0.064100 
45 	 0.064100 
26 	 0.064800 
8 	 0.064900 
24 	 0.064900 
47 	 0.064900 
15 	 0.065000 
3 	 0.065100 
4 	 0.065100 
7 	 0.065100 
9 	 0.065100 
12 	 0.065100 
14 	 0.065100 
20 	 0.065100 
23 	 0.065100 
25 	 0.065100 
29 	 0.065100 
33 	 0.065100 
36 	 0.065100 
37 	 0.065100 
42 	 0.065100 
43 	 0.065100 
46 	 0.065100 
48 	 0.065100 
2 	 0.066100 
5 	 0.066100 
8 	 0.066100 
10 	 0.066100 
18 	 0.066100 
21 	 0.066100 
27 	 0.066100 
28 	 0.066100 
31 	 0.066100 
32 	 0.066100 
38 	 0.066100 
39 	 0.066100 
40 	 0.066100 
41 	 0.066100 
44 	 0.066100 
45 	 0.066100 
49 	 0.066100 
22 	 0.066500 
47 	 0.066900 
14 	 0.067000 
1 	 0.067100 
4 	 0.067100 
13 	 0.067100 
16 	 0.067100 
17 	 0.067100 
25 	 0.067100 
30 	 0.067100 
33 	 0.067100 
35 	 0.067100 
36 	 0.067100 
37 	 0.067100 
42 	 0.067100 
43 	 0.067100 
3 	 0.068100 
5 	 0.068100 
8 	 0.068100 
9 	 0.068100 
10 	 0.068100 
12 	 0.068100 
15 	 0.068100 
18 	 0.068100 
20 	 0.068100 
27 	 0.068100 
28 	 0.068100 
29 	 0.068100 
32 	 0.068100 
34 	 0.068100 
38 	 0.068100 
39 	 0.068100 
46 	 0.068100 
48 	 0.068100 
49 	 0.068100 
40 	 0.068300 
6 	 0.068500 
22 	 0.068700 
45 	 0.068800 
14 	 0.068900 
2 	 0.069100 
11 	 0.069100 
13 	 0.069100 
16 	 0.069100 
17 	 0.069100 
19 	 0.069100 
21 	 0.069100 
24 	 0.069100 
30 	 0.069100 
35 	 0.069100 
37 	 0.069100 
43 	 0.069100 
7 	 0.069200 
42 	 0.069300 
25 	 0.069800 
3 	 0.070100 
5 	 0.070100 
6 	 0.070100 
9 	 0.070100 
18 	 0.070100 
20 	 0.070100 
22 	 0.070100 
23 	 0.070100 
27 	 0.070100 
28 	 0.070100 
29 	 0.070100 
33 	 0.070100 
39 	 0.070100 
40 	 0.070100 
41 	 0.070100 
45 	 0.070100 
47 	 0.070100 
48 	 0.070100 
49 	 0.070100 
8 	 0.070900 
0 	 0.071100 
1 	 0.071100 
7 	 0.071100 
11 	 0.071100 
14 	 0.071100 
17 	 0.071100 
21 	 0.071100 
24 	 0.071100 
26 	 0.071100 
32 	 0.071100 
34 	 0.071100 
36 	 0.071100 
37 	 0.071100 
38 	 0.071100 
44 	 0.071100 
46 	 0.071100 
12 	 0.071500 
4 	 0.071600 
18 	 0.071800 
13 	 0.071900 
25 	 0.071900 
5 	 0.072100 
8 	 0.072100 
9 	 0.072100 
20 	 0.072100 
23 	 0.072100 
27 	 0.072100 
28 	 0.072100 
29 	 0.072100 
30 	 0.072100 
39 	 0.072100 
40 	 0.072100 
41 	 0.072100 
45 	 0.072100 
47 	 0.072100 
48 	 0.072100 
49 	 0.072100 
22 	 0.072700 
42 	 0.072700 
6 	 0.072900 
1 	 0.073100 
37 	 0.073400 
3 	 0.073500 
14 	 0.073500 
24 	 0.073700 
17 	 0.073900 
46 	 0.073900 
21 	 0.074000 
34 	 0.074100 
40 	 0.074200 
45 	 0.074200 
12 	 0.074300 
42 	 0.074300 
49 	 0.074400 
39 	 0.074500 
13 	 0.074900 
1 	 0.075100 
4 	 0.075100 
5 	 0.075100 
7 	 0.075100 
11 	 0.075100 
15 	 0.075100 
16 	 0.075100 
17 	 0.075100 
18 	 0.075100 
23 	 0.075100 
25 	 0.075100 
26 	 0.075100 
27 	 0.075100 
29 	 0.075100 
37 	 0.075100 
47 	 0.075100 
48 	 0.075100 
24 	 0.075700 
34 	 0.075700 
21 	 0.075900 
14 	 0.076000 
2 	 0.076100 
8 	 0.076100 
19 	 0.076100 
20 	 0.076100 
22 	 0.076100 
28 	 0.076100 
32 	 0.076100 
39 	 0.076100 
40 	 0.076100 
44 	 0.076100 
45 	 0.076100 
49 	 0.076100 
42 	 0.076400 
48 	 0.076700 
3 	 0.076900 
23 	 0.077000 
41 	 0.077000 
4 	 0.077100 
5 	 0.077100 
7 	 0.077100 
9 	 0.077100 
13 	 0.077100 
15 	 0.077100 
16 	 0.077100 
24 	 0.077100 
25 	 0.077100 
26 	 0.077100 
29 	 0.077100 
33 	 0.077100 
35 	 0.077100 
37 	 0.077100 
38 	 0.077100 
43 	 0.077100 
46 	 0.077300 
45 	 0.077700 
1 	 0.078100 
3 	 0.078100 
12 	 0.078100 
14 	 0.078100 
20 	 0.078100 
27 	 0.078100 
28 	 0.078100 
32 	 0.078100 
34 	 0.078100 
36 	 0.078100 
39 	 0.078100 
40 	 0.078100 
42 	 0.078100 
47 	 0.078100 
48 	 0.078100 
49 	 0.078100 
22 	 0.078300 
6 	 0.078500 
4 	 0.079100 
5 	 0.079100 
7 	 0.079100 
11 	 0.079100 
16 	 0.079100 
21 	 0.079100 
25 	 0.079100 
29 	 0.079100 
30 	 0.079100 
33 	 0.079100 
43 	 0.079100 
46 	 0.079100 
23 	 0.079800 
37 	 0.080000 
0 	 0.080100 
8 	 0.080100 
9 	 0.080100 
10 	 0.080100 
14 	 0.080100 
19 	 0.080100 
24 	 0.080100 
27 	 0.080100 
28 	 0.080100 
31 	 0.080100 
34 	 0.080100 
35 	 0.080100 
38 	 0.080100 
39 	 0.080100 
40 	 0.080100 
45 	 0.080100 
48 	 0.080100 
47 	 0.080400 
22 	 0.080500 
12 	 0.080800 
1 	 0.081100 
2 	 0.081100 
5 	 0.081100 
7 	 0.081100 
11 	 0.081100 
17 	 0.081100 
18 	 0.081100 
20 	 0.081100 
25 	 0.081100 
29 	 0.081100 
30 	 0.081100 
41 	 0.081100 
49 	 0.081100 
6 	 0.081800 
21 	 0.081900 
9 	 0.082000 
37 	 0.082000 
4 	 0.082100 
12 	 0.082100 
14 	 0.082100 
15 	 0.082100 
16 	 0.082100 
23 	 0.082100 
24 	 0.082100 
28 	 0.082100 
35 	 0.082100 
39 	 0.082100 
40 	 0.082100 
43 	 0.082100 
45 	 0.082100 
48 	 0.082100 
22 	 0.082700 
42 	 0.082700 
47 	 0.082900 
0 	 0.083100 
7 	 0.083100 
11 	 0.083100 
18 	 0.083100 
21 	 0.083100 
26 	 0.083100 
27 	 0.083100 
29 	 0.083100 
32 	 0.083100 
33 	 0.083100 
34 	 0.083100 
49 	 0.083100 
17 	 0.083300 
3 	 0.083800 
14 	 0.083900 
23 	 0.083900 
25 	 0.083900 
39 	 0.084000 
45 	 0.084000 
4 	 0.084100 
9 	 0.084100 
22 	 0.084100 
24 	 0.084100 
28 	 0.084100 
35 	 0.084100 
36 	 0.084100 
38 	 0.084100 
40 	 0.084100 
41 	 0.084100 
43 	 0.084100 
46 	 0.084100 
15 	 0.084400 
6 	 0.084500 
37 	 0.084700 
47 	 0.084900 
0 	 0.085100 
5 	 0.085100 
7 	 0.085100 
11 	 0.085100 
16 	 0.085100 
17 	 0.085100 
19 	 0.085100 
20 	 0.085100 
25 	 0.085100 
27 	 0.085100 
29 	 0.085100 
44 	 0.085100 
49 	 0.085100 
12 	 0.085200 
21 	 0.085800 
14 	 0.085900 
39 	 0.085900 
42 	 0.085900 
3 	 0.086100 
4 	 0.086100 
8 	 0.086100 
9 	 0.086100 
22 	 0.086100 
23 	 0.086100 
26 	 0.086100 
28 	 0.086100 
30 	 0.086100 
32 	 0.086100 
33 	 0.086100 
37 	 0.086100 
43 	 0.086100 
40 	 0.086200 
48 	 0.086900 
5 	 0.087100 
7 	 0.087100 
11 	 0.087100 
13 	 0.087100 
14 	 0.087100 
17 	 0.087100 
18 	 0.087100 
20 	 0.087100 
21 	 0.087100 
24 	 0.087100 
25 	 0.087100 
29 	 0.087100 
34 	 0.087100 
46 	 0.087100 
49 	 0.087100 
6 	 0.087300 
45 	 0.087800 
12 	 0.087900 
22 	 0.087900 
42 	 0.087900 
16 	 0.088100 
35 	 0.088100 
40 	 0.088200 
23 	 0.088300 
37 	 0.088700 
4 	 0.088800 
19 	 0.088800 
5 	 0.089000 
39 	 0.089100 
29 	 0.089200 
14 	 0.089600 
46 	 0.089600 
42 	 0.089900 
21 	 0.090100 
35 	 0.090100 
12 	 0.090400 
40 	 0.090400 
22 	 0.090500 
41 	 0.090500 
48 	 0.090600 
23 	 0.090800 
1 	 0.091100 
2 	 0.091100 
3 	 0.091100 
4 	 0.091100 
5 	 0.091100 
6 	 0.091100 
7 	 0.091100 
9 	 0.091100 
11 	 0.091100 
13 	 0.091100 
14 	 0.091100 
15 	 0.091100 
17 	 0.091100 
20 	 0.091100 
24 	 0.091100 
25 	 0.091100 
27 	 0.091100 
28 	 0.091100 
29 	 0.091100 
30 	 0.091100 
32 	 0.091100 
38 	 0.091100 
39 	 0.091100 
44 	 0.091100 
45 	 0.091100 
21 	 0.092000 
37 	 0.092000 
0 	 0.092100 
10 	 0.092100 
12 	 0.092100 
18 	 0.092100 
23 	 0.092100 
33 	 0.092100 
34 	 0.092100 
36 	 0.092100 
40 	 0.092100 
41 	 0.092100 
47 	 0.092100 
22 	 0.092300 
42 	 0.092400 
19 	 0.092600 
48 	 0.092700 
2 	 0.093100 
5 	 0.093100 
7 	 0.093100 
8 	 0.093100 
11 	 0.093100 
15 	 0.093100 
20 	 0.093100 
24 	 0.093100 
25 	 0.093100 
28 	 0.093100 
30 	 0.093100 
31 	 0.093100 
38 	 0.093100 
39 	 0.093100 
43 	 0.093100 
49 	 0.093100 
27 	 0.093200 
14 	 0.093600 
45 	 0.093700 
3 	 0.094100 
4 	 0.094100 
10 	 0.094100 
13 	 0.094100 
19 	 0.094100 
21 	 0.094100 
26 	 0.094100 
29 	 0.094100 
34 	 0.094100 
41 	 0.094100 
42 	 0.094100 
48 	 0.094100 
40 	 0.094200 
47 	 0.094500 
6 	 0.094700 
22 	 0.094700 
37 	 0.094900 
20 	 0.095000 
23 	 0.095000 
0 	 0.095100 
1 	 0.095100 
2 	 0.095100 
5 	 0.095100 
7 	 0.095100 
11 	 0.095100 
14 	 0.095100 
16 	 0.095100 
17 	 0.095100 
18 	 0.095100 
24 	 0.095100 
25 	 0.095100 
28 	 0.095100 
31 	 0.095100 
33 	 0.095100 
35 	 0.095100 
39 	 0.095100 
43 	 0.095100 
46 	 0.095100 
49 	 0.095100 
3 	 0.096100 
4 	 0.096100 
15 	 0.096100 
19 	 0.096100 
21 	 0.096100 
29 	 0.096100 
30 	 0.096100 
32 	 0.096100 
34 	 0.096100 
36 	 0.096100 
40 	 0.096100 
41 	 0.096100 
42 	 0.096100 
47 	 0.096100 
48 	 0.096100 
8 	 0.096500 
22 	 0.096500 
6 	 0.097100 
9 	 0.097100 
11 	 0.097100 
14 	 0.097100 
16 	 0.097100 
17 	 0.097100 
20 	 0.097100 
23 	 0.097100 
25 	 0.097100 
26 	 0.097100 
27 	 0.097100 
28 	 0.097100 
35 	 0.097100 
39 	 0.097100 
43 	 0.097100 
46 	 0.097100 
37 	 0.097400 
40 	 0.097500 
12 	 0.097800 
5 	 0.098100 
7 	 0.098100 
13 	 0.098100 
21 	 0.098100 
24 	 0.098100 
30 	 0.098100 
31 	 0.098100 
34 	 0.098100 
36 	 0.098100 
41 	 0.098100 
45 	 0.098100 
48 	 0.098100 
47 	 0.098300 
15 	 0.098400 
42 	 0.098600 
22 	 0.098700 
25 	 0.098800 
14 	 0.098900 
23 	 0.099000 
2 	 0.099100 
4 	 0.099100 
6 	 0.099100 
9 	 0.099100 
16 	 0.099100 
18 	 0.099100 
20 	 0.099100 
26 	 0.099100 
28 	 0.099100 
29 	 0.099100 
32 	 0.099100 
33 	 0.099100 
37 	 0.099100 
39 	 0.099100 
40 	 0.099100 
43 	 0.099100 
49 	 0.099100 
17 	 0.099300 
47 	 0.099900 
1 	 0.100100 
3 	 0.100100 
7 	 0.100100 
11 	 0.100100 
14 	 0.100100 
19 	 0.100100 
21 	 0.100100 
24 	 0.100100 
25 	 0.100100 
27 	 0.100100 
38 	 0.100100 
44 	 0.100100 
45 	 0.100100 
46 	 0.100100 
48 	 0.100100 
41 	 0.100300 
15 	 0.100500 
22 	 0.100700 
12 	 0.100800 
0 	 0.101100 
4 	 0.101100 
5 	 0.101100 
10 	 0.101100 
16 	 0.101100 
28 	 0.101100 
29 	 0.101100 
31 	 0.101100 
37 	 0.101100 
40 	 0.101100 
42 	 0.101100 
47 	 0.101100 
13 	 0.101400 
23 	 0.101600 
17 	 0.101700 
6 	 0.101800 
7 	 0.102000 
11 	 0.102100 
12 	 0.102100 
19 	 0.102100 
21 	 0.102100 
27 	 0.102100 
33 	 0.102100 
39 	 0.102100 
45 	 0.102100 
46 	 0.102100 
14 	 0.102600 
24 	 0.102700 
1 	 0.103100 
2 	 0.103100 
4 	 0.103100 
6 	 0.103100 
8 	 0.103100 
9 	 0.103100 
13 	 0.103100 
15 	 0.103100 
25 	 0.103100 
26 	 0.103100 
28 	 0.103100 
30 	 0.103100 
37 	 0.103100 
41 	 0.103100 
42 	 0.103100 
23 	 0.103800 
7 	 0.103900 
12 	 0.103900 
5 	 0.104100 
10 	 0.104100 
11 	 0.104100 
18 	 0.104100 
19 	 0.104100 
21 	 0.104100 
24 	 0.104100 
27 	 0.104100 
29 	 0.104100 
32 	 0.104100 
33 	 0.104100 
34 	 0.104100 
35 	 0.104100 
38 	 0.104100 
39 	 0.104100 
40 	 0.104100 
45 	 0.104100 
46 	 0.104100 
47 	 0.104100 
48 	 0.104100 
49 	 0.104100 
22 	 0.104700 
42 	 0.104900 
14 	 0.105000 
6 	 0.105800 
10 	 0.106000 
12 	 0.106000 
37 	 0.106000 
7 	 0.106100 
39 	 0.106100 
15 	 0.106200 
34 	 0.106400 
47 	 0.106400 
23 	 0.106600 
9 	 0.106700 
42 	 0.106700 
40 	 0.107000 
14 	 0.107500 
12 	 0.107800 
8 	 0.107900 
21 	 0.108000 
37 	 0.108000 
1 	 0.108100 
2 	 0.108100 
5 	 0.108100 
9 	 0.108100 
11 	 0.108100 
13 	 0.108100 
17 	 0.108100 
19 	 0.108100 
25 	 0.108100 
28 	 0.108100 
29 	 0.108100 
30 	 0.108100 
32 	 0.108100 
33 	 0.108100 
38 	 0.108100 
45 	 0.108100 
49 	 0.108100 
16 	 0.108200 
4 	 0.108400 
10 	 0.108400 
22 	 0.108500 
48 	 0.108500 
23 	 0.108900 
0 	 0.109100 
3 	 0.109100 
6 	 0.109100 
8 	 0.109100 
15 	 0.109100 
20 	 0.109100 
26 	 0.109100 
36 	 0.109100 
39 	 0.109100 
40 	 0.109100 
42 	 0.109100 
43 	 0.109100 
34 	 0.109500 
41 	 0.109700 
14 	 0.109900 
21 	 0.110000 
2 	 0.110100 
5 	 0.110100 
7 	 0.110100 
10 	 0.110100 
12 	 0.110100 
17 	 0.110100 
24 	 0.110100 
25 	 0.110100 
27 	 0.110100 
28 	 0.110100 
29 	 0.110100 
30 	 0.110100 
32 	 0.110100 
33 	 0.110100 
35 	 0.110100 
46 	 0.110100 
48 	 0.110100 
45 	 0.110400 
22 	 0.110900 
39 	 0.111000 
9 	 0.111100 
11 	 0.111100 
14 	 0.111100 
16 	 0.111100 
18 	 0.111100 
23 	 0.111100 
34 	 0.111100 
37 	 0.111100 
38 	 0.111100 
41 	 0.111100 
49 	 0.111100 
13 	 0.111400 
43 	 0.111400 
40 	 0.111600 
6 	 0.111800 
47 	 0.111800 
3 	 0.111900 
20 	 0.111900 
42 	 0.111900 
10 	 0.112100 
15 	 0.112100 
17 	 0.112100 
19 	 0.112100 
21 	 0.112100 
24 	 0.112100 
27 	 0.112100 
28 	 0.112100 
29 	 0.112100 
30 	 0.112100 
32 	 0.112100 
35 	 0.112100 
44 	 0.112100 
45 	 0.112100 
46 	 0.112100 
48 	 0.112100 
4 	 0.112200 
12 	 0.112200 
7 	 0.112300 
25 	 0.112500 
11 	 0.112700 
14 	 0.113000 
43 	 0.113000 
1 	 0.113100 
5 	 0.113100 
8 	 0.113100 
9 	 0.113100 
18 	 0.113100 
20 	 0.113100 
22 	 0.113100 
31 	 0.113100 
33 	 0.113100 
34 	 0.113100 
37 	 0.113100 
39 	 0.113100 
40 	 0.113100 
42 	 0.113100 
49 	 0.113100 
3 	 0.113800 
2 	 0.114100 
4 	 0.114100 
6 	 0.114100 
11 	 0.114100 
12 	 0.114100 
13 	 0.114100 
15 	 0.114100 
19 	 0.114100 
21 	 0.114100 
23 	 0.114100 
24 	 0.114100 
25 	 0.114100 
28 	 0.114100 
29 	 0.114100 
30 	 0.114100 
45 	 0.114100 
47 	 0.114100 
48 	 0.114100 
16 	 0.114500 
22 	 0.114900 
42 	 0.114900 
14 	 0.115000 
0 	 0.115100 
1 	 0.115100 
3 	 0.115100 
5 	 0.115100 
7 	 0.115100 
9 	 0.115100 
18 	 0.115100 
26 	 0.115100 
33 	 0.115100 
35 	 0.115100 
39 	 0.115100 
41 	 0.115100 
46 	 0.115100 
49 	 0.115100 
40 	 0.115700 
17 	 0.115900 
23 	 0.115900 
25 	 0.115900 
43 	 0.115900 
37 	 0.116000 
4 	 0.116100 
10 	 0.116100 
11 	 0.116100 
12 	 0.116100 
20 	 0.116100 
21 	 0.116100 
27 	 0.116100 
28 	 0.116100 
29 	 0.116100 
30 	 0.116100 
45 	 0.116100 
48 	 0.116100 
24 	 0.116200 
0 	 0.117100 
1 	 0.117100 
5 	 0.117100 
7 	 0.117100 
14 	 0.117100 
15 	 0.117100 
19 	 0.117100 
25 	 0.117100 
31 	 0.117100 
33 	 0.117100 
34 	 0.117100 
38 	 0.117100 
39 	 0.117100 
40 	 0.117100 
42 	 0.117100 
43 	 0.117100 
46 	 0.117100 
49 	 0.117100 
3 	 0.117300 
22 	 0.117300 
29 	 0.117700 
16 	 0.117900 
17 	 0.117900 
6 	 0.118100 
9 	 0.118100 
10 	 0.118100 
11 	 0.118100 
12 	 0.118100 
13 	 0.118100 
18 	 0.118100 
20 	 0.118100 
21 	 0.118100 
23 	 0.118100 
28 	 0.118100 
30 	 0.118100 
32 	 0.118100 
37 	 0.118100 
45 	 0.118100 
48 	 0.118100 
42 	 0.119000 
0 	 0.119100 
3 	 0.119100 
7 	 0.119100 
8 	 0.119100 
14 	 0.119100 
17 	 0.119100 
19 	 0.119100 
22 	 0.119100 
24 	 0.119100 
25 	 0.119100 
27 	 0.119100 
33 	 0.119100 
38 	 0.119100 
39 	 0.119100 
40 	 0.119100 
43 	 0.119100 
46 	 0.119100 
49 	 0.119100 
23 	 0.119800 
21 	 0.120100 
48 	 0.120100 
10 	 0.120500 
20 	 0.120600 
15 	 0.120800 
4 	 0.121000 
37 	 0.121000 
40 	 0.121300 
3 	 0.121600 
14 	 0.121700 
23 	 0.121900 
21 	 0.122000 
39 	 0.122200 
45 	 0.122400 
15 	 0.122500 
24 	 0.122500 
29 	 0.123300 
22 	 0.123500 
37 	 0.123500 
40 	 0.123500 
41 	 0.123500 
42 	 0.123600 
6 	 0.123800 
21 	 0.124000 
1 	 0.124100 
3 	 0.124100 
4 	 0.124100 
5 	 0.124100 
9 	 0.124100 
11 	 0.124100 
12 	 0.124100 
14 	 0.124100 
16 	 0.124100 
17 	 0.124100 
18 	 0.124100 
19 	 0.124100 
20 	 0.124100 
23 	 0.124100 
25 	 0.124100 
26 	 0.124100 
27 	 0.124100 
28 	 0.124100 
34 	 0.124100 
39 	 0.124100 
45 	 0.124100 
48 	 0.124100 
49 	 0.124100 
10 	 0.125100 
13 	 0.125100 
15 	 0.125100 
22 	 0.125100 
24 	 0.125100 
35 	 0.125100 
37 	 0.125100 
40 	 0.125100 
43 	 0.125100 
46 	 0.125100 
7 	 0.125300 
29 	 0.125300 
49 	 0.126000 
1 	 0.126100 
4 	 0.126100 
5 	 0.126100 
11 	 0.126100 
12 	 0.126100 
14 	 0.126100 
18 	 0.126100 
19 	 0.126100 
20 	 0.126100 
21 	 0.126100 
25 	 0.126100 
30 	 0.126100 
31 	 0.126100 
33 	 0.126100 
36 	 0.126100 
41 	 0.126100 
42 	 0.126100 
45 	 0.126100 
48 	 0.126100 
23 	 0.126400 
43 	 0.126700 
3 	 0.127100 
8 	 0.127100 
9 	 0.127100 
15 	 0.127100 
17 	 0.127100 
22 	 0.127100 
27 	 0.127100 
29 	 0.127100 
32 	 0.127100 
37 	 0.127100 
39 	 0.127100 
46 	 0.127100 
16 	 0.127800 
40 	 0.127900 
36 	 0.128000 
1 	 0.128100 
2 	 0.128100 
5 	 0.128100 
6 	 0.128100 
11 	 0.128100 
18 	 0.128100 
19 	 0.128100 
24 	 0.128100 
26 	 0.128100 
28 	 0.128100 
30 	 0.128100 
31 	 0.128100 
33 	 0.128100 
35 	 0.128100 
41 	 0.128100 
42 	 0.128100 
43 	 0.128100 
45 	 0.128100 
48 	 0.128100 
49 	 0.128100 
25 	 0.128300 
14 	 0.128700 
37 	 0.129000 
4 	 0.129100 
7 	 0.129100 
8 	 0.129100 
17 	 0.129100 
20 	 0.129100 
21 	 0.129100 
22 	 0.129100 
23 	 0.129100 
29 	 0.129100 
34 	 0.129100 
38 	 0.129100 
39 	 0.129100 
46 	 0.129100 
47 	 0.129100 
1 	 0.130100 
5 	 0.130100 
12 	 0.130100 
25 	 0.130100 
27 	 0.130100 
30 	 0.130100 
33 	 0.130100 
40 	 0.130100 
41 	 0.130100 
42 	 0.130100 
48 	 0.130100 
43 	 0.130500 
26 	 0.130600 
3 	 0.130800 
14 	 0.131000 
2 	 0.131100 
4 	 0.131100 
6 	 0.131100 
7 	 0.131100 
8 	 0.131100 
9 	 0.131100 
11 	 0.131100 
15 	 0.131100 
19 	 0.131100 
20 	 0.131100 
29 	 0.131100 
37 	 0.131100 
39 	 0.131100 
44 	 0.131100 
45 	 0.131100 
49 	 0.131100 
22 	 0.131300 
23 	 0.131300 
17 	 0.131800 
3 	 0.132100 
12 	 0.132100 
13 	 0.132100 
16 	 0.132100 
24 	 0.132100 
25 	 0.132100 
27 	 0.132100 
28 	 0.132100 
30 	 0.132100 
32 	 0.132100 
33 	 0.132100 
43 	 0.132100 
48 	 0.132100 
21 	 0.132300 
35 	 0.132300 
40 	 0.132500 
37 	 0.133000 
1 	 0.133100 
5 	 0.133100 
7 	 0.133100 
14 	 0.133100 
20 	 0.133100 
26 	 0.133100 
29 	 0.133100 
39 	 0.133100 
42 	 0.133100 
45 	 0.133100 
49 	 0.133100 
8 	 0.133300 
23 	 0.133400 
17 	 0.133900 
25 	 0.133900 
4 	 0.134100 
12 	 0.134100 
21 	 0.134100 
24 	 0.134100 
27 	 0.134100 
28 	 0.134100 
34 	 0.134100 
38 	 0.134100 
40 	 0.134100 
47 	 0.134100 
48 	 0.134100 
22 	 0.134200 
15 	 0.134500 
19 	 0.134800 
41 	 0.134900 
2 	 0.135100 
5 	 0.135100 
8 	 0.135100 
9 	 0.135100 
11 	 0.135100 
13 	 0.135100 
14 	 0.135100 
17 	 0.135100 
18 	 0.135100 
23 	 0.135100 
25 	 0.135100 
29 	 0.135100 
30 	 0.135100 
32 	 0.135100 
33 	 0.135100 
37 	 0.135100 
43 	 0.135100 
44 	 0.135100 
46 	 0.135100 
49 	 0.135100 
20 	 0.135600 
7 	 0.135900 
12 	 0.135900 
21 	 0.136000 
0 	 0.136100 
1 	 0.136100 
10 	 0.136100 
15 	 0.136100 
16 	 0.136100 
19 	 0.136100 
28 	 0.136100 
35 	 0.136100 
39 	 0.136100 
42 	 0.136100 
48 	 0.136100 
47 	 0.136300 
34 	 0.136500 
22 	 0.136600 
43 	 0.136800 
40 	 0.137000 
5 	 0.137100 
6 	 0.137100 
7 	 0.137100 
8 	 0.137100 
11 	 0.137100 
12 	 0.137100 
17 	 0.137100 
20 	 0.137100 
23 	 0.137100 
25 	 0.137100 
26 	 0.137100 
27 	 0.137100 
29 	 0.137100 
31 	 0.137100 
33 	 0.137100 
37 	 0.137100 
44 	 0.137100 
46 	 0.137100 
49 	 0.137100 
24 	 0.137200 
14 	 0.137300 
4 	 0.137500 
3 	 0.137900 
42 	 0.138000 
0 	 0.138100 
1 	 0.138100 
9 	 0.138100 
10 	 0.138100 
13 	 0.138100 
15 	 0.138100 
19 	 0.138100 
21 	 0.138100 
28 	 0.138100 
30 	 0.138100 
32 	 0.138100 
39 	 0.138100 
41 	 0.138100 
43 	 0.138100 
45 	 0.138100 
48 	 0.138100 
14 	 0.138900 
12 	 0.139000 
2 	 0.139100 
3 	 0.139100 
5 	 0.139100 
6 	 0.139100 
11 	 0.139100 
20 	 0.139100 
23 	 0.139100 
24 	 0.139100 
26 	 0.139100 
27 	 0.139100 
29 	 0.139100 
31 	 0.139100 
33 	 0.139100 
37 	 0.139100 
40 	 0.139100 
46 	 0.139100 
49 	 0.139100 
17 	 0.139300 
22 	 0.139500 
9 	 0.139700 
15 	 0.140000 
1 	 0.140100 
4 	 0.140100 
7 	 0.140100 
16 	 0.140100 
18 	 0.140100 
19 	 0.140100 
21 	 0.140100 
25 	 0.140100 
28 	 0.140100 
30 	 0.140100 
32 	 0.140100 
39 	 0.140100 
6 	 0.140800 
23 	 0.140800 
14 	 0.141000 
41 	 0.141000 
5 	 0.141100 
10 	 0.141100 
11 	 0.141100 
12 	 0.141100 
13 	 0.141100 
24 	 0.141100 
27 	 0.141100 
29 	 0.141100 
34 	 0.141100 
38 	 0.141100 
40 	 0.141100 
43 	 0.141100 
45 	 0.141100 
48 	 0.141100 
49 	 0.141100 
22 	 0.141200 
46 	 0.141500 
2 	 0.141700 
17 	 0.141700 
37 	 0.141700 
42 	 0.141900 
3 	 0.142000 
1 	 0.142100 
7 	 0.142100 
8 	 0.142100 
9 	 0.142100 
20 	 0.142100 
21 	 0.142100 
25 	 0.142100 
30 	 0.142100 
33 	 0.142100 
39 	 0.142100 
19 	 0.142700 
43 	 0.142900 
10 	 0.143000 
14 	 0.143000 
0 	 0.143100 
4 	 0.143100 
5 	 0.143100 
13 	 0.143100 
15 	 0.143100 
17 	 0.143100 
18 	 0.143100 
26 	 0.143100 
27 	 0.143100 
28 	 0.143100 
31 	 0.143100 
37 	 0.143100 
45 	 0.143100 
48 	 0.143100 
49 	 0.143100 
12 	 0.143300 
40 	 0.143300 
22 	 0.143700 
42 	 0.143700 
6 	 0.143800 
3 	 0.143900 
23 	 0.143900 
1 	 0.144000 
8 	 0.144000 
7 	 0.144100 
9 	 0.144100 
11 	 0.144100 
19 	 0.144100 
21 	 0.144100 
24 	 0.144100 
25 	 0.144100 
32 	 0.144100 
33 	 0.144100 
34 	 0.144100 
36 	 0.144100 
39 	 0.144100 
43 	 0.144100 
29 	 0.144600 
41 	 0.144700 
18 	 0.145000 
14 	 0.145100 
40 	 0.145200 
45 	 0.145400 
20 	 0.145600 
22 	 0.145700 
49 	 0.145800 
3 	 0.145900 
12 	 0.146000 
37 	 0.146000 
4 	 0.146100 
25 	 0.146100 
15 	 0.146200 
35 	 0.146500 
40 	 0.147100 
17 	 0.147300 
34 	 0.147400 
14 	 0.147600 
21 	 0.147600 
23 	 0.147600 
43 	 0.147700 
24 	 0.148000 
13 	 0.148100 
35 	 0.148100 
45 	 0.148200 
29 	 0.148300 
3 	 0.148600 
41 	 0.148600 
42 	 0.148700 
19 	 0.148800 
7 	 0.148900 
40 	 0.148900 
37 	 0.149000 
1 	 0.149100 
2 	 0.149100 
4 	 0.149100 
10 	 0.149100 
11 	 0.149100 
14 	 0.149100 
17 	 0.149100 
18 	 0.149100 
21 	 0.149100 
25 	 0.149100 
27 	 0.149100 
28 	 0.149100 
30 	 0.149100 
34 	 0.149100 
38 	 0.149100 
39 	 0.149100 
43 	 0.149100 
44 	 0.149100 
49 	 0.149100 
22 	 0.149700 
45 	 0.149800 
0 	 0.150100 
5 	 0.150100 
6 	 0.150100 
13 	 0.150100 
19 	 0.150100 
20 	 0.150100 
24 	 0.150100 
26 	 0.150100 
31 	 0.150100 
32 	 0.150100 
36 	 0.150100 
46 	 0.150100 
48 	 0.150100 
23 	 0.150600 
42 	 0.150600 
3 	 0.150900 
7 	 0.151100 
9 	 0.151100 
11 	 0.151100 
12 	 0.151100 
15 	 0.151100 
17 	 0.151100 
21 	 0.151100 
22 	 0.151100 
25 	 0.151100 
27 	 0.151100 
29 	 0.151100 
34 	 0.151100 
37 	 0.151100 
38 	 0.151100 
41 	 0.151100 
43 	 0.151100 
44 	 0.151100 
45 	 0.151100 
49 	 0.151100 
8 	 0.151500 
14 	 0.151600 
40 	 0.151900 
1 	 0.152100 
5 	 0.152100 
10 	 0.152100 
16 	 0.152100 
19 	 0.152100 
26 	 0.152100 
30 	 0.152100 
33 	 0.152100 
35 	 0.152100 
39 	 0.152100 
46 	 0.152100 
47 	 0.152100 
24 	 0.152400 
4 	 0.153100 
8 	 0.153100 
9 	 0.153100 
11 	 0.153100 
20 	 0.153100 
21 	 0.153100 
23 	 0.153100 
25 	 0.153100 
28 	 0.153100 
29 	 0.153100 
31 	 0.153100 
34 	 0.153100 
36 	 0.153100 
37 	 0.153100 
40 	 0.153100 
41 	 0.153100 
43 	 0.153100 
45 	 0.153100 
49 	 0.153100 
0 	 0.154100 
1 	 0.154100 
2 	 0.154100 
3 	 0.154100 
5 	 0.154100 
7 	 0.154100 
12 	 0.154100 
14 	 0.154100 
17 	 0.154100 
18 	 0.154100 
19 	 0.154100 
22 	 0.154100 
27 	 0.154100 
30 	 0.154100 
33 	 0.154100 
38 	 0.154100 
46 	 0.154100 
48 	 0.154100 
40 	 0.154800 
36 	 0.155000 
11 	 0.155100 
23 	 0.155100 
25 	 0.155100 
28 	 0.155100 
29 	 0.155100 
37 	 0.155100 
39 	 0.155100 
49 	 0.155100 
42 	 0.155300 
43 	 0.155700 
17 	 0.155900 
4 	 0.156100 
5 	 0.156100 
7 	 0.156100 
9 	 0.156100 
14 	 0.156100 
15 	 0.156100 
18 	 0.156100 
19 	 0.156100 
21 	 0.156100 
24 	 0.156100 
30 	 0.156100 
32 	 0.156100 
35 	 0.156100 
40 	 0.156100 
44 	 0.156100 
45 	 0.156100 
47 	 0.156100 
48 	 0.156100 
22 	 0.156200 
16 	 0.156500 
13 	 0.156700 
39 	 0.156900 
23 	 0.157000 
0 	 0.157100 
2 	 0.157100 
8 	 0.157100 
11 	 0.157100 
12 	 0.157100 
17 	 0.157100 
25 	 0.157100 
26 	 0.157100 
31 	 0.157100 
33 	 0.157100 
37 	 0.157100 
43 	 0.157100 
46 	 0.157100 
49 	 0.157100 
3 	 0.157500 
21 	 0.157900 
4 	 0.158100 
5 	 0.158100 
10 	 0.158100 
14 	 0.158100 
24 	 0.158100 
28 	 0.158100 
29 	 0.158100 
34 	 0.158100 
40 	 0.158100 
41 	 0.158100 
47 	 0.158100 
13 	 0.158700 
25 	 0.158900 
42 	 0.158900 
1 	 0.159100 
11 	 0.159100 
15 	 0.159100 
20 	 0.159100 
21 	 0.159100 
22 	 0.159100 
27 	 0.159100 
30 	 0.159100 
33 	 0.159100 
37 	 0.159100 
45 	 0.159100 
48 	 0.159100 
49 	 0.159100 
43 	 0.159200 
7 	 0.160000 
4 	 0.160100 
5 	 0.160100 
6 	 0.160100 
9 	 0.160100 
10 	 0.160100 
12 	 0.160100 
13 	 0.160100 
14 	 0.160100 
16 	 0.160100 
18 	 0.160100 
19 	 0.160100 
24 	 0.160100 
26 	 0.160100 
29 	 0.160100 
31 	 0.160100 
35 	 0.160100 
36 	 0.160100 
39 	 0.160100 
40 	 0.160100 
41 	 0.160100 
47 	 0.160100 
17 	 0.160200 
34 	 0.160500 
23 	 0.160700 
21 	 0.161000 
1 	 0.161100 
2 	 0.161100 
3 	 0.161100 
8 	 0.161100 
15 	 0.161100 
20 	 0.161100 
22 	 0.161100 
25 	 0.161100 
27 	 0.161100 
28 	 0.161100 
32 	 0.161100 
33 	 0.161100 
43 	 0.161100 
44 	 0.161100 
45 	 0.161100 
49 	 0.161100 
37 	 0.161700 
0 	 0.162100 
5 	 0.162100 
6 	 0.162100 
10 	 0.162100 
11 	 0.162100 
17 	 0.162100 
19 	 0.162100 
23 	 0.162100 
24 	 0.162100 
29 	 0.162100 
30 	 0.162100 
39 	 0.162100 
40 	 0.162200 
14 	 0.162300 
47 	 0.162300 
21 	 0.162900 
42 	 0.162900 
3 	 0.163100 
25 	 0.163100 
27 	 0.163100 
28 	 0.163100 
34 	 0.163100 
35 	 0.163100 
37 	 0.163100 
41 	 0.163100 
43 	 0.163100 
45 	 0.163100 
48 	 0.163100 
49 	 0.163100 
7 	 0.163400 
22 	 0.163700 
2 	 0.164100 
4 	 0.164100 
6 	 0.164100 
11 	 0.164100 
12 	 0.164100 
14 	 0.164100 
16 	 0.164100 
17 	 0.164100 
18 	 0.164100 
19 	 0.164100 
20 	 0.164100 
21 	 0.164100 
23 	 0.164100 
30 	 0.164100 
39 	 0.164100 
40 	 0.164100 
42 	 0.164100 
44 	 0.164100 
46 	 0.164100 
47 	 0.164100 
29 	 0.164700 
1 	 0.165100 
3 	 0.165100 
5 	 0.165100 
7 	 0.165100 
8 	 0.165100 
22 	 0.165100 
24 	 0.165100 
25 	 0.165100 
27 	 0.165100 
28 	 0.165100 
32 	 0.165100 
33 	 0.165100 
35 	 0.165100 
37 	 0.165100 
41 	 0.165100 
48 	 0.165100 
49 	 0.165100 
6 	 0.165900 
2 	 0.166100 
11 	 0.166100 
12 	 0.166100 
14 	 0.166100 
16 	 0.166100 
17 	 0.166100 
18 	 0.166100 
19 	 0.166100 
20 	 0.166100 
21 	 0.166100 
29 	 0.166100 
30 	 0.166100 
34 	 0.166100 
39 	 0.166100 
40 	 0.166100 
42 	 0.166100 
43 	 0.166100 
46 	 0.166100 
47 	 0.166100 
23 	 0.167000 
37 	 0.167000 
1 	 0.167100 
5 	 0.167100 
7 	 0.167100 
24 	 0.167100 
25 	 0.167100 
26 	 0.167100 
28 	 0.167100 
33 	 0.167100 
41 	 0.167100 
45 	 0.167100 
48 	 0.167100 
49 	 0.167100 
3 	 0.167300 
42 	 0.167700 
22 	 0.167900 
8 	 0.168100 
11 	 0.168100 
14 	 0.168100 
17 	 0.168100 
19 	 0.168100 
20 	 0.168100 
21 	 0.168100 
27 	 0.168100 
29 	 0.168100 
30 	 0.168100 
32 	 0.168100 
34 	 0.168100 
36 	 0.168100 
38 	 0.168100 
43 	 0.168100 
46 	 0.168100 
48 	 0.169000 
1 	 0.169100 
3 	 0.169100 
4 	 0.169100 
5 	 0.169100 
7 	 0.169100 
9 	 0.169100 
24 	 0.169100 
25 	 0.169100 
33 	 0.169100 
39 	 0.169100 
40 	 0.169100 
44 	 0.169100 
45 	 0.169100 
47 	 0.169100 
49 	 0.169100 
41 	 0.169600 
22 	 0.169800 
37 	 0.170000 
0 	 0.170100 
8 	 0.170100 
13 	 0.170100 
14 	 0.170100 
19 	 0.170100 
21 	 0.170100 
27 	 0.170100 
28 	 0.170100 
30 	 0.170100 
34 	 0.170100 
35 	 0.170100 
38 	 0.170100 
42 	 0.170100 
43 	 0.170100 
46 	 0.170100 
16 	 0.170200 
17 	 0.170200 
23 	 0.170600 
6 	 0.170800 
45 	 0.170800 
3 	 0.170900 
4 	 0.171100 
5 	 0.171100 
7 	 0.171100 
24 	 0.171100 
25 	 0.171100 
26 	 0.171100 
29 	 0.171100 
32 	 0.171100 
40 	 0.171100 
48 	 0.171100 
49 	 0.171100 
47 	 0.171300 
22 	 0.171500 
42 	 0.171900 
9 	 0.172100 
10 	 0.172100 
11 	 0.172100 
12 	 0.172100 
14 	 0.172100 
15 	 0.172100 
17 	 0.172100 
18 	 0.172100 
19 	 0.172100 
20 	 0.172100 
23 	 0.172100 
28 	 0.172100 
30 	 0.172100 
31 	 0.172100 
33 	 0.172100 
35 	 0.172100 
37 	 0.172100 
43 	 0.172100 
45 	 0.172100 
46 	 0.172100 
13 	 0.172200 
48 	 0.172900 
21 	 0.173000 
0 	 0.173100 
1 	 0.173100 
5 	 0.173100 
7 	 0.173100 
25 	 0.173100 
27 	 0.173100 
29 	 0.173100 
39 	 0.173100 
41 	 0.173100 
47 	 0.173100 
49 	 0.173100 
40 	 0.173400 
6 	 0.173500 
22 	 0.173500 
23 	 0.173700 
42 	 0.173900 
14 	 0.174000 
2 	 0.174100 
8 	 0.174100 
9 	 0.174100 
11 	 0.174100 
13 	 0.174100 
18 	 0.174100 
20 	 0.174100 
24 	 0.174100 
26 	 0.174100 
28 	 0.174100 
31 	 0.174100 
36 	 0.174100 
37 	 0.174100 
38 	 0.174100 
45 	 0.174100 
46 	 0.174100 
48 	 0.174100 
4 	 0.174200 
12 	 0.174200 
17 	 0.174200 
43 	 0.174200 
6 	 0.174900 
21 	 0.175000 
0 	 0.175100 
1 	 0.175100 
5 	 0.175100 
7 	 0.175100 
15 	 0.175100 
19 	 0.175100 
22 	 0.175100 
27 	 0.175100 
30 	 0.175100 
32 	 0.175100 
33 	 0.175100 
35 	 0.175100 
49 	 0.175100 
14 	 0.175900 
42 	 0.176100 
43 	 0.176100 
40 	 0.176200 
23 	 0.176700 
25 	 0.176700 
37 	 0.176700 
3 	 0.176900 
6 	 0.177300 
48 	 0.177600 
22 	 0.177700 
42 	 0.177900 
43 	 0.178100 
40 	 0.178200 
45 	 0.178200 
14 	 0.178600 
21 	 0.178700 
35 	 0.179000 
37 	 0.179000 
7 	 0.179500 
23 	 0.179500 
42 	 0.179900 
4 	 0.180000 
40 	 0.180100 
48 	 0.180300 
41 	 0.180500 
12 	 0.181000 
21 	 0.181000 
45 	 0.181100 
7 	 0.181900 
24 	 0.182000 
3 	 0.182100 
5 	 0.182100 
10 	 0.182100 
14 	 0.182100 
20 	 0.182100 
26 	 0.182100 
27 	 0.182100 
28 	 0.182100 
30 	 0.182100 
32 	 0.182100 
33 	 0.182100 
37 	 0.182100 
38 	 0.182100 
40 	 0.182100 
41 	 0.182100 
42 	 0.182100 
44 	 0.182100 
49 	 0.182100 
1 	 0.183100 
4 	 0.183100 
7 	 0.183100 
9 	 0.183100 
11 	 0.183100 
12 	 0.183100 
16 	 0.183100 
17 	 0.183100 
18 	 0.183100 
19 	 0.183100 
22 	 0.183100 
25 	 0.183100 
36 	 0.183100 
45 	 0.183100 
46 	 0.183100 
48 	 0.183100 
0 	 0.184100 
8 	 0.184100 
14 	 0.184100 
20 	 0.184100 
21 	 0.184100 
23 	 0.184100 
27 	 0.184100 
28 	 0.184100 
29 	 0.184100 
30 	 0.184100 
31 	 0.184100 
32 	 0.184100 
34 	 0.184100 
37 	 0.184100 
43 	 0.184100 
44 	 0.184100 
47 	 0.184100 
49 	 0.184100 
6 	 0.184500 
2 	 0.185100 
4 	 0.185100 
13 	 0.185100 
15 	 0.185100 
17 	 0.185100 
24 	 0.185100 
25 	 0.185100 
39 	 0.185100 
40 	 0.185100 
41 	 0.185100 
46 	 0.185100 
48 	 0.185100 
42 	 0.185200 
5 	 0.186100 
7 	 0.186100 
10 	 0.186100 
14 	 0.186100 
18 	 0.186100 
19 	 0.186100 
20 	 0.186100 
22 	 0.186100 
27 	 0.186100 
28 	 0.186100 
29 	 0.186100 
33 	 0.186100 
34 	 0.186100 
37 	 0.186100 
38 	 0.186100 
43 	 0.186100 
45 	 0.186100 
49 	 0.186100 
1 	 0.187100 
3 	 0.187100 
11 	 0.187100 
15 	 0.187100 
16 	 0.187100 
31 	 0.187100 
32 	 0.187100 
40 	 0.187100 
41 	 0.187100 
42 	 0.187100 
46 	 0.187100 
0 	 0.188100 
4 	 0.188100 
10 	 0.188100 
14 	 0.188100 
19 	 0.188100 
20 	 0.188100 
21 	 0.188100 
22 	 0.188100 
25 	 0.188100 
26 	 0.188100 
30 	 0.188100 
34 	 0.188100 
35 	 0.188100 
37 	 0.188100 
39 	 0.188100 
43 	 0.188100 
45 	 0.188100 
1 	 0.189100 
5 	 0.189100 
7 	 0.189100 
9 	 0.189100 
12 	 0.189100 
16 	 0.189100 
28 	 0.189100 
29 	 0.189100 
32 	 0.189100 
38 	 0.189100 
40 	 0.189100 
49 	 0.189100 
46 	 0.189300 
15 	 0.189500 
14 	 0.190000 
0 	 0.190100 
2 	 0.190100 
10 	 0.190100 
11 	 0.190100 
13 	 0.190100 
18 	 0.190100 
19 	 0.190100 
21 	 0.190100 
25 	 0.190100 
27 	 0.190100 
30 	 0.190100 
34 	 0.190100 
39 	 0.190100 
43 	 0.190100 
45 	 0.190100 
47 	 0.190100 
17 	 0.190300 
37 	 0.190400 
42 	 0.190400 
22 	 0.190700 
1 	 0.191100 
4 	 0.191100 
5 	 0.191100 
7 	 0.191100 
9 	 0.191100 
15 	 0.191100 
20 	 0.191100 
23 	 0.191100 
24 	 0.191100 
26 	 0.191100 
29 	 0.191100 
31 	 0.191100 
33 	 0.191100 
38 	 0.191100 
40 	 0.191100 
49 	 0.191100 
48 	 0.191600 
45 	 0.191800 
21 	 0.191900 
0 	 0.192100 
11 	 0.192100 
12 	 0.192100 
14 	 0.192100 
17 	 0.192100 
25 	 0.192100 
27 	 0.192100 
28 	 0.192100 
30 	 0.192100 
32 	 0.192100 
34 	 0.192100 
36 	 0.192100 
37 	 0.192100 
39 	 0.192100 
41 	 0.192100 
43 	 0.192100 
6 	 0.192700 
3 	 0.192900 
1 	 0.193100 
2 	 0.193100 
4 	 0.193100 
5 	 0.193100 
9 	 0.193100 
10 	 0.193100 
20 	 0.193100 
21 	 0.193100 
29 	 0.193100 
31 	 0.193100 
35 	 0.193100 
40 	 0.193100 
45 	 0.193100 
49 	 0.193100 
23 	 0.193400 
7 	 0.193500 
33 	 0.193800 
14 	 0.194000 
11 	 0.194100 
15 	 0.194100 
17 	 0.194100 
18 	 0.194100 
22 	 0.194100 
24 	 0.194100 
25 	 0.194100 
28 	 0.194100 
32 	 0.194100 
34 	 0.194100 
37 	 0.194100 
38 	 0.194100 
43 	 0.194100 
42 	 0.194400 
0 	 0.195100 
1 	 0.195100 
2 	 0.195100 
5 	 0.195100 
7 	 0.195100 
8 	 0.195100 
9 	 0.195100 
10 	 0.195100 
19 	 0.195100 
21 	 0.195100 
26 	 0.195100 
29 	 0.195100 
30 	 0.195100 
33 	 0.195100 
36 	 0.195100 
41 	 0.195100 
45 	 0.195100 
46 	 0.195100 
47 	 0.195100 
49 	 0.195100 
14 	 0.196000 
24 	 0.196000 
4 	 0.196100 
6 	 0.196100 
11 	 0.196100 
13 	 0.196100 
16 	 0.196100 
17 	 0.196100 
23 	 0.196100 
25 	 0.196100 
27 	 0.196100 
28 	 0.196100 
32 	 0.196100 
34 	 0.196100 
35 	 0.196100 
37 	 0.196100 
38 	 0.196100 
39 	 0.196100 
43 	 0.196100 
48 	 0.196100 
40 	 0.196300 
15 	 0.196600 
42 	 0.196700 
12 	 0.197000 
1 	 0.197100 
3 	 0.197100 
5 	 0.197100 
7 	 0.197100 
8 	 0.197100 
10 	 0.197100 
18 	 0.197100 
19 	 0.197100 
20 	 0.197100 
21 	 0.197100 
26 	 0.197100 
29 	 0.197100 
30 	 0.197100 
36 	 0.197100 
22 	 0.197700 
49 	 0.197800 
14 	 0.197900 
23 	 0.198000 
37 	 0.198000 
47 	 0.198000 
4 	 0.198100 
9 	 0.198100 
11 	 0.198100 
16 	 0.198100 
17 	 0.198100 
25 	 0.198100 
27 	 0.198100 
28 	 0.198100 
31 	 0.198100 
32 	 0.198100 
34 	 0.198100 
35 	 0.198100 
39 	 0.198100 
40 	 0.198100 
41 	 0.198100 
45 	 0.198100 
46 	 0.198100 
48 	 0.198100 
43 	 0.198200 
15 	 0.198400 
13 	 0.198500 
42 	 0.198600 
0 	 0.199100 
1 	 0.199100 
5 	 0.199100 
6 	 0.199100 
7 	 0.199100 
20 	 0.199100 
21 	 0.199100 
29 	 0.199100 
38 	 0.199100 
49 	 0.199100 
3 	 0.199300 
14 	 0.199700 
22 	 0.199700 
24 	 0.199900 
10 	 0.200000 
2 	 0.200100 
4 	 0.200100 
8 	 0.200100 
11 	 0.200100 
12 	 0.200100 
15 	 0.200100 
17 	 0.200100 
18 	 0.200100 
25 	 0.200100 
26 	 0.200100 
27 	 0.200100 
30 	 0.200100 
32 	 0.200100 
33 	 0.200100 
34 	 0.200100 
36 	 0.200100 
37 	 0.200100 
39 	 0.200100 
40 	 0.200100 
44 	 0.200100 
45 	 0.200100 
48 	 0.200100 
43 	 0.200300 
13 	 0.200500 
5 	 0.200800 
23 	 0.201000 
0 	 0.201100 
6 	 0.201100 
9 	 0.201100 
14 	 0.201100 
16 	 0.201100 
19 	 0.201100 
20 	 0.201100 
22 	 0.201100 
24 	 0.201100 
29 	 0.201100 
46 	 0.201100 
49 	 0.201100 
42 	 0.201700 
41 	 0.201800 
44 	 0.201800 
40 	 0.201900 
36 	 0.202000 
1 	 0.202100 
2 	 0.202100 
4 	 0.202100 
5 	 0.202100 
11 	 0.202100 
18 	 0.202100 
21 	 0.202100 
27 	 0.202100 
28 	 0.202100 
30 	 0.202100 
31 	 0.202100 
33 	 0.202100 
34 	 0.202100 
37 	 0.202100 
38 	 0.202100 
43 	 0.202100 
47 	 0.202100 
48 	 0.202100 
13 	 0.202300 
25 	 0.202300 
8 	 0.202500 
45 	 0.202800 
3 	 0.202900 
14 	 0.203000 
24 	 0.203000 
7 	 0.203100 
9 	 0.203100 
15 	 0.203100 
17 	 0.203100 
20 	 0.203100 
29 	 0.203100 
32 	 0.203100 
35 	 0.203100 
39 	 0.203100 
41 	 0.203100 
42 	 0.203100 
46 	 0.203100 
49 	 0.203100 
19 	 0.203200 
23 	 0.203700 
44 	 0.203700 
47 	 0.203900 
40 	 0.204000 
8 	 0.204100 
11 	 0.204100 
21 	 0.204100 
25 	 0.204100 
27 	 0.204100 
28 	 0.204100 
30 	 0.204100 
31 	 0.204100 
33 	 0.204100 
36 	 0.204100 
37 	 0.204100 
38 	 0.204100 
45 	 0.204100 
22 	 0.204500 
43 	 0.204800 
39 	 0.204900 
42 	 0.204900 
24 	 0.205000 
1 	 0.205100 
4 	 0.205100 
5 	 0.205100 
6 	 0.205100 
9 	 0.205100 
10 	 0.205100 
13 	 0.205100 
18 	 0.205100 
23 	 0.205100 
26 	 0.205100 
32 	 0.205100 
34 	 0.205100 
41 	 0.205100 
48 	 0.205100 
49 	 0.205100 
16 	 0.205500 
40 	 0.205500 
14 	 0.205600 
17 	 0.205800 
3 	 0.205900 
0 	 0.206100 
8 	 0.206100 
12 	 0.206100 
21 	 0.206100 
22 	 0.206100 
25 	 0.206100 
27 	 0.206100 
30 	 0.206100 
33 	 0.206100 
37 	 0.206100 
43 	 0.206100 
45 	 0.206100 
46 	 0.206100 
7 	 0.206300 
47 	 0.206400 
36 	 0.206800 
48 	 0.206900 
1 	 0.207100 
4 	 0.207100 
13 	 0.207100 
14 	 0.207100 
16 	 0.207100 
18 	 0.207100 
24 	 0.207100 
29 	 0.207100 
35 	 0.207100 
38 	 0.207100 
40 	 0.207100 
41 	 0.207100 
49 	 0.207100 
42 	 0.207700 
6 	 0.208100 
8 	 0.208100 
9 	 0.208100 
12 	 0.208100 
17 	 0.208100 
19 	 0.208100 
21 	 0.208100 
23 	 0.208100 
25 	 0.208100 
27 	 0.208100 
28 	 0.208100 
30 	 0.208100 
39 	 0.208100 
44 	 0.208100 
45 	 0.208100 
22 	 0.208300 
48 	 0.208700 
37 	 0.209000 
18 	 0.209300 
40 	 0.209300 
13 	 0.209400 
3 	 0.209500 
4 	 0.209500 
14 	 0.209700 
46 	 0.209700 
23 	 0.209800 
45 	 0.210400 
8 	 0.210500 
48 	 0.210600 
21 	 0.210800 
40 	 0.211900 
37 	 0.212000 
41 	 0.212100 
7 	 0.212600 
12 	 0.212800 
14 	 0.212900 
23 	 0.213000 
21 	 0.214300 
42 	 0.214600 
45 	 0.214700 
0 	 0.215100 
2 	 0.215100 
4 	 0.215100 
7 	 0.215100 
9 	 0.215100 
11 	 0.215100 
14 	 0.215100 
15 	 0.215100 
17 	 0.215100 
19 	 0.215100 
22 	 0.215100 
23 	 0.215100 
25 	 0.215100 
27 	 0.215100 
28 	 0.215100 
29 	 0.215100 
30 	 0.215100 
33 	 0.215100 
34 	 0.215100 
37 	 0.215100 
38 	 0.215100 
40 	 0.215100 
43 	 0.215100 
46 	 0.215100 
48 	 0.215100 
1 	 0.216100 
5 	 0.216100 
8 	 0.216100 
12 	 0.216100 
13 	 0.216100 
18 	 0.216100 
21 	 0.216100 
24 	 0.216100 
36 	 0.216100 
39 	 0.216100 
41 	 0.216100 
42 	 0.216100 
44 	 0.216100 
45 	 0.216100 
49 	 0.216100 
3 	 0.217100 
9 	 0.217100 
10 	 0.217100 
14 	 0.217100 
16 	 0.217100 
25 	 0.217100 
27 	 0.217100 
28 	 0.217100 
29 	 0.217100 
30 	 0.217100 
32 	 0.217100 
34 	 0.217100 
38 	 0.217100 
40 	 0.217100 
5 	 0.218100 
6 	 0.218100 
7 	 0.218100 
8 	 0.218100 
17 	 0.218100 
19 	 0.218100 
21 	 0.218100 
22 	 0.218100 
33 	 0.218100 
35 	 0.218100 
37 	 0.218100 
45 	 0.218100 
42 	 0.218900 
4 	 0.219100 
11 	 0.219100 
12 	 0.219100 
13 	 0.219100 
14 	 0.219100 
15 	 0.219100 
24 	 0.219100 
27 	 0.219100 
28 	 0.219100 
29 	 0.219100 
30 	 0.219100 
32 	 0.219100 
34 	 0.219100 
38 	 0.219100 
39 	 0.219100 
40 	 0.219100 
43 	 0.219100 
48 	 0.219100 
49 	 0.219100 
22 	 0.219700 
1 	 0.220100 
5 	 0.220100 
7 	 0.220100 
9 	 0.220100 
16 	 0.220100 
20 	 0.220100 
21 	 0.220100 
25 	 0.220100 
37 	 0.220100 
42 	 0.220100 
45 	 0.220100 
46 	 0.220100 
23 	 0.221000 
2 	 0.221100 
8 	 0.221100 
11 	 0.221100 
14 	 0.221100 
17 	 0.221100 
18 	 0.221100 
27 	 0.221100 
28 	 0.221100 
32 	 0.221100 
38 	 0.221100 
49 	 0.221100 
40 	 0.221300 
13 	 0.221600 
6 	 0.221800 
43 	 0.221800 
20 	 0.222000 
0 	 0.222100 
1 	 0.222100 
3 	 0.222100 
5 	 0.222100 
9 	 0.222100 
16 	 0.222100 
21 	 0.222100 
25 	 0.222100 
26 	 0.222100 
29 	 0.222100 
30 	 0.222100 
33 	 0.222100 
35 	 0.222100 
37 	 0.222100 
39 	 0.222100 
44 	 0.222100 
48 	 0.222100 
22 	 0.222500 
42 	 0.222700 
12 	 0.222800 
14 	 0.223000 
2 	 0.223100 
4 	 0.223100 
7 	 0.223100 
11 	 0.223100 
13 	 0.223100 
24 	 0.223100 
27 	 0.223100 
28 	 0.223100 
40 	 0.223100 
46 	 0.223100 
49 	 0.223100 
17 	 0.223200 
23 	 0.223300 
8 	 0.223700 
6 	 0.223900 
1 	 0.224100 
3 	 0.224100 
5 	 0.224100 
15 	 0.224100 
18 	 0.224100 
20 	 0.224100 
21 	 0.224100 
25 	 0.224100 
30 	 0.224100 
34 	 0.224100 
37 	 0.224100 
39 	 0.224100 
43 	 0.224100 
45 	 0.224100 
36 	 0.224400 
44 	 0.224500 
42 	 0.224800 
0 	 0.225100 
2 	 0.225100 
10 	 0.225100 
11 	 0.225100 
12 	 0.225100 
14 	 0.225100 
17 	 0.225100 
19 	 0.225100 
24 	 0.225100 
27 	 0.225100 
33 	 0.225100 
35 	 0.225100 
38 	 0.225100 
48 	 0.225100 
49 	 0.225100 
40 	 0.225500 
41 	 0.225600 
22 	 0.225700 
6 	 0.225800 
23 	 0.225800 
4 	 0.226100 
9 	 0.226100 
16 	 0.226100 
18 	 0.226100 
20 	 0.226100 
21 	 0.226100 
25 	 0.226100 
36 	 0.226100 
37 	 0.226100 
42 	 0.226100 
43 	 0.226100 
45 	 0.226100 
47 	 0.226100 
29 	 0.226400 
3 	 0.226900 
7 	 0.227000 
24 	 0.227000 
15 	 0.227100 
17 	 0.227100 
27 	 0.227100 
35 	 0.227100 
39 	 0.227100 
40 	 0.227100 
44 	 0.227100 
46 	 0.227100 
49 	 0.227100 
33 	 0.227500 
48 	 0.227600 
12 	 0.227700 
14 	 0.228000 
2 	 0.228100 
4 	 0.228100 
5 	 0.228100 
19 	 0.228100 
20 	 0.228100 
21 	 0.228100 
23 	 0.228100 
25 	 0.228100 
28 	 0.228100 
36 	 0.228100 
41 	 0.228100 
43 	 0.228100 
42 	 0.228600 
37 	 0.229000 
0 	 0.229100 
1 	 0.229100 
7 	 0.229100 
9 	 0.229100 
17 	 0.229100 
22 	 0.229100 
24 	 0.229100 
29 	 0.229100 
30 	 0.229100 
33 	 0.229100 
34 	 0.229100 
38 	 0.229100 
39 	 0.229100 
40 	 0.229100 
45 	 0.229100 
46 	 0.229100 
16 	 0.229500 
3 	 0.229600 
48 	 0.229700 
49 	 0.230000 
4 	 0.230100 
6 	 0.230100 
8 	 0.230100 
11 	 0.230100 
13 	 0.230100 
14 	 0.230100 
18 	 0.230100 
20 	 0.230100 
21 	 0.230100 
26 	 0.230100 
27 	 0.230100 
28 	 0.230100 
32 	 0.230100 
42 	 0.230100 
43 	 0.230100 
25 	 0.230300 
12 	 0.230500 
5 	 0.230800 
23 	 0.230900 
1 	 0.231100 
17 	 0.231100 
29 	 0.231100 
33 	 0.231100 
35 	 0.231100 
37 	 0.231100 
39 	 0.231100 
40 	 0.231100 
45 	 0.231100 
46 	 0.231100 
48 	 0.231100 
34 	 0.231400 
13 	 0.231900 
0 	 0.232100 
3 	 0.232100 
5 	 0.232100 
6 	 0.232100 
7 	 0.232100 
11 	 0.232100 
16 	 0.232100 
20 	 0.232100 
21 	 0.232100 
27 	 0.232100 
28 	 0.232100 
30 	 0.232100 
31 	 0.232100 
38 	 0.232100 
41 	 0.232100 
43 	 0.232100 
44 	 0.232100 
47 	 0.232100 
49 	 0.232100 
14 	 0.232400 
4 	 0.232600 
42 	 0.232600 
23 	 0.233000 
1 	 0.233100 
2 	 0.233100 
8 	 0.233100 
17 	 0.233100 
24 	 0.233100 
25 	 0.233100 
26 	 0.233100 
29 	 0.233100 
32 	 0.233100 
34 	 0.233100 
37 	 0.233100 
45 	 0.233100 
46 	 0.233100 
48 	 0.233100 
40 	 0.233200 
22 	 0.233300 
27 	 0.233700 
13 	 0.233800 
0 	 0.234100 
5 	 0.234100 
7 	 0.234100 
9 	 0.234100 
11 	 0.234100 
18 	 0.234100 
19 	 0.234100 
20 	 0.234100 
21 	 0.234100 
28 	 0.234100 
30 	 0.234100 
33 	 0.234100 
39 	 0.234100 
41 	 0.234100 
44 	 0.234100 
47 	 0.234100 
49 	 0.234100 
6 	 0.234600 
42 	 0.234600 
14 	 0.234700 
3 	 0.234900 
1 	 0.235100 
4 	 0.235100 
10 	 0.235100 
12 	 0.235100 
22 	 0.235100 
25 	 0.235100 
26 	 0.235100 
29 	 0.235100 
31 	 0.235100 
32 	 0.235100 
35 	 0.235100 
36 	 0.235100 
37 	 0.235100 
40 	 0.235100 
43 	 0.235100 
45 	 0.235100 
23 	 0.235300 
34 	 0.235800 
27 	 0.236000 
47 	 0.236000 
0 	 0.236100 
5 	 0.236100 
6 	 0.236100 
7 	 0.236100 
9 	 0.236100 
14 	 0.236100 
16 	 0.236100 
19 	 0.236100 
21 	 0.236100 
30 	 0.236100 
39 	 0.236100 
46 	 0.236100 
48 	 0.236100 
49 	 0.236100 
1 	 0.237100 
4 	 0.237100 
11 	 0.237100 
12 	 0.237100 
18 	 0.237100 
24 	 0.237100 
25 	 0.237100 
28 	 0.237100 
29 	 0.237100 
32 	 0.237100 
33 	 0.237100 
36 	 0.237100 
45 	 0.237100 
3 	 0.237300 
35 	 0.237300 
17 	 0.237400 
22 	 0.237500 
37 	 0.237700 
23 	 0.237900 
27 	 0.237900 
21 	 0.238000 
48 	 0.238000 
5 	 0.238100 
9 	 0.238100 
19 	 0.238100 
20 	 0.238100 
30 	 0.238100 
40 	 0.238100 
42 	 0.238100 
43 	 0.238100 
14 	 0.238300 
41 	 0.238800 
1 	 0.239000 
0 	 0.239100 
2 	 0.239100 
3 	 0.239100 
4 	 0.239100 
6 	 0.239100 
7 	 0.239100 
10 	 0.239100 
11 	 0.239100 
13 	 0.239100 
22 	 0.239100 
24 	 0.239100 
25 	 0.239100 
28 	 0.239100 
32 	 0.239100 
34 	 0.239100 
35 	 0.239100 
36 	 0.239100 
37 	 0.239100 
44 	 0.239100 
45 	 0.239100 
46 	 0.239100 
49 	 0.239100 
16 	 0.239200 
12 	 0.239300 
17 	 0.239300 
20 	 0.239900 
21 	 0.239900 
23 	 0.239900 
40 	 0.240100 
39 	 0.240200 
5 	 0.240300 
14 	 0.240500 
24 	 0.240900 
6 	 0.241100 
3 	 0.241300 
37 	 0.241600 
11 	 0.241700 
22 	 0.241700 
23 	 0.241700 
42 	 0.241700 
20 	 0.242000 
21 	 0.242100 
25 	 0.242100 
34 	 0.242200 
45 	 0.242500 
48 	 0.242500 
40 	 0.243100 
7 	 0.243200 
12 	 0.243300 
3 	 0.243900 
17 	 0.244000 
24 	 0.244000 
21 	 0.244200 
23 	 0.244400 
19 	 0.244500 
34 	 0.244500 
45 	 0.244500 
5 	 0.244600 
14 	 0.244600 
29 	 0.244600 
39 	 0.244700 
37 	 0.244900 
35 	 0.245200 
4 	 0.245300 
40 	 0.245400 
41 	 0.245500 
42 	 0.245500 
48 	 0.245700 
12 	 0.246000 
7 	 0.246100 
21 	 0.246500 
3 	 0.246600 
25 	 0.246700 
17 	 0.246800 
23 	 0.246800 
22 	 0.247000 
5 	 0.247400 
45 	 0.247500 
14 	 0.247600 
40 	 0.247800 
0 	 0.248100 
6 	 0.248100 
7 	 0.248100 
19 	 0.248100 
20 	 0.248100 
21 	 0.248100 
24 	 0.248100 
25 	 0.248100 
26 	 0.248100 
27 	 0.248100 
29 	 0.248100 
30 	 0.248100 
32 	 0.248100 
33 	 0.248100 
37 	 0.248100 
38 	 0.248100 
39 	 0.248100 
41 	 0.248100 
48 	 0.248100 
13 	 0.248800 
1 	 0.249100 
3 	 0.249100 
8 	 0.249100 
10 	 0.249100 
11 	 0.249100 
40 	 0.249100 
44 	 0.249100 
45 	 0.249100 
46 	 0.249100 
15 	 0.249500 
22 	 0.249700 
43 	 0.249700 
-2 	 -2 
